1000 580
343 343
407 407
407 459
407 30
407 216
407 191
407 176
407 277
407 359
407 322
407 460
407 419
407 193
407 292
407 349
407 249
407 39
407 264
407 420
407 450
407 229
407 432
407 195
407 404
407 33
407 295
407 123
407 401
407 270
72 72
304 328
304 480
55 55
357 357
495 495
495 140
121 199
240 240
240 389
408 199
408 316
408 105
57 54
12 3
93 351
299 299
299 165
303 303
303 390
111 111
71 455
100 423
243 243
243 242
440 440
440 476
457 457
284 284
284 168
168 284
168 148
199 124
199 408
199 199
199 316
199 256
199 105
142 172
116 116
54 112
54 57
54 54
54 361
54 4
54 214
54 275
54 451
54 79
54 125
54 110
54 218
290 290
290 34
323 323
351 93
16 16
148 168
148 148
462 462
459 407
459 459
459 209
180 141
302 302
302 494
30 407
30 30
469 469
492 492
492 454
492 262
423 100
423 96
423 320
423 416
423 261
423 2
423 114
423 400
423 87
423 477
423 263
454 454
250 294
473 473
147 147
132 308
132 271
173 455
330 280
34 290
34 34
34 479
34 380
375 375
375 442
138 455
151 343
151 151
487 487
456 343
386 386
312 312
425 425
425 203
333 333
333 203
203 333
83 83
235 269
235 245
280 330
216 407
216 277
216 249
216 310
216 420
216 432
183 147
183 183
183 104
316 408
316 199
144 147
144 144
144 149
144 266
144 169
144 318
144 344
144 347
144 313
144 369
438 438
394 394
394 101
269 235
269 269
320 320
489 489
363 363
426 426
256 199
416 423
416 2
46 141
46 186
283 283
283 422
283 167
350 350
350 150
455 71
455 173
455 138
455 455
455 431
396 415
396 202
317 317
355 366
415 396
415 105
475 475
262 492
262 262
362 196
325 341
325 135
38 38
105 408
105 199
105 415
105 105
105 309
390 303
390 109
80 80
261 423
261 261
200 268
129 452
246 246
246 339
435 165
435 159
442 375
374 374
374 453
3 12
25 25
422 283
422 497
422 106
402 402
315 52
104 183
104 104
360 360
4 54
4 4
2 423
48 48
48 274
122 122
160 160
497 422
497 497
328 304
106 422
106 196
309 105
309 309
255 255
255 114
114 255
114 114
274 48
274 228
69 69
222 373
99 9
176 407
176 176
176 420
176 179
176 195
230 479
230 139
453 374
453 7
453 41
479 34
479 483
479 486
7 453
220 220
220 177
485 343
485 485
149 144
149 149
277 407
277 216
277 277
277 359
277 349
277 249
277 39
36 36
409 409
409 139
359 407
359 277
359 359
359 249
359 420
359 450
359 33
483 479
101 394
101 101
322 407
322 322
322 295
165 299
165 336
165 435
165 165
18 238
126 126
87 423
460 407
460 460
460 249
431 455
23 23
23 188
188 23
188 188
188 314
188 205
332 481
266 144
266 266
419 407
419 419
419 193
419 264
419 420
193 407
193 193
193 420
193 432
193 195
169 144
60 60
60 167
167 224
167 283
167 60
141 180
141 46
141 494
141 384
339 246
448 334
298 298
474 474
81 494
392 296
56 56
24 253
428 56
428 428
458 279
186 46
186 186
186 494
186 326
192 192
217 217
217 398
389 240
136 47
136 77
385 385
228 48
163 222
477 423
461 222
461 373
373 222
373 461
318 144
341 325
135 325
109 390
214 54
214 184
214 429
214 382
214 244
214 201
19 19
275 54
242 243
242 242
344 144
344 344
344 53
494 302
494 141
494 81
494 186
494 128
349 407
349 277
349 349
349 249
398 217
398 398
446 446
446 20
446 369
271 132
481 332
481 184
370 370
370 92
225 225
47 65
47 77
47 85
41 453
41 41
238 18
249 407
249 216
249 277
249 359
249 460
249 349
249 249
249 432
249 401
137 137
289 289
184 481
380 34
211 211
79 54
297 297
499 499
365 365
196 362
347 144
231 231
177 220
177 177
39 407
39 277
39 193
39 39
39 264
39 420
264 407
264 419
264 193
264 39
264 264
264 420
420 407
420 216
420 176
420 359
420 419
420 193
420 39
420 264
420 420
420 432
420 195
51 51
449 334
449 348
125 54
131 131
450 407
450 216
450 359
450 450
450 33
450 401
175 175
150 350
202 396
202 202
153 153
53 344
172 142
157 157
157 20
157 326
159 435
417 417
239 239
164 164
179 176
313 144
313 313
221 393
32 32
32 314
314 188
314 32
314 472
314 205
334 448
334 449
334 334
20 446
20 157
20 20
281 393
9 75
9 99
9 9
369 144
369 446
369 369
52 315
52 52
27 27
92 92
229 407
229 229
432 407
432 193
432 249
432 420
432 432
432 195
140 495
128 494
128 128
472 314
472 205
480 304
480 251
251 480
182 56
393 221
393 281
354 354
476 440
384 141
185 185
372 372
348 449
195 407
195 176
195 193
195 420
195 432
195 195
340 340
424 424
120 120
65 47
404 407
404 193
404 432
33 407
33 359
33 450
465 465
488 488
295 407
295 322
295 295
123 407
123 123
276 276
82 82
486 479
486 483
382 214
201 214
84 84
205 188
205 314
205 472
205 205
326 186
326 157
326 326
401 407
401 249
401 450
401 401
270 407
77 136
77 47
463 26
207 139
337 337
154 154
26 463
119 119
