1000 2781
111 8
111 455
111 305
111 456
371 371
371 127
371 464
371 374
371 386
398 398
398 266
398 399
398 400
398 104
393 393
393 394
393 272
393 395
393 396
393 102
393 284
393 397
393 463
393 295
393 325
393 464
393 273
393 304
393 326
393 280
393 115
393 372
393 268
393 327
393 285
393 286
393 428
393 429
393 287
393 430
277 407
277 124
277 27
277 28
462 124
462 113
462 284
462 127
462 464
462 304
462 429
462 309
462 312
317 318
317 124
317 333
317 98
317 353
317 358
317 359
317 360
318 317
318 318
318 272
318 124
318 333
318 98
318 343
318 346
318 347
318 348
318 349
318 433
488 488
488 119
488 497
95 5
5 95
5 2
5 96
5 97
5 98
5 20
5 99
5 100
119 488
119 95
119 489
119 490
119 9
119 491
119 492
119 493
119 15
119 494
119 495
119 496
119 497
119 498
119 499
119 500
6 16
283 393
283 101
283 124
283 303
283 273
283 334
283 288
283 106
283 435
283 438
283 439
283 49
489 119
489 489
489 490
112 457
112 458
112 459
112 460
112 461
7 101
7 102
7 103
7 104
7 105
7 106
7 107
7 108
7 109
7 110
120 120
120 9
120 248
120 279
120 106
120 176
101 101
101 391
101 392
319 319
319 321
319 98
319 289
319 230
320 320
320 321
320 98
321 319
321 320
321 98
389 100
121 121
121 9
121 147
8 111
8 112
8 113
8 114
8 115
8 116
8 117
8 27
8 118
490 119
490 489
490 490
490 406
490 491
490 141
122 122
122 9
122 123
9 119
9 120
9 121
9 122
9 123
9 2
9 124
9 125
9 126
9 127
9 128
9 129
9 130
9 131
9 132
9 133
9 134
9 135
9 136
9 137
9 138
9 139
9 140
9 141
9 142
9 143
9 144
9 145
9 146
9 147
9 148
9 149
9 150
9 151
9 152
9 108
9 153
9 154
9 155
9 156
9 157
9 158
9 159
9 160
9 161
9 162
9 163
9 164
9 165
9 166
9 167
9 168
9 169
9 170
9 171
9 172
9 173
9 174
9 175
9 176
9 177
9 178
9 179
9 180
9 181
9 182
9 183
9 184
9 185
9 186
9 187
9 188
9 189
9 190
9 191
9 192
9 193
9 194
9 195
9 100
9 196
9 197
9 198
9 199
9 200
9 201
9 202
9 203
9 204
9 205
9 206
9 207
9 208
9 209
9 210
9 211
9 212
9 213
9 214
9 215
9 216
9 217
9 218
9 219
9 220
9 221
9 222
9 223
9 224
9 225
9 226
9 227
9 228
9 229
9 230
9 231
9 232
9 233
9 234
9 235
9 236
9 237
9 238
9 239
9 240
9 241
9 242
9 243
9 244
9 245
9 246
9 247
123 122
123 9
123 123
248 120
248 10
248 23
248 208
10 248
10 249
10 250
10 2
10 251
10 252
10 253
10 254
10 255
10 256
10 257
10 258
10 259
10 260
10 261
10 262
10 51
10 53
10 263
10 264
11 249
11 2
11 255
11 259
11 261
404 405
404 407
404 408
404 409
404 476
404 410
404 316
404 412
404 105
404 418
404 419
404 420
404 423
298 299
298 328
298 307
298 311
405 404
405 406
405 408
405 409
405 105
405 418
405 419
406 490
406 405
406 406
406 463
406 285
406 105
406 418
406 419
12 10
12 12
12 2
12 32
12 36
12 43
12 47
12 265
12 50
12 51
12 65
12 74
12 76
12 77
12 78
12 79
322 124
322 97
322 98
322 422
444 146
444 447
444 108
444 448
444 449
445 444
445 146
445 447
445 108
399 398
399 399
399 400
399 104
399 146
399 401
399 402
249 10
249 11
249 299
249 250
249 254
491 119
491 490
491 299
491 491
491 307
394 393
394 394
394 396
394 475
250 10
250 249
250 254
492 119
13 266
13 13
13 2
13 14
2 5
2 6
2 7
2 8
2 9
2 10
2 11
2 12
2 13
2 14
2 15
2 16
2 17
2 18
2 19
2 3
2 20
2 21
2 22
2 23
2 24
2 25
2 26
2 27
2 28
2 29
2 30
2 31
2 32
2 33
2 34
2 35
2 36
2 4
2 37
2 38
2 39
2 40
2 41
2 42
2 43
2 44
2 45
2 46
2 1
2 47
2 48
2 49
2 50
2 51
2 52
2 53
2 54
2 55
2 56
2 57
2 58
2 59
2 60
2 61
2 62
2 63
2 64
2 65
2 66
2 67
2 68
2 69
2 70
2 71
2 72
2 73
2 74
2 75
2 76
2 77
2 78
2 79
2 80
2 81
2 82
2 83
2 84
2 85
2 86
2 87
2 88
2 89
2 90
2 91
2 92
2 93
2 94
14 13
14 2
407 277
407 404
407 407
407 408
407 409
407 412
407 105
407 418
407 419
407 424
493 124
493 316
408 404
408 405
408 407
408 409
408 316
408 105
408 419
408 423
408 424
300 300
300 97
300 392
300 315
301 111
301 301
301 97
301 142
301 362
301 224
302 111
302 113
302 127
302 97
302 293
302 114
302 276
302 375
302 313
272 393
272 318
272 272
272 496
272 20
395 393
395 395
395 102
396 393
124 277
124 462
124 317
124 318
124 283
124 9
124 322
124 493
124 426
124 113
124 324
124 427
124 446
124 278
124 292
124 251
124 273
124 329
124 276
124 465
124 466
124 330
124 331
124 333
124 334
124 431
124 432
124 312
124 335
124 98
124 337
124 338
124 339
124 313
124 340
124 341
124 342
124 343
124 344
124 345
124 346
124 347
124 348
124 349
124 433
124 350
124 288
124 415
124 353
124 354
124 355
124 434
124 417
124 29
124 435
124 357
124 358
124 359
124 360
124 468
124 469
124 470
124 475
124 436
124 197
124 471
124 472
124 440
96 5
96 96
96 113
96 291
96 292
96 293
96 294
96 295
96 296
96 297
96 160
102 393
102 7
102 394
102 395
102 396
102 397
15 119
15 2
15 267
15 268
15 135
15 141
15 269
15 21
15 23
15 30
15 270
15 173
15 174
15 176
15 185
15 190
15 234
494 119
494 494
426 124
426 426
426 427
426 433
426 106
495 119
303 283
303 299
303 303
303 455
303 461
303 133
496 272
497 119
497 496
497 497
125 9
125 125
498 393
498 119
498 491
498 496
498 498
126 126
126 473
500 119
113 462
113 8
113 124
113 113
113 463
113 464
113 465
113 466
113 467
113 468
113 469
113 470
113 471
113 472
324 124
324 98
324 348
427 124
427 426
427 273
427 329
427 343
427 433
427 106
427 435
271 271
455 112
455 303
455 456
455 334
457 112
457 457
457 458
284 393
284 462
284 284
284 49
397 393
397 102
397 397
127 371
127 462
127 302
127 127
127 373
127 374
127 310
127 375
127 376
127 377
127 378
127 379
127 99
127 380
127 381
127 382
127 383
127 384
127 385
127 386
127 387
127 388
463 393
463 406
463 113
463 429
463 315
463 161
291 96
291 291
291 142
291 161
409 443
409 404
409 405
409 407
409 408
409 409
409 316
409 105
409 418
409 419
409 423
409 424
128 9
128 323
97 111
97 5
97 298
97 299
97 300
97 301
97 302
97 303
97 97
97 293
97 114
97 304
97 276
97 305
97 306
97 117
97 307
97 308
97 309
97 310
97 311
97 312
97 313
97 314
97 315
97 316
446 124
446 446
446 292
446 295
446 108
278 7
278 124
278 278
278 31
292 124
292 96
292 446
292 276
292 151
251 10
251 124
251 96
293 302
293 97
293 114
293 466
293 117
114 113
114 455
114 97
114 293
114 466
114 467
114 116
114 473
114 447
114 197
458 112
458 457
458 458
458 456
294 276
294 117
294 137
295 393
295 96
295 295
295 151
325 393
325 325
325 98
325 341
325 342
464 371
464 393
464 272
464 113
464 372
464 276
464 465
464 466
464 374
464 312
464 479
464 386
273 393
273 283
273 124
273 427
273 309
273 335
273 315
273 20
273 470
304 393
304 462
304 97
304 312
304 344
326 393
326 455
326 307
280 393
115 393
115 443
115 8
372 393
372 271
372 464
372 372
372 276
268 393
268 15
268 268
327 393
327 430
327 333
327 98
285 393
285 406
285 377
285 49
286 393
286 112
286 286
286 49
428 393
428 126
428 327
428 430
428 329
428 106
429 393
429 462
429 463
429 430
429 106
287 393
430 393
430 327
430 429
430 106
430 297
430 439
328 298
328 299
328 307
328 133
328 308
328 311
328 98
328 270
441 107
441 195
329 124
329 427
329 329
329 466
329 431
329 98
329 436
329 440
373 127
373 377
373 99
276 302
276 124
276 97
276 292
276 294
276 464
276 372
276 276
276 465
276 466
276 21
465 124
465 113
465 251
465 294
465 464
465 276
465 391
465 313
465 170
465 468
465 469
465 470
465 194
465 197
465 471
465 472
465 209
466 8
466 124
466 113
466 127
466 293
466 114
466 464
466 372
466 329
466 276
466 117
466 309
466 374
466 310
466 312
129 271
129 308
129 23
129 297
129 109
129 255
467 113
467 114
467 467
305 8
305 299
459 112
459 459
116 8
116 116
130 9
460 112
460 266
461 303
461 457
461 305
461 461
400 398
400 399
400 400
400 104
400 146
17 2
17 27
17 28
131 305
131 131
306 97
306 306
117 113
117 97
117 293
117 294
117 467
117 137
117 296
117 313
117 151
117 474
117 475
132 9
132 103
391 101
391 465
391 148
392 101
392 300
392 148
330 124
330 98
330 338
330 339
331 124
331 325
331 98
331 339
331 349
331 354
331 355
307 298
307 299
307 328
307 336
133 112
133 9
133 298
133 299
133 303
133 457
133 328
133 459
133 116
133 307
133 133
133 311
133 206
134 9
134 228
308 299
308 97
308 328
308 129
308 308
308 311
135 9
135 15
135 135
309 462
309 271
309 97
309 273
309 466
309 310
309 312
309 255
476 8
476 404
476 302
476 114
476 307
476 310
476 478
476 29
476 479
476 482
476 118
476 483
476 485
374 371
374 127
374 464
374 466
374 374
374 99
374 383
310 127
310 97
310 466
310 309
310 476
375 302
375 127
332 332
332 138
456 111
456 8
456 455
456 458
18 2
18 271
18 26
18 27
18 28
376 127
376 99
252 10
253 10
311 298
311 299
311 97
311 328
311 307
311 133
311 308
410 404
410 138
410 105
333 317
333 318
333 124
333 327
333 332
333 333
333 334
333 98
333 343
333 345
333 348
334 283
334 124
334 455
334 332
334 333
334 335
334 98
334 348
431 124
431 329
431 431
431 343
431 106
431 436
432 124
432 113
432 329
432 433
432 106
432 436
137 9
137 96
137 294
137 117
137 296
137 151
137 451
137 281
312 124
312 127
312 97
312 464
312 304
312 466
312 309
312 312
335 124
335 271
335 273
335 334
335 337
335 342
335 345
335 353
335 358
335 359
335 360
336 307
336 336
336 98
336 315
336 144
336 361
336 182
336 362
138 332
138 410
138 37
139 139
98 317
98 318
98 5
98 319
98 320
98 321
98 299
98 322
98 124
98 323
98 324
98 325
98 326
98 327
98 328
98 329
98 330
98 331
98 332
98 333
98 334
98 335
98 336
98 98
98 337
98 338
98 339
98 340
98 341
98 342
98 343
98 344
98 345
98 346
98 347
98 348
98 349
98 350
98 351
98 352
98 353
98 354
98 355
98 356
98 357
98 358
98 359
98 360
98 361
98 362
98 363
98 364
98 365
98 366
98 367
98 368
98 369
98 370
19 2
19 19
19 23
19 153
140 9
296 96
296 293
296 117
296 137
296 270
377 127
377 285
377 373
377 99
141 15
141 455
337 124
337 335
337 98
337 342
337 345
337 353
338 124
338 330
338 98
338 345
338 347
338 348
338 349
338 353
338 354
338 355
338 357
338 358
338 359
338 360
142 301
142 291
142 142
142 351
142 364
142 366
142 368
339 124
339 330
339 331
339 98
339 341
339 342
313 8
313 302
313 124
313 97
313 293
313 465
313 117
313 196
314 97
314 314
315 300
315 463
315 97
315 273
315 336
315 315
315 144
315 161
315 270
315 366
316 7
316 404
316 493
316 408
316 271
316 409
316 97
316 419
143 9
143 97
143 476
143 143
143 390
143 477
143 478
143 479
143 480
143 481
143 482
143 118
143 483
143 290
143 484
143 485
143 486
143 487
144 9
144 300
144 97
144 273
144 306
144 336
144 142
144 315
144 144
144 356
144 161
144 270
144 422
144 362
144 363
144 453
144 454
144 367
144 224
144 369
144 370
144 110
145 9
145 97
145 474
145 442
340 124
340 98
340 341
340 342
340 347
340 355
340 359
341 124
341 325
341 98
341 339
341 340
341 341
341 344
342 124
342 325
342 331
342 335
342 98
342 337
342 339
342 340
342 345
342 348
342 353
342 354
342 162
342 358
342 359
343 318
343 124
343 427
343 333
343 431
343 98
343 433
343 435
343 358
343 440
344 124
344 304
344 98
344 344
345 124
345 333
345 335
345 98
345 337
345 338
345 353
345 354
345 357
345 358
345 359
345 360
346 124
346 98
347 318
347 124
347 98
347 338
347 348
347 353
347 357
347 358
348 124
348 324
348 333
348 334
348 98
348 338
348 342
349 318
349 124
349 331
349 98
349 338
349 340
349 347
349 353
349 357
349 358
433 318
433 124
433 426
433 427
433 432
433 343
433 106
433 436
279 120
279 31
378 127
378 378
378 99
269 15
269 269
274 274
274 20
274 275
350 124
288 283
288 124
288 49
351 142
351 351
351 352
351 356
351 161
351 364
351 370
254 10
254 249
254 250
412 404
412 407
412 415
412 105
412 419
412 423
413 407
413 408
413 409
413 316
413 105
413 418
413 419
413 420
413 424
3 2
3 1
3 50
3 51
3 71
20 6
20 7
20 2
20 272
20 273
20 117
20 274
20 20
20 275
104 398
104 399
104 400
104 104
104 146
104 401
104 402
104 403
146 398
146 443
146 444
146 445
146 399
146 400
146 104
146 146
146 401
146 447
146 107
146 108
146 448
146 449
146 402
146 403
146 450
21 2
21 15
21 276
21 27
21 37
147 121
147 9
147 147
148 101
148 9
148 458
148 391
148 392
148 136
148 148
148 150
148 180
148 196
148 197
148 209
22 2
23 111
23 2
23 15
23 129
23 19
23 23
352 98
352 351
352 368
149 9
149 149
150 9
150 299
150 148
24 2
414 421
415 124
415 412
415 105
151 9
151 292
151 295
151 117
151 137
151 151
151 107
151 179
151 212
151 222
401 399
401 104
401 146
401 401
401 402
152 9
26 2
26 18
26 27
26 28
26 53
416 105
416 353
416 354
416 418
416 419
416 421
27 277
27 8
27 2
27 17
27 18
27 26
27 27
27 28
27 47
27 73
27 89
27 92
105 7
105 404
105 405
105 406
105 407
105 408
105 409
105 410
105 411
105 412
105 413
105 414
105 415
105 416
105 105
105 417
105 418
105 419
105 420
105 421
105 422
105 423
105 424
105 425
473 302
473 126
473 114
473 473
28 277
28 2
28 17
28 18
28 26
28 27
28 28
28 89
28 92
390 143
390 477
390 100
390 484
477 476
477 390
477 477
477 478
477 479
477 480
477 482
477 118
477 484
477 485
478 476
478 143
478 477
478 479
478 481
478 482
478 118
478 483
478 485
353 317
353 124
353 335
353 98
353 337
353 338
353 342
353 345
353 347
353 349
353 416
353 353
353 354
353 355
353 357
353 358
353 360
353 247
354 124
354 331
354 307
354 98
354 338
354 342
354 345
354 416
354 353
354 354
354 355
354 357
354 359
354 247
355 124
355 331
355 98
355 338
355 340
355 347
355 353
355 354
355 355
355 357
106 283
106 120
106 426
106 427
106 428
106 429
106 430
106 431
106 432
106 433
106 106
106 434
106 435
106 436
106 437
106 438
106 439
106 440
434 124
434 106
447 444
447 445
447 114
447 146
447 108
447 448
447 449
447 450
107 7
107 441
107 146
107 151
107 442
108 443
108 9
108 444
108 445
108 446
108 146
108 447
108 448
108 449
108 450
448 444
448 146
448 447
448 108
449 447
449 108
402 399
402 401
403 104
403 146
450 455
450 114
450 146
450 447
450 108
153 19
154 9
154 154
417 124
417 105
417 417
29 2
29 124
29 42
435 283
435 124
435 427
435 278
435 343
435 106
435 440
30 2
30 15
30 30
155 155
156 9
156 205
157 9
418 404
418 405
418 406
418 407
418 409
418 413
418 105
418 419
418 424
419 404
419 405
419 406
419 407
419 408
419 409
419 316
419 412
419 413
419 416
419 105
419 418
419 420
419 423
419 424
419 425
275 274
275 20
275 275
31 2
31 278
31 279
31 31
31 52
297 493
297 96
297 430
297 129
297 297
297 438
297 439
158 303
158 158
159 9
159 159
474 7
474 117
474 145
474 474
99 371
99 127
99 372
99 373
99 374
99 375
99 376
99 377
99 378
99 379
99 380
99 381
99 382
99 383
99 384
99 385
99 386
99 387
99 388
32 12
32 2
32 32
32 50
32 54
356 351
356 356
160 96
160 160
161 298
161 463
161 291
161 315
161 144
161 351
161 161
161 162
161 270
161 453
161 454
161 369
161 370
33 5
33 2
33 48
33 52
162 9
162 161
162 162
357 124
357 98
357 338
357 345
357 347
357 349
357 353
357 354
357 355
357 357
357 358
358 317
358 124
358 335
358 98
358 338
358 342
358 343
358 345
358 346
358 347
358 349
358 353
358 354
358 355
358 357
358 358
358 367
270 96
270 15
270 328
270 296
270 315
270 144
270 161
359 317
359 124
359 335
359 98
359 338
360 317
360 124
360 335
360 98
360 338
360 345
360 353
163 9
164 9
164 164
164 187
420 443
420 404
420 413
420 105
420 419
420 420
420 424
361 336
361 98
361 361
361 365
165 9
165 167
166 9
166 394
166 136
166 166
167 9
167 165
167 167
34 2
451 266
451 137
451 451
451 109
109 451
109 109
169 63
170 9
170 465
170 468
170 469
170 470
170 194
170 197
170 471
170 472
468 124
468 113
468 465
468 170
468 469
468 470
468 197
468 471
380 127
380 99
171 7
171 204
172 9
172 172
172 173
173 9
173 172
174 272
174 15
174 174
469 124
469 113
469 465
469 170
469 468
469 469
469 194
469 197
469 472
470 124
470 113
470 273
470 465
470 170
470 468
175 175
176 120
176 9
176 15
176 176
176 214
176 223
177 9
177 177
178 9
255 10
255 11
255 129
255 309
255 255
479 464
479 476
479 143
479 477
479 478
479 481
479 118
479 483
479 484
479 486
479 487
480 143
480 477
480 484
35 2
35 36
35 47
35 50
35 54
35 72
35 76
35 78
381 127
381 375
381 99
381 381
179 9
179 305
179 151
179 179
475 394
475 303
475 455
475 475
180 9
180 136
180 148
180 226
442 145
442 107
442 442
181 9
182 9
182 336
36 2
36 3
36 47
36 55
36 56
36 58
36 60
36 61
36 66
36 72
36 74
36 76
36 78
36 80
382 127
382 99
382 382
383 127
383 374
383 99
183 9
183 183
436 124
436 113
436 329
436 431
436 433
436 106
4 2
4 1
184 9
184 200
481 143
481 477
481 478
481 479
481 482
481 118
481 483
482 476
482 143
482 477
482 478
482 481
482 118
118 8
118 476
118 143
118 477
118 478
118 479
118 480
118 481
118 482
118 483
118 484
118 485
118 486
118 487
452 110
483 143
483 478
483 479
483 481
483 118
483 487
384 127
384 379
384 99
423 404
423 408
423 409
423 412
423 105
423 419
423 423
423 424
385 127
385 385
385 388
386 371
386 127
386 464
386 99
386 386
387 127
387 99
388 127
388 99
388 385
388 388
37 2
37 138
37 21
37 185
363 98
363 144
363 363
38 2
38 38
38 45
185 9
185 15
185 37
185 234
186 9
39 2
39 169
256 10
256 256
256 438
256 439
256 265
187 9
187 164
188 188
40 2
40 280
189 9
189 189
189 230
189 231
190 9
190 299
190 15
41 7
41 2
41 281
41 47
41 52
41 282
41 56
41 60
41 76
41 77
41 78
41 86
41 88
42 2
42 29
257 10
257 258
257 260
191 9
191 191
258 10
258 257
258 260
259 10
259 11
259 260
259 261
259 263
453 144
453 161
453 453
453 110
454 144
454 161
454 224
454 110
260 10
260 257
260 258
260 259
260 260
260 261
260 262
260 263
260 264
192 9
192 192
43 12
43 2
43 47
43 59
43 74
43 77
43 78
43 79
43 84
364 98
364 142
364 351
194 9
194 465
194 170
194 469
194 385
194 472
281 137
281 52
424 407
424 408
424 409
424 105
424 418
424 419
424 420
424 423
195 441
100 5
100 389
100 9
100 390
261 10
261 11
261 259
261 260
261 263
261 264
44 2
196 9
196 136
196 313
196 148
197 124
197 114
197 465
197 170
197 468
197 469
471 124
471 113
471 170
471 468
198 198
200 184
472 124
472 465
472 170
472 469
472 197
45 2
45 38
201 394
365 6
365 98
437 106
202 7
438 283
438 106
438 297
438 256
438 438
438 439
439 283
439 430
439 106
439 297
439 256
439 438
439 439
203 9
203 203
290 143
290 478
290 484
290 485
290 83
1 2
1 3
1 4
204 9
204 171
366 142
366 315
366 366
47 2
47 27
47 35
47 36
47 41
47 53
47 54
47 59
47 60
47 65
47 66
47 76
47 77
47 82
47 85
47 86
47 87
47 90
206 9
206 133
206 480
206 206
207 9
208 9
208 248
48 2
48 27
48 33
209 9
209 465
209 136
209 148
209 170
209 209
265 12
265 256
484 476
484 143
484 390
484 477
484 480
484 118
484 290
484 485
484 486
49 283
49 2
49 284
49 285
49 286
49 287
49 288
485 476
485 143
485 477
485 478
485 118
485 290
485 484
485 485
50 2
50 3
50 35
50 50
50 51
50 60
50 71
262 11
210 9
210 136
211 9
211 125
212 9
212 151
367 144
367 358
367 367
213 9
51 50
51 51
51 84
52 2
52 31
52 33
52 41
52 281
282 41
214 9
214 176
214 214
214 223
215 9
53 10
53 2
53 27
53 47
53 54
53 59
53 60
53 77
53 80
53 84
53 85
53 86
216 9
216 216
217 9
368 98
368 142
368 352
368 368
218 218
54 2
54 32
54 51
54 53
54 72
54 82
54 83
54 94
55 2
55 36
55 62
55 65
55 66
55 87
56 2
56 36
56 58
56 60
57 2
58 60
220 9
221 9
440 124
440 329
440 343
440 106
440 435
222 9
222 151
223 176
223 214
224 9
224 301
224 142
224 144
224 161
224 454
225 9
225 225
369 98
369 142
369 144
369 351
369 161
369 369
369 370
370 98
370 144
370 351
370 161
370 369
370 370
226 9
226 180
226 226
227 9
228 134
59 2
59 53
59 56
59 74
59 77
59 78
229 9
229 229
230 9
230 189
230 289
231 9
232 9
232 247
110 7
110 144
110 452
110 453
110 454
263 10
263 11
263 259
263 260
263 261
263 263
264 10
264 260
264 261
60 2
60 36
60 41
60 47
60 50
60 53
60 56
60 58
61 2
61 36
61 58
233 9
233 136
62 2
62 66
62 84
62 87
63 2
63 169
234 9
234 15
234 185
64 2
65 12
65 2
65 47
65 55
65 62
65 75
65 86
65 87
66 2
66 36
66 47
66 55
66 62
66 87
67 2
67 289
235 9
235 235
68 2
236 9
237 9
238 9
69 2
239 9
239 239
239 240
70 2
70 4
240 9
240 239
486 143
486 478
486 479
486 118
486 483
486 484
71 2
71 3
71 50
71 51
71 54
71 71
71 72
71 83
71 84
72 2
72 36
72 47
72 50
72 54
72 71
72 76
72 78
72 80
73 2
73 27
73 89
74 12
74 2
74 36
74 43
74 47
74 53
74 54
74 56
74 59
74 76
74 77
74 78
74 79
74 80
74 84
74 87
75 2
75 65
241 9
242 9
243 9
243 160
244 9
245 9
246 9
76 12
76 2
76 36
76 41
76 43
76 47
76 72
76 74
76 77
76 84
77 12
77 2
77 41
77 43
77 47
77 53
77 59
77 74
77 76
77 78
77 88
78 12
78 2
78 36
78 41
78 43
78 47
78 59
78 72
78 74
78 77
78 79
79 12
79 2
79 43
79 74
79 78
79 84
80 2
80 36
80 72
80 80
81 2
81 81
83 2
83 290
83 47
83 54
83 71
84 2
84 43
84 1
84 47
84 51
84 53
84 59
84 62
84 71
84 74
84 76
84 84
85 2
86 2
86 41
86 47
86 65
86 85
87 2
87 47
87 55
87 62
87 65
87 66
87 74
88 2
88 41
88 77
88 78
88 88
89 2
89 27
89 28
89 73
89 92
90 2
90 47
92 2
92 27
92 28
92 33
92 47
92 53
92 70
92 73
92 89
92 91
93 2
94 2
94 54
487 143
487 479
487 483
487 486
247 9
247 247
