2714 268
1250 2146
7664 2252
8255 2197
2270 2270
6578 2049
222 2267
8526 2223
2194 2194
9876 2037
2815 2085
6634 2273
5643 2275
930 2282
5210 2147
1691 2095
448 2164
8170 2213
9437 2334
2129 2129
9711 2341
2393 2393
2214 2214
2050 2050
6092 2324
681 2278
3171 2350
1267 2308
3854 2269
7539 2215
1837 2280
2729 2255
1818 2093
3851 1152
1038 2281
9208 2224
8168 2248
8622 2088
4101 2219
4545 2268
2461 2109
6852 2279
4670 2386
8607 2044
4742 2242
9759 2353
6708 2239
5223 2148
2395 2237
2185 2185
2225 2225
5211 2409
2378 2378
8115 2144
9092 2258
5583 2388
2206 2206
4651 2384
1698 2311
2822 2094
8299 2173
5323 2029
4675 2116
8297 2339
3226 2240
8173 433
3145 2234
7479 2321
5770 2243
2195 2195
6090 2079
6606 2149
9189 2096
8328 2040
1151 2229
8429 2276
7752 2389
3336 2179
2323 2323
4638 2114
314 2089
2352 2352
8054 2122
3943 2099
3687 2394
5293 2216
4369 2217
996 2401
5848 2119
336 2329
9588 2356
8706 2277
2295 2295
2338 2338
9807 2315
9933 2051
3095 2390
6263 2261
1249 2245
2544 2405
2166 2166
2230 2176
2113 2113
2961 2283
2027 2027
4673 2272
1885 2392
376 2340
4939 2030
9195 2222
1743 2271
7521 2043
2828 2416
5267 2052
5676 2250
1091 434
2059 2059
5547 1843
8358 2189
951 318
2741 2331
8036 2297
1850 1850
1747 2134
7047 2346
9318 2208
9419 2101
7911 2344
1288 2198
5532 2314
6621 2143
2228 2228
5458 2408
5771 2348
4831 2316
9367 2226
549 2227
7246 2084
5170 2274
6504 2238
6187 2073
5971 2061
828 2106
2203 2203
6858 2191
2952 2060
9810 1907
9595 2056
5191 2039
3933 3793
4504 1726
3947 5439
9733 2257
2375 2249
3790 2068
8883 2218
6352 2034
2118 2118
287 2058
5103 2317
4321 1730
4393 2299
8241 2376
8282 2160
9394 2292
4074 3774
2413 2413
834 2247
5282 5441
9016 2400
7640 2163
1312 464
3898 2313
2548 5433
2100 2100
3380 5366
8918 2192
9663 2141
2333 2333
2528 2404
2073 2232
1588 2419
4861 2357
6983 2187
322 2127
4433 2251
4790 2387
3875 5404
7892 2301
5437 5437
4326 5435
697 2120
8486 4399
7949 2310
5264 4352
5460 2319
1590 5281
2566 2107
6866 2128
7749 2403
9860 2289
608 2117
3248 2426
1971 1845
3716 2318
2043 2362
6400 2342
2250 2294
3889 2244
5673 2150
9825 2103
993 2414
3999 2046
2231 2231
2069 2069
5388 2207
9737 3704
8283 2293
5301 5301
4114 2320
9021 2336
4628 1731
7054 2423
2924 5495
6112 2256
1849 220
7342 2108
7904 2434
539 2421
825 5401
4750 2175
6127 2102
3041 2041
583 583
1439 2407
5367 5367
2468 5282
2432 2432
8959 3667
7907 2398
1412 4273
2155 244
5286 2045
7007 2374
68 2351
7058 2396
2309 2309
6741 5523
2146 4800
2024 5493
4107 2300
5988 5456
2246 2246
233 1904
2142 2142
8076 2055
4142 2139
837 4481
7021 5427
3309 2263
7592 2209
585 5305
8758 2425
137 2406
2436 2436
6648 2177
1030 2312
3429 5383
9013 5524
6009 5306
7816 5529
5438 5438
6560 4480
9086 1728
8345 585
6520 2286
6562 2125
9005 2422
6872 2230
9744 2133
2259 2259
3127 2385
6785 5440
7547 1906
2254 2254
9661 5464
7361 5280
7406 2360
4165 5763
791 3551
5410 5410
7229 2361
3924 3891
2939 5461
8747 2172
2366 2366
8863 2402
9821 2121
1426 2138
1572 216
6066 3669
5449 5449
2680 2111
9312 3705
4769 1772
1843 5287
7820 2097
4189 759
5288 5288
8931 5436
5724 1775
9510 2304
6027 2365
5137 2070
8624 2379
2367 2367
4731 2349
3240 2154
1762 1762
7975 5264
6465 1766
8631 5443
2794 1920
2537 2285
7846 2291
2632 2188
1725 5766
7163 4153
4515 3557
3991 1709
3748 2033
8894 4315
75 254
7387 2035
6859 5494
6602 2165
4476 5397
4093 5531
492 2115
8470 2064
884 2287
5043 5467
2592 5428
6486 2221
1005 2186
58 2391
5405 5405
3845 4001
9022 2347
161 2260
7666 4590
4835 5425
7785 1857
7845 3682
4543 2071
811 5434
2058 1806
4571 5445
3338 6080
1807 2383
6997 2083
2132 2132
2197 5364
3237 2370
8782 5263
1731 5651
6545 4474
1285 5385
1246 3556
4341 2162
5142 2196
5158 2057
5447 2140
7886 2174
2420 2363
1817 1817
8930 7599
6503 2067
9674 5530
5616 5616
4181 2098
518 1706
9920 2343
8599 1729
1857 2151
3242 28
781 2158
1908 1908
348 1747
7634 1552
9033 1774
2372 2372
2746 2371
4682 579
5686 1801
3963 3582
6395 5452
7900 3671
2368 3673
7756 5680
1864 2335
6959 1773
7423 3796
2376 6077
7285 2435
1990 2136
5477 5477
7196 3661
6121 1732
9098 288
737 2284
8010 5400
2303 2303
6614 5368
5302 5302
7739 6142
9174 1901
741 1724
2135 2135
3117 3574
6233 2105
3386 5628
2516 1876
429 2364
51 5272
425 5466
7080 413
8254 5539
2649 5969
4370 2167
1733 1733
4292 3688
4679 5961
8113 3670
2099 2397
9950 4345
6055 2337
2306 2306
893 2123
407 4131
7219 3674
8218 2375
899 2168
2410 2410
9329 355
3346 7923
8594 5941
6911 3684
5812 5327
7392 3980
4822 1695
8447 5284
1806 812
3750 3750
7871 4579
3672 3672
6244 2235
3972 2266
6268 7478
7141 3680
4240 4449
2298 2298
5552 5552
5660 4310
8211 5679
8018 4353
1627 675
2220 2220
1408 2028
5006 2332
5418 5417
3783 4305
6102 2345
4600 5398
4212 2305
5171 5375
869 575
1321 2090
1411 5526
9425 2036
7467 1912
445 1767
6134 4133
7731 5710
353 814
4066 2053
2229 1915
7206 4319
8609 5518
8320 2212
1904 3979
8862 5444
3789 7463
2063 2063
6286 5891
8739 5542
5527 5527
4823 2086
10 3577
6877 5422
9234 4312
9675 2181
2505 3666
4929 5935
5443 4414
2996 3351
6909 5376
7501 2199
482 5496
5465 5465
128 5402
6310 4328
8998 5501
3659 5490
2813 5371
185 2395
669 2190
499 5942
5739 2264
1373 5925
680 4942
9574 6268
1395 2330
2000 3751
1387 2415
5549 5549
5974 5974
6079 6079
6912 5880
7508 4166
992 1791
9180 8074
5759 5759
7475 5482
8901 2137
3724 5670
8715 5476
8 3991
2169 3646
3811 5304
9772 1786
6770 2233
2247 5481
7690 2081
8387 580
8296 7024
5710 2200
3951 4516
6040 4134
4997 5395
8762 5497
8313 2201
7089 3537
8043 5470
729 5308
5734 1707
1903 1903
2819 8085
4419 5543
2091 2091
1832 1146
5040 5478
3179 5426
4231 2211
7596 7596
6312 2038
7524 7524
5981 3659
6620 6620
1258 1743
2775 2145
5769 9023
2325 2325
9322 4136
5374 5374
1916 1896
7700 4666
4301 5458
4999 8043
9511 3373
5725 5725
5617 7597
2431 2431
5535 5535
5895 1736
2359 2359
163 495
8632 1831
56 5283
9328 4320
5488 957
8902 3668
1552 5330
3331 7928
8552 4311
5472 5472
2832 3660
1911 1911
5807 5492
6359 5767
6716 5442
7825 2433
5605 6078
6549 2042
8124 4337
2008 5791
2158 4132
8306 2152
8496 5534
2831 5469
9858 5276
1479 1913
7343 1760
4803 5683
29 2236
8049 3694
7605 2110
4911 1821
3686 3686
8224 4002
8287 3169
2233 3987
5822 4573
8984 5381
1573 1744
4227 4483
3352 578
2530 5707
3411 2048
3303 5714
2189 3627
7069 4129
7993 3687
2483 4338
9995 251
4459 4155
4290 2161
6511 5475
6283 2241
4563 1702
2154 438
9490 4609
3467 1918
4851 2326
4037 1781
3627 5540
1713 2087
9305 2288
5965 2054
6581 2290
2242 2169
2092 2092
677 5463
2307 2307
2103 5541
2074 2074
268 2328
9165 2104
6853 2518
9275 5471
1853 2355
653 2077
1427 2381
2077 2078
2381 2380
5836 6571
4141 4335
5550 5550
478 2157
7323 2082
1086 1909
9696 2153
4492 1852
8501 446
4461 2377
8455 7037
1136 2253
2170 2170
6435 4437
7166 2080
497 5431
226 2182
2779 2066
2075 2075
1845 2065
8659 2026
241 2031
1206 2171
2202 2327
4956 2047
6396 2430
1787 2428
1452 2427
750 2417
4082 2412
699 2411
5088 2373
4230 2369
2186 2180
2412 2184
3486 2358
4218 2202
3893 2322
2028 1895
9039 9039
4847 5003
9088 5669
6669 7600
2970 4038
1574 1864
9849 8036
5659 6063
9622 3550
793 5406
7401 3685
1199 5768
435 4680
4039 1697
8817 8093
865 5544
5097 5878
4317 4317
1934 5678
208 5681
5789 4408
4208 3678
2883 5363
6277 6277
3784 5396
720 4461
7901 5313
2614 6294
9983 7469
7131 4326
835 1899
9325 7480
9231 4979
7773 5646
3696 5537
94 3555
2590 3775
1579 7067
331 331
1679 5765
2749 5267
7675 4045
2829 4130
7056 5291
3662 3662
3477 1719
9829 1891
7953 4340
1761 1761
1924 209
153 5932
9244 6129
3281 803
2608 5298
1611 1803
4946 5299
7570 6240
7223 1782
5711 5711
33 5324
6249 4656
1307 7229
3986 3986
8259 5455
1736 5895
6656 1885
3427 5723
7185 1884
4468 3664
3011 6076
7916 6922
4644 5415
6059 6059
9814 784
5536 5536
7307 4684
1921 1921
3107 3679
8652 8049
3474 4173
3153 5647
9370 6111
2115 5378
5933 1763
9047 5351
404 8084
7395 8037
8006 1708
3683 4318
4707 1756
8280 576
8728 3681
1543 6243
4507 419
6485 6665
4643 5754
5091 3689
7091 3683
7124 7124
9100 1771
5943 5943
8269 4941
206 8038
6380 5265
3685 1815
3544 8048
991 6112
6764 1705
4268 4172
940 1892
112 6379
3267 5654
7709 5473
8717 6075
6519 5348
7663 3693
9187 7526
27 5403
5644 5644
4963 5652
2201 5712
7346 5285
6292 4309
1909 7054
711 6595
3178 7777
369 5331
9241 6596
8969 3776
8386 5462
6958 528
454 757
4792 5685
469 4981
1869 6605
4330 4330
3147 3560
5973 5973
8741 5977
8759 797
258 8039
24 5605
6106 7062
8511 5674
6043 4321
6387 4159
8678 8011
3635 5948
9253 5623
3937 4000
4316 4316
4260 6117
3379 7020
2025 7929
8999 533
7588 7588
6745 6745
1208 1828
3537 7112
7676 790
1511 7043
4457 1799
6024 5547
6270 5290
5524 7009
4766 5314
8708 7077
3251 3959
1296 7530
5576 830
1368 6528
4613 5643
144 4360
7529 7529
7324 7008
7598 8386
5517 1900
5743 6138
8503 1898
3663 3663
2878 8027
9308 3954
5347 5347
7732 4934
7727 8091
6862 8005
5912 8831
8975 7550
7541 3695
3464 5429
4258 5317
8881 765
3673 2130
6098 1765
9172 5686
4657 4657
8107 8071
4306 4306
2736 4139
139 3697
9403 9024
4157 4157
9460 5901
1897 1897
3726 3726
2015 4956
9332 5677
523 7028
8761 4423
6392 3578
8108 5502
5775 5775
1523 1523
217 217
5699 4331
3292 4165
202 6065
8960 5312
5874 5756
4739 5577
6561 7197
7034 4327
5144 4142
8052 8052
248 248
3882 5608
8677 4966
3879 4959
5675 5369
1144 5322
2019 4046
5615 5615
14 6706
7199 8041
1928 1928
2243 5770
5633 6542
3989 3989
4969 5338
8035 8035
2127 6427
9735 7799
7671 4339
4328 5653
6441 7164
6331 5407
5324 7470
1874 4152
5483 5483
4860 5408
3396 4989
2023 8000
2616 9063
2014 8053
7623 4418
6295 7014
2681 825
7357 286
1645 1883
1964 4041
7909 4135
8521 7523
2532 3709
2920 1875
317 7042
5678 6089
3413 4307
362 5448
7590 6124
5427 4485
6159 7155
4058 3634
3613 1735
6232 5668
1506 594
2967 5774
9310 5503
6915 4196
826 8072
1668 5761
4845 3561
4453 1787
4257 5631
792 7668
7628 7628
5888 5888
6474 5772
9389 2424
4443 5468
9461 5606
5183 3676
8022 7095
7019 3536
2594 7732
5099 5099
8101 4460
6086 6086
6696 542
990 5897
849 4145
5071 5303
4671 4671
4329 1902
6255 7615
4004 7049
9334 7462
7613 4694
9848 4471
7882 7154
1042 4433
4863 4140
860 8030
7796 7796
5382 5382
6788 5553
3931 7549
2492 7126
1466 5479
4921 7118
5311 5311
2317 1925
577 577
7154 1191
666 7483
7038 4937
9352 7653
4475 4436
2944 6067
753 753
6473 1698
5119 5277
3654 4143
8024 7030
8874 8874
1766 4144
9579 5238
6293 646
4382 5370
8261 5525
3234 5484
5813 5318
5214 1851
5469 7122
1769 5409
3616 8918
438 768
3536 6526
3660 5881
6753 3326
1150 7048
8994 7017
6116 3800
9252 4332
4943 4943
3776 1699
2032 6114
5991 3580
2133 7075
576 2210
5670 5102
6956 7061
2434 5726
3894 3798
3458 3982
7682 7682
6371 6371
2512 7036
938 5339
2793 6584
8769 1757
10000 5538
6248 7580
6747 4151
1685 5908
1513 6414
7606 7606
4547 5579
4635 9064
9045 9045
2758 6043
1811 1811
2285 5655
7282 1914
1177 4862
9961 7093
2968 7047
1984 7797
5703 4042
8492 5902
4194 7091
1037 678
953 953
7802 5394
3353 7016
2807 8973
8300 7087
5470 4398
3419 5569
4159 6387
9142 8186
4485 7021
6119 287
8484 8843
1882 1882
8888 5218
1329 6287
9906 3700
1185 6119
771 8020
409 8070
9324 868
2165 4156
6294 7328
4239 5938
2383 7072
8933 7116
1335 5962
1124 7073
6611 5459
7066 7066
3505 9025
7203 7203
3787 3172
1800 1800
1704 1704
9568 5089
7220 7220
9337 8095
3992 3992
5726 8042
1947 5286
2119 5545
3966 7079
2256 4484
7928 5163
2817 758
5249 8836
37 5642
4085 3552
6057 3630
1686 4341
5954 5656
2689 4583
8440 5657
9913 8009
9831 7146
18 8985
8988 4417
2086 6374
4612 4612
8198 7039
5926 1741
9592 4362
7117 7117
9125 1789
3271 4455
2207 7594
7591 4171
4414 4018
1417 5321
2526 3636
9300 7474
7149 4574
4633 4633
5266 5266
3715 6424
600 4983
5277 8915
6597 4419
5893 7053
8737 7180
7174 5377
4978 4978
1522 1522
5849 5372
2994 6083
2248 4313
6978 7601
9204 4611
6064 5072
6135 7930
1683 5939
4076 8108
1083 7167
5831 5194
371 371
6685 4586
6093 8185
7053 3581
2342 8088
2444 7165
1270 8006
1861 5970
3733 3638
1047 4141
5379 5379
762 365
470 5971
8611 1840
7119 7119
1274 3554
5557 4610
8122 3144
2479 7070
2226 7618
1604 7182
2283 7115
420 5297
5274 1866
3003 5755
9789 596
5076 8443
3100 7171
4500 8094
7098 6423
5059 7527
4420 4420
9209 4622
7365 5610
5784 7636
2315 5365
6576 4412
4985 1292
8562 5693
5496 6068
7832 7142
4570 6289
5306 3699
3250 6071
2335 1727
5824 8012
9615 5453
5305 5722
8916 8916
6424 5927
2639 3707
1757 8034
5648 5648
1121 9410
7326 5728
5928 4990
1626 6100
7418 4613
8089 8089
8681 7144
2789 4584
8431 6664
7602 7602
8583 7068
5629 3996
6535 5551
1445 4006
6374 6093
43 1879
9091 7631
7402 3558
7655 5414
181 5957
709 4329
9944 4323
3642 1779
4242 588
7172 50
7010 5944
2593 7057
4827 5418
9058 5627
2120 6847
6586 7479
6285 9392
6271 4965
3734 1334
5432 5279
4344 6575
5462 3748
4948 4948
7641 5909
3060 7183
530 5930
3430 7011
5625 5625
8359 7015
4160 4160
3236 5230
3318 7475
4615 4308
398 398
5810 5810
8713 666
6797 5721
3863 4336
1223 7026
7550 682
9412 8026
514 3710
6935 312
1734 1734
7895 4198
3995 3995
1718 1718
9164 3665
6538 7737
9931 6064
5466 6094
7242 8137
6417 6066
6495 4434
7794 7728
1498 1793
2772 7651
8996 5380
7480 4442
4279 372
6348 5940
4772 7825
9188 5500
3278 6704
1334 789
7396 6773
7157 6126
8818 4324
6677 6574
5757 5757
6308 4429
4855 677
8598 6578
1351 6543
180 5187
6355 7101
9708 593
6143 9386
7205 1776
4077 4463
5780 5952
2683 7045
3960 7206
5316 5316
4340 7616
2786 6095
538 4154
1198 4138
2456 1745
859 8059
8047 8047
329 8841
1025 6594
5899 5899
4598 772
3230 5667
5720 5720
582 1890
7029 7029
9973 1582
1240 4147
9910 660
785 1696
5607 5607
1550 4477
2837 7135
2693 6136
5906 5906
9117 5964
535 7801
7022 6573
8081 6616
4922 8075
7121 5234
7822 5926
5480 5480
2910 5918
2965 6888
9190 7133
2157 3631
1695 6384
4450 5373
9603 7156
3471 1247
4663 5001
3217 7046
4575 3619
9787 8150
2778 5170
2715 1592
9256 8131
4858 7168
3295 5790
7009 9385
9346 4685
2478 5682
4390 4390
2797 4608
2645 7141
1868 1868
8394 8919
8039 4607
2915 3571
1958 5882
9902 7022
7723 7723
8464 3708
5029 756
3027 7114
7130 7130
1027 6385
6987 3628
6698 1713
9326 5890
7065 6139
8441 5624
9017 6152
4501 4598
5570 5570
700 700
9575 8097
9430 5619
238 7051
8802 3988
8815 6874
7856 5905
9266 7027
1591 1591
8059 6395
1364 8033
2036 5446
5290 9400
686 595
6830 7103
7473 7473
3788 5424
8362 5412
5150 7736
8134 1788
761 761
4337 6671
197 7610
3512 1748
6323 4044
7363 6097
4452 4005
8510 5980
8920 8134
6674 1231
1883 7166
6328 6328
4947 3736
7809 7809
1304 1304
5419 4518
4573 7727
9277 6672
4059 8850
9991 1403
5159 7010
6808 3624
7483 7745
5327 9391
7964 5945
9408 4426
7969 5928
9031 1204
464 6564
3148 5221
2450 6019
643 6697
7260 8127
6452 3616
4352 4207
7543 6127
1707 6110
663 7125
6260 6260
8145 8145
1197 5872
8099 7991
9665 7178
7233 5666
8094 4696
6377 7137
9232 4951
2557 1888
5498 4322
2674 9080
9792 304
4774 7052
2858 7127
2755 7977
733 733
2991 7092
9826 5684
5976 5976
2021 6585
6269 7153
7938 7132
2470 4148
7161 1333
6364 3692
3163 816
1702 6390
2613 6670
8015 8015
8191 7106
5027 5936
6366 3637
7688 3641
9497 5931
8155 7630
7528 7528
8947 8881
4098 6753
252 5557
220 1283
1067 8133
4599 4599
4493 4164
6322 1880
5790 7025
522 8123
9893 8875
9279 5224
3650 6108
6737 3730
6933 8718
957 5776
7894 6246
3691 3691
7782 3162
5322 7131
3611 794
4579 854
8073 5206
2743 1353
4749 8126
4383 6422
9855 7222
8384 663
8071 7013
8566 6834
9429 7023
1999 188
4298 4298
5942 9408
5604 5411
3714 3714
4797 7461
90 5326
3586 3586
2267 7893
6755 7604
7603 7603
9590 5784
4166 890
4647 8437
3328 8023
130 7608
4754 8434
6063 7074
3195 738
1459 3575
2485 4580
4243 3635
2291 7111
83 7476
4028 3589
9800 4333
8217 5275
1636 6581
3795 7040
341 5621
7754 7464
4703 7120
286 5713
1808 5019
833 4698
4593 4926
1054 9082
4724 699
6321 1919
5791 9054
3873 4031
1469 4137
9424 8889
6373 8837
8425 8425
3168 9053
6497 3732
8755 8755
6385 1053
6496 1751
1361 3621
4361 4361
9335 883
4151 6747
6831 5641
7137 5716
8333 9401
829 5975
2849 7605
2017 3632
9078 6397
5491 5491
2535 5979
4162 4162
7208 7019
5457 5457
7544 526
1723 1723
906 1176
6072 5399
8875 597
8068 3696
9290 6098
8487 5959
3132 4163
1467 5451
5788 7050
967 9125
2550 7773
5444 5645
6111 3620
1152 6327
4447 8140
1759 1759
9634 3642
4415 4415
7158 7158
1228 9014
9271 5622
7351 5546
6860 5006
3814 5236
6180 6516
1029 1749
3223 716
7569 222
410 6373
2846 5389
6160 8125
9765 6666
9081 5993
8966 8044
7138 7901
1065 1778
6307 828
7665 8124
9688 4424
4111 5088
1675 8142
5885 6380
5851 5533
6315 9061
508 8921
816 3163
9576 8111
8711 681
6488 6534
1738 7152
3155 6101
5803 5474
4169 6674
649 649
1354 6993
5588 3292
6542 4515
6060 5671
6607 6607
7410 7138
3144 8122
3826 9406
210 5896
8499 3364
1951 6850
370 7346
998 8028
6039 5954
8260 8391
592 592
6861 6861
1822 194
4815 1917
5877 7769
5030 7295
2414 9050
3061 4677
6457 7541
9589 3629
1776 4604
8421 8421
3054 7993
1739 1739
9863 7466
145 6106
184 1572
3820 3135
6182 5649
2056 3158
6547 8076
9202 1257
3086 9384
6245 6245
7599 4585
6339 7820
3562 785
1530 3623
889 1389
754 754
4800 1250
1399 6115
6857 6857
491 4343
4549 6669
7531 9388
3934 5885
5560 9020
9404 336
2140 5447
359 229
818 818
1894 9266
4416 4416
6148 5386
8851 7018
5246 1869
7106 5783
7979 7731
5565 599
1888 5350
305 9021
4425 4425
6033 6033
214 8129
2859 5663
9754 8092
9664 894
6084 5189
6876 8130
8065 5355
4053 7872
7711 5390
5034 7076
6739 6375
9276 9276
8371 6048
8318 1837
9509 8254
3126 4450
2845 9272
574 805
4428 6153
7781 4960
6964 4427
1558 3727
1705 7145
7717 1094
7144 4915
1149 1746
7698 8385
3907 7338
5149 1878
7013 679
7995 6520
2962 9269
1865 1865
1309 7308
5409 9290
6445 3645
6949 1387
8031 4971
5489 5489
152 5278
405 8559
5682 1305
4933 1284
7695 7563
3578 1388
8957 3200
5709 5709
873 7031
5964 6530
3689 7885
9743 4600
2147 9291
5545 6250
19 8136
7824 7824
6129 6107
4088 9131
9052 9396
1221 1221
8062 7645
9168 7170
7726 4396
7610 3305
4645 7071
6875 6875
4877 4441
4 8138
5463 3733
8132 5498
6551 6073
6267 6267
5680 5613
4962 4962
5672 180
8030 740
1512 7678
99 9277
6667 6667
483 9026
1006 7298
1962 6158
2153 5519
4440 4440
7281 4439
5358 3652
9930 6510
706 5293
8532 24
3892 4344
3925 7094
4473 942
1107 7342
8668 8112
8179 1160
2700 6162
1134 5920
3059 226
6219 5636
5471 3752
597 1822
9482 7918
7135 3783
2223 269
4050 4667
2253 7974
3921 6388
8077 5919
7484 7484
5609 4533
2777 8541
5540 5673
3702 3702
6273 3596
9578 7975
7088 9285
3692 6843
8680 9519
7338 5556
9418 291
367 4488
337 6085
9250 5245
5289 6113
7635 6084
8212 184
8719 3713
1559 1770
8626 5695
5424 7069
2943 7561
7109 5956
8401 9040
959 4397
6109 6109
8146 6763
4984 7998
5989 4638
4568 4974
1876 9083
3908 7140
5417 4929
8967 4421
809 6856
5722 5135
8896 1593
3619 8120
5631 7211
8946 1158
5880 1783
645 364
1229 6104
6971 1264
6848 6848
9722 852
3064 4927
8086 6134
6061 7746
3890 6846
5499 5499
866 5662
5352 5352
8448 800
5485 7614
5563 5563
4045 9398
8494 515
6036 9390
6101 3155
1110 1110
8968 1164
4090 5156
8382 5121
5024 9049
981 4
3373 3983
7481 7481
9694 6389
7823 7012
5543 5773
8137 6593
4376 7163
5155 5235
8794 8794
4793 4793
7775 7775
4173 8433
6678 4402
240 9019
8471 1260
4517 4517
4462 4462
6795 9027
8727 8245
1677 718
6618 6618
3707 7100
857 6239
823 823
4930 4930
9441 4395
2330 1802
9028 5328
9398 786
7134 7148
4897 1295
830 5319
7632 7632
4314 4314
3435 7896
3632 207
527 5387
5104 5103
7330 7330
5508 5508
6571 9394
8970 5343
7292 970
9348 9035
8568 8099
8962 8098
7992 7992
7122 774
443 1805
6368 6368
5167 7819
2976 5779
3052 7978
6459 6402
2637 7846
9662 8096
5731 8132
6782 1853
3402 8802
3542 6160
2847 534
9515 1871
2454 8054
695 4428
9156 6886
5269 4991
9782 8423
1167 1792
9148 5789
6091 6091
2541 7808
9477 7696
7283 4011
6979 8428
475 727
7966 7966
749 8420
9354 1816
3694 7535
813 813
7523 5929
7991 4404
1281 694
2240 6102
782 1538
7937 4342
2429 2429
2889 9270
293 6248
8242 3301
3762 721
8808 9413
3722 6092
249 1131
6803 7245
7236 6997
8453 7814
3384 4243
5972 7472
9383 9383
2717 6141
9771 6577
6633 1804
598 598
5715 5715
3593 710
1194 1194
5206 9263
2299 1535
1963 4401
9646 5053
1235 1241
9449 8880
2951 1177
7133 6163
1396 6903
6583 1147
4484 1922
6982 7311
4364 3792
8438 4003
2380 5349
5259 1596
5521 867
5915 6061
3462 7223
3159 3159
788 788
7830 9052
2044 1858
1470 7041
3502 202
8655 6576
2143 9411
676 5590
784 7637
5697 6698
8972 7225
2433 3640
5007 5007
9864 5233
3114 7221
4035 4035
1692 4575
2134 6103
9591 5205
8378 4949
413 7080
9993 4174
3735 1808
2518 6118
7129 4528
6752 6752
3125 4334
8686 4410
8743 4935
6771 1764
6521 5164
9540 6081
9381 9381
3818 6995
3637 7172
6414 1261
2691 3576
5958 6364
7416 7416
6125 497
5627 9058
3652 1062
5399 4405
9867 8135
6216 1847
8736 9283
6728 1874
87 7339
6404 5165
639 7216
5618 5618
3203 7090
4060 9297
8160 6994
5518 1306
557 6837
2293 3738
545 5416
1961 3184
199 19
7668 2262
1777 519
6016 1022
6096 6096
5554 8440
1823 1823
4987 8852
6629 7102
406 1253
3007 6288
3573 4486
9358 9404
2574 5269
6794 7638
8128 8128
1694 4464
3312 4877
1672 5981
7004 8029
4373 8045
9423 6531
3481 4438
8135 5571
6601 7139
755 755
3189 8389
3272 5560
4941 4537
8424 5724
2873 1873
6264 1068
1096 1096
320 6570
2597 5575
4839 5244
170 7567
5684 6370
2617 3712
6462 4406
2037 530
7930 7104
2392 7157
9707 7264
629 7477
8095 7161
3526 7044
8657 5567
1441 9399
9050 3365
1919 3567
9089 5730
8925 9271
8383 4945
1073 5950
4422 4422
3596 7113
903 3287
3591 1129
1981 4534
1653 7598
2626 7969
1662 7962
9289 5718
4303 1157
8505 1242
9965 7248
5949 5949
8236 8589
5800 6701
1310 4596
2515 8980
1404 1404
245 9275
1170 1170
8840 1860
8274 7243
8575 7997
7111 1953
8298 239
4471 4400
1004 5145
5331 1265
5394 7536
7540 476
5894 5894
5567 3622
6817 6249
7636 6876
5881 1870
8166 6908
746 648
165 5995
803 8746
4327 6281
7852 6907
4293 4037
81 3609
9087 7702
2188 7662
6921 1587
9981 1824
1322 8051
6868 1339
6383 6383
8051 6668
9338 771
3231 3167
2673 3887
9274 9274
7617 7617
8490 7843
2827 9409
1123 4431
3729 8102
7505 9417
7435 6020
7618 7891
4616 4616
6887 6887
5361 6116
9493 5578
5593 7981
5674 4030
5265 9047
4465 770
7068 884
6878 7540
191 7761
7963 7963
2990 2689
4339 8143
5846 3232
7706 7971
5003 9422
5166 8946
6724 6872
1371 4022
6287 5609
3944 8435
848 3651
2384 9159
4191 1584
8007 6032
6566 9029
4652 1240
2843 205
9026 5690
4814 1369
8880 9043
3781 5005
9421 7262
7377 8040
6345 6345
1191 6300
7118 1286
7269 3010
6937 5086
6568 3654
1846 7965
2759 4972
3805 9022
225 7543
5548 5548
9927 6241
4407 4407
8893 9516
7160 7160
8653 8754
1842 3150
3753 3549
6552 1217
707 707
1257 6082
6401 795
5229 5229
6856 4473
7667 7060
8201 7147
3320 3773
6440 7444
8498 8498
5197 453
4220 855
3595 3595
2558 7239
59 1956
6332 1165
4534 7134
7083 6749
7584 7372
6726 1246
9380 9380
6609 7296
7095 7888
2459 8917
3423 7738
3668 8424
6564 3626
2615 9387
2517 8013
6436 215
4472 7781
9690 4886
5296 5296
9880 3981
8750 9056
4193 7098
7370 5978
8489 6231
7932 7729
4602 5664
4351 4351
6012 7837
3329 415
2193 3728
6108 1155
4249 7867
9871 9070
7345 804
916 7680
6694 6694
1013 8003
854 6278
2473 6381
5205 888
1127 6840
3455 5632
5500 9407
6276 8888
9673 6377
428 6105
3938 1583
2466 1233
127 5512
4973 4973
7332 7332
1023 8950
9486 435
1862 3734
5558 5558
3452 5246
3150 8392
7581 8876
5595 7267
3516 3720
758 1271
7614 5554
8826 891
989 7525
2897 8087
5922 3233
4052 7105
5551 9065
6427 8159
4957 4957
2349 7159
7977 6099
9671 1923
3993 563
4639 7964
4535 4535
7765 4964
6533 3353
2215 7640
6150 6150
8411 9279
5055 1028
8000 6120
1055 925
9999 6072
915 5660
4940 5242
1841 7349
5656 4506
9778 8240
5729 6998
2177 1714
6985 6985
7249 4476
3161 1108
486 6838
4152 4887
867 1810
6513 604
8072 8762
5398 522
3001 1881
6247 1057
8860 9296
8518 7414
2572 240
7217 8940
5940 7331
5504 6325
7393 7393
3221 7666
8672 3588
2331 1200
6408 1106
209 4967
6430 6430
4951 8445
774 7620
1444 1444
964 964
5383 1171
7885 5091
9689 3978
7538 7538
5575 7786
3268 3701
3675 3675
3615 3615
820 4199
525 525
8014 8014
8693 4435
2200 6992
1515 7759
772 8502
9874 8612
3666 3346
8886 6754
5636 8441
11 1360
6573 6332
9264 9264
8556 8556
3395 7816
5261 9418
7291 7032
5199 7725
2281 7670
9036 1067
1819 1819
6640 6074
1192 1192
7806 1027
4375 8938
7545 8945
8943 8944
5312 8943
1690 8927
9952 1703
7039 1366
4794 1205
1614 1166
3793 2453
9061 9006
6967 860
2658 7643
6881 8975
7079 8539
7181 7181
748 4478
40 7266
8986 8986
6720 4288
3643 3643
5728 7897
1651 5148
4022 9405
1957 9273
7877 7387
5681 208
7221 5093
9763 5994
6644 8448
9896 5098
8604 7254
2065 1818
4334 6755
6703 6703
1483 5985
9378 6298
4664 8439
7604 1174
4686 5151
6242 6242
6155 6155
6290 5222
5910 4947
5871 7555
1641 7764
1035 4955
3093 5292
6266 9389
5918 5580
7235 7235
5139 5139
4456 8419
6826 1213
7424 4445
9414 6090
5408 6122
3653 6087
610 6121
1084 6069
4275 6088
7037 8455
8989 4891
7826 7826
5133 5133
4247 4161
9105 233
3142 931
158 6871
5892 3698
7156 3199
4224 5337
4413 6890
3051 7881
5571 5672
8457 5391
3622 1830
4581 1215
6083 4924
9564 3139
1488 4356
3344 751
1594 8032
7108 1245
7769 6159
8804 7684
1551 3677
1012 3739
8520 3329
6407 6272
3743 3735
5178 8560
927 6600
23 9028
3213 7151
5377 3729
7293 5249
9097 9097
5845 5214
1253 406
1478 7149
1827 1827
8587 945
1475 7210
1732 8913
8271 8914
7899 7899
8500 5260
1824 3247
1048 6906
6871 6244
7813 1193
6003 6247
1514 4527
4725 4459
2174 8007
6026 7873
4309 1237
1010 1374
3980 272
9773 4526
5373 9298
7855 1127
4080 6003
675 7817
3862 247
6608 994
5189 775
7608 1243
1585 6768
3797 6858
366 5485
4099 5486
9977 3317
6646 6376
9777 793
3265 7347
8138 1249
5134 1216
2733 6291
7210 7568
3220 3220
4454 4454
3703 652
3561 4639
7999 8912
3118 1575
9948 6282
5585 5611
3375 6149
3612 5161
4030 7344
6357 1097
6464 3997
3138 1058
5925 1373
8974 8464
5423 9403
2660 430
7202 7465
3742 5665
2196 2458
8597 5812
2274 4950
2977 566
1915 7548
9042 1443
3884 2382
9049 9415
9580 7537
2825 8885
7101 5771
6890 4413
8083 8083
1178 1178
6835 763
9751 7128
7451 4536
3556 1188
923 6914
3349 7780
7329 4469
2534 5460
4708 8825
3961 5101
517 517
3520 719
5079 5079
684 1227
9426 7547
6097 5122
5224 7260
6432 5576
2663 1236
1540 7827
6218 565
319 1269
8397 889
60 60
2551 1337
5326 5528
96 5532
2386 6417
5054 934
3256 7683
8215 3315
5705 8902
8595 1376
1754 5694
5300 279
8906 8906
9756 7085
2422 1082
5459 7241
4503 6984
2460 2460
9602 170
7844 7844
7023 2015
8090 8090
3424 7860
9217 7468
5227 5912
9427 9427
2974 659
7854 5430
8892 2462
5195 1256
3690 5786
3979 4168
6763 1589
752 752
6786 8983
8548 7593
1603 1785
4603 8050
3905 463
6900 3235
1879 1203
9057 5342
7071 5887
1049 4523
6729 9268
3186 3186
7275 1863
9986 6902
4466 4325
839 5719
1391 7471
3772 4559
3298 2461
1001 7641
4179 4179
1803 9712
2449 5152
1937 1777
1721 1721
9420 1476
4182 4182
6873 9067
2929 1113
8305 6188
6466 8879
5982 5982
5209 1482
6943 6598
1608 518
8147 5104
6762 7895
664 9379
5600 1825
2419 762
8513 6884
1537 5149
2955 9412
8123 7065
2570 186
6766 6766
9830 4034
6727 6835
141 3608
2221 1163
3246 3246
2421 8078
2980 7902
9786 7533
895 895
6330 535
3009 723
789 5785
1918 7823
9672 1375
2523 1254
8244 1377
8202 8202
4802 8227
7699 1949
6664 6841
7381 6583
5946 8830
3249 1230
7896 6696
3519 6617
1724 7304
9887 5013
8317 1025
9861 5661
5520 5520
3141 3141
1346 9062
9055 9055
8623 8905
5038 6883
7745 5203
2114 7798
9757 5617
8495 5934
9767 7900
1218 1784
9019 4630
9962 5630
9301 5146
8181 6996
1775 8067
5164 9600
3579 887
351 4992
6389 540
2187 7534
5809 655
3255 5517
9293 9293
8784 7368
7240 3644
2791 4270
9023 1209
5841 1573
439 439
9679 7884
4213 5219
7063 7063
8098 7218
810 1150
7874 7169
5297 420
9710 9710
4788 5614
3620 181
344 5150
8961 8961
3609 1145
8446 7821
6103 1425
5896 223
778 7967
4695 7185
1126 1059
5744 8116
8752 8752
7188 717
3347 7858
8066 9132
5612 5612
3719 792
171 255
8203 4570
8434 241
9260 8561
8515 6353
8319 1780
2931 5584
4478 959
3128 8022
2607 1289
323 7671
5929 815
2721 9300
422 422
890 1323
2327 7348
6341 250
9761 5450
5281 5307
2720 3187
765 1340
7762 193
5766 5946
3390 5226
760 760
6222 1258
5645 7108
6845 6845
8154 8154
9315 9580
5116 5124
4168 8465
2239 1235
8410 6236
9884 8008
1211 1211
5066 8901
3397 9041
7211 8004
565 7558
7388 8031
3193 7972
4781 4542
7175 7565
5913 5955
4335 5016
2800 1184
5138 6769
4047 3731
8948 7265
4817 821
1906 4918
1392 8959
1547 1039
9642 9642
6773 1078
5842 450
2909 16
7360 7758
5303 4176
3669 7581
7412 9161
5704 650
1938 8839
4276 4946
9051 9051
9038 7340
9284 5174
9549 654
4324 3625
4042 7958
8276 4505
1068 2456
2337 6880
4367 1234
5649 5758
3952 3952
9048 8436
7869 7869
6176 7890
9182 7634
7633 5192
9269 5922
3324 1266
1933 6580
8895 6290
5721 1049
2867 7327
1275 4571
4659 764
5692 4695
4821 7807
4836 6432
845 3300
8377 3160
2676 8450
546 6419
6367 903
5422 7224
3822 7409
9845 6750
6570 8249
808 808
9513 1348
8396 1390
399 399
5921 7175
3288 8046
8577 7983
2666 7976
4646 3374
2328 9292
5461 6919
7052 1700
8393 8904
5546 3799
2647 1893
9776 878
7564 7564
8226 8226
392 8929
3567 8930
904 8897
174 8896
1114 730
2136 6060
7920 3762
3192 8893
4252 4184
3097 349
2389 9281
7878 7878
944 1238
9949 3383
665 6987
6772 6772
3645 7557
4491 537
8265 3617
7445 1358
4072 7841
9273 7658
1226 1226
5218 1212
4038 7607
1780 9280
3468 8444
5425 7961
8458 6344
6567 5110
65 3148
2923 8756
4163 8113
5262 801
9299 4246
8977 7281
3418 7812
1171 9066
4868 5966
8903 8903
880 993
5242 1862
1539 796
4711 3771
7812 1452
5634 5947
3634 3212
9604 350
5442 1725
6627 8141
1024 4239
5039 747
9924 4291
7831 9644
6804 1228
2606 7794
4150 4150
8768 9071
6705 6705
9898 9436
9004 7985
8889 9424
50 8920
1071 913
1584 690
2753 8110
7861 1585
2087 1006
1663 4893
5978 1116
715 5559
412 1207
7337 6016
1109 1109
3426 7722
679 5213
5280 7648
6838 8892
2264 8842
8842 8910
3280 8894
965 8900
8991 8895
22 8898
660 4963
6962 9437
267 267
7482 8383
5839 1091
3188 3188
103 5167
1737 4012
9985 8761
7515 8394
9978 9402
7532 5191
7597 6831
6942 1364
4701 7906
1133 4432
567 567
1671 1181
4820 7109
2692 1905
6390 7836
7807 861
3853 3703
1969 1061
7737 9302
2353 1742
458 458
8268 6988
1317 6611
6319 6855
722 722
5140 6599
1295 7556
892 1598
6518 7150
8633 7250
6632 926
5413 5413
7741 4636
115 7467
7116 4158
1557 8923
7534 4010
6469 4994
8251 899
3238 769
4180 421
9162 9162
3108 1280
500 1391
1436 7096
2785 7644
7804 3618
917 8679
8926 820
8819 8792
5738 5769
5225 1104
1043 1291
3106 4547
1342 1342
2446 2446
2821 8302
295 8301
6467 3633
3670 7228
5392 857
4040 4040
3014 4614
1471 8499
4843 1599
7619 7619
1022 5676
8092 1167
7799 6762
7487 9305
710 5127
5332 1007
2131 7654
8304 529
4302 5658
9129 8987
7958 1594
4211 494
4427 651
5628 4548
8367 7268
1093 665
635 6004
7356 1826
6058 1083
874 874
4128 5958
9658 6009
7375 7375
1564 6991
3510 3217
8078 6923
4524 4524
8491 4605
1449 667
3293 3293
4972 1365
822 822
8339 2449
5620 6252
3020 4919
5041 1259
224 224
8398 8398
4662 4662
8289 901
4332 989
2002 8932
9307 3198
4605 4544
8189 451
5412 8967
1273 9295
6428 6270
8350 7208
1446 7774
1586 8791
3031 7813
2538 3572
7502 8266
6237 6407
8003 7143
2486 810
2767 3690
7340 3548
6919 6587
7654 1149
2345 3786
7943 1931
628 7345
7779 1325
3431 9265
342 6166
5075 1307
4672 1248
3448 7038
3326 1412
1717 1872
92 7988
1207 1277
61 5903
6905 6905
5073 8816
4482 671
7358 7064
7718 9005
3391 5984
1252 1252
1242 4594
4125 7570
6410 8241
1546 5589
1040 1040
6393 4503
186 8954
1166 1861
961 8314
9085 605
6008 6008
3987 6285
2919 1085
724 724
3679 5487
6468 7613
4531 1274
1243 1070
1637 7856
6124 7542
4826 3244
9921 5171
4685 3218
5984 459
2895 1143
3539 7625
4384 4384
6613 1392
281 1354
3501 9168
7027 4302
232 912
4400 893
1669 7004
1755 1755
7673 4954
8459 8255
6946 7233
7730 7730
237 2447
9001 782
3618 991
5962 3173
9200 5361
5872 1524
3247 6421
5878 5097
5386 5620
1338 1338
2427 7647
6351 3312
8117 1074
4489 9294
2763 2763
2417 6378
8357 3149
5635 5635
4762 1138
6689 1441
460 6878
1442 1442
8838 4186
9213 1121
6025 3985
300 7822
1350 7553
9530 8168
4012 6143
1440 1440
5384 5384
6531 4980
2853 8430
6110 1255
5031 6879
8576 872
689 9430
6779 1051
5441 197
4171 1199
107 7973
5502 8121
6056 7199
2618 280
1437 1437
9563 5513
4825 3253
1652 1220
9123 780
1720 1720
138 8555
1367 1367
372 3965
9817 1037
604 7392
3432 6156
2162 3080
4586 1738
4934 5029
1735 7996
6996 1107
2145 2531
3235 491
995 995
109 1041
423 4447
71 9378
8427 7903
9528 6865
3836 6873
8952 1754
242 4377
1620 5125
236 4873
8589 3543
3535 524
1716 1716
1072 9098
479 9091
9526 8846
4470 4032
5364 231
7815 7354
9365 4986
4841 6515
1623 7739
1912 1073
8337 1021
2236 6302
5505 8854
5691 499
4848 5637
1927 8840
4775 8838
5047 513
6991 4995
4512 4522
5778 8119
8554 6603
2204 1009
53 1877
4202 4202
167 1717
4988 1600
9245 4621
3275 1214
1398 1206
5695 1001
9994 1093
7070 5158
5434 811
1529 7657
1076 3189
9886 242
8064 3335
1503 9284
882 882
3676 7585
5844 6885
1647 4700
6120 8242
3492 7720
189 189
7114 4876
195 5629
5339 938
3345 1813
1534 4549
7889 1418
7653 987
8971 8256
7165 8257
9167 5193
7102 879
7609 7609
7933 3270
6548 1368
1606 6897
9054 607
7840 1455
5655 1396
6510 1179
5307 4169
5338 5515
3514 3377
2425 6151
7994 7994
1097 7177
9445 2455
5074 5120
4767 5310
5153 5153
8422 8422
8545 5211
6004 6537
6282 7059
4539 7806
2723 8251
1643 1033
7143 1013
6947 8309
1280 4970
9929 866
1968 4911
9099 9099
8980 3299
986 7768
7025 7829
5626 5593
5085 1417
1750 1750
5385 1285
15 15
4023 1210
3304 898
7386 4581
7496 270
1460 4047
4460 9645
9297 8056
5130 1156
1790 1790
7553 5691
8955 7569
4199 5073
6209 7652
946 946
5378 3265
1313 824
1758 3174
4936 7373
3769 9435
6717 582
8667 6990
2635 944
1344 1344
5081 5081
3939 907
8791 940
7568 766
4020 8253
6460 8252
7902 8248
5468 4595
6657 1056
6013 960
8355 4998
2374 1117
973 973
528 7987
2007 5228
1474 1474
1414 1797
5806 4646
4259 5953
1749 276
543 1832
6823 806
6844 6844
3080 5594
1802 1066
84 7852
5747 3525
6037 3309
3712 6925
4540 4457
7835 7835
8679 1471
6006 1385
963 963
5051 1270
1356 531
8157 8173
1379 1379
718 293
6907 7908
1103 1103
5136 9416
2978 4489
757 5421
5220 908
2804 5117
4678 978
5798 4446
7366 7681
6082 4167
7288 7894
912 787
9140 783
6995 657
7099 1224
5353 5353
4204 7270
6105 3245
5247 7097
1447 974
5503 8427
2480 3138
2892 1159
5998 5998
4833 5991
7224 744
6738 3794
5818 876
2513 1722
7238 7274
4596 8948
9912 6748
6686 1208
2604 6751
4513 4513
1630 7162
1232 1232
9219 225
3651 5325
8816 9312
6652 6839
1169 1169
5960 5960
7778 4592
2209 918
5967 5967
1205 1812
4133 1758
5207 5207
9453 1251
8420 1415
7579 7789
3557 4009
9741 345
4623 4623
6710 1162
3243 4538
9558 864
4680 1361
868 1239
3747 5778
1353 1327
6500 7275
805 574
8824 4392
3399 6131
7774 3296
1914 9042
8637 1460
7497 4189
529 1424
7858 697
2742 1018
5017 5017
1836 5004
524 988
5035 7389
7589 5000
8473 8473
6660 802
4745 1399
8034 734
1596 3191
5094 1294
2773 7352
956 6132
7253 2459
9503 1525
935 935
5128 5128
461 18
143 1814
7923 3763
6874 1324
7881 4497
9353 6683
3101 1916
9272 1020
3112 1275
9806 1435
2823 1393
6761 5108
5200 1318
7444 7251
3721 1263
9623 5633
1431 1431
7518 909
8432 647
7580 6161
1667 5268
2346 8146
1363 2441
9850 1768
6882 6882
2488 1077
6151 982
8914 1710
3134 1453
5935 8848
3233 1315
4816 746
5292 1416
8913 1047
3276 791
7707 460
4011 1798
2870 6508
246 1820
6781 1809
5663 1701
7897 1711
9447 1807
7681 1715
1328 1796
6998 1795
678 1737
1902 1740
652 1752
1500 1794
8286 1011
5451 1467
4773 858
6695 8877
4497 3236
5793 7914
89 905
5163 6986
108 9287
8011 1410
4304 1202
5111 1459
5603 7912
9012 1302
5132 5638
1326 669
2269 662
1859 1859
5993 7756
9246 827
6879 6597
6324 4508
9523 6157
441 906
201 3612
203 5777
7875 7370
7838 7386
1815 7058
8348 7378
6894 6894
3800 6253
1400 1400
949 949
4716 1463
5350 4874
7554 6011
8517 873
3008 807
3571 1190
8207 742
2469 4409
9626 6393
3442 6854
8119 3256
255 7381
8533 3243
587 7405
914 6539
8033 8457
3517 1133
5727 5727
5797 367
6740 939
9916 7751
6177 8244
7790 3269
3083 8596
4387 1886
1017 2450
2677 7246
2509 3993
7107 7107
1730 7258
3764 3764
2354 776
5574 1343
4872 4561
1772 7121
4138 6532
2255 5227
6252 5232
7601 7907
1244 1244
7724 7724
5310 4510
586 3278
5990 5990
6810 1384
3641 5250
2751 1397
8188 8188
6895 6895
1493 6006
4438 7083
3860 1349
4729 7321
5654 3192
2981 7402
7841 9306
6706 6675
4676 885
1298 1298
7744 7744
9788 985
9834 7876
4355 4355
5217 7740
104 1223
5240 3286
146 1329
212 7226
6916 6916
7139 6601
2670 8147
6760 474
9007 5989
4158 9102
6936 1278
4105 6052
6515 3721
1078 997
3560 1454
3665 1087
7798 6989
5479 9001
6224 781
66 8878
6575 1183
3569 1019
455 5200
9372 8101
335 1095
7600 5650
6229 8397
2667 7688
2768 8978
8570 7624
6774 8708
1545 9766
6529 979
8786 4357
1339 6868
6867 6867
6596 9414
4280 243
1746 1272
8941 1408
8742 1335
2956 7445
6017 6017
1002 1222
173 4502
6212 7866
5970 3152
8019 6656
532 1054
6047 5143
6165 8922
8544 8426
3232 1930
6370 1650
780 8851
5597 1172
2055 1142
2227 5186
4498 4498
6338 5987
3012 5992
8940 7676
824 1313
566 5253
945 856
6896 7627
8263 1952
5180 5180
6085 1445
6863 4504
4398 1182
7810 7810
2081 1346
5295 4206
1251 1219
9077 9108
8691 1268
7112 7089
3225 4896
4186 9638
5061 538
2437 1218
6185 7099
38 5144
5750 7360
7465 7202
5012 1432
1064 1064
8061 3368
6002 1468
1021 1197
8910 9425
1370 1370
1230 6292
4264 5516
312 5988
276 9299
2151 6702
1316 1316
3777 1317
9003 5251
3154 3154
3720 7595
9979 4563
6067 4468
1490 5115
6800 1331
768 1319
4832 1299
7946 1427
7857 1462
9110 1303
3109 1411
2865 6013
1986 8390
1276 1276
6713 1196
8111 1321
6569 1461
4904 1434
9618 5997
5169 6037
6051 5879
4409 6045
5174 5996
2011 6055
403 6053
8214 6051
5060 5999
1283 6001
480 6050
3614 6041
7509 6040
7742 6028
5783 6034
8694 6035
5022 1590
8053 7545
1236 8942
4830 8949
7919 777
4555 8873
5852 4988
3219 8962
4900 2941
8131 7686
9059 3201
4514 1433
5251 5166
4143 1114
5186 7875
7280 7280
8243 8243
6765 7968
2457 4499
339 339
7586 7586
3099 7084
6955 1076
1385 4519
9644 395
1898 8924
9056 7081
2288 1586
3087 3562
6019 6849
6940 289
594 5602
2302 1273
999 999
9953 1055
9454 9431
1345 1345
3624 7611
7780 6042
7090 7399
140 1031
5486 1014
1305 3797
7227 7227
6402 992
7986 2992
5093 9278
8756 9643
198 198
8656 1588
8997 3613
6494 2448
5112 5346
6592 9109
2854 3369
4901 178
4780 5270
1680 7622
2596 3166
4556 4556
3507 4629
2653 7192
8479 739
2106 586
2490 4637
3700 708
734 7263
2101 1065
6682 8757
3053 7572
1382 1382
5129 4525
5123 4552
1740 5010
863 863
9096 2949
9934 8451
7680 916
8088 1112
9939 3254
6289 5972
9581 9581
6318 1290
6556 5701
6369 6369
4155 7990
8341 4008
466 6881
2110 656
4961 1386
4710 187
1871 8849
5495 1100
7136 7136
5723 6896
7787 7787
9534 9261
4469 6836
4015 4015
6742 1357
5108 7629
7848 4650
1308 1308
900 900
2497 4500
1293 1293
3808 896
4445 6911
2251 7366
6479 1092
8684 8692
2266 773
2102 3206
8151 488
5781 5092
831 6619
8079 720
4282 5289
5923 8166
8351 1045
6679 6679
9481 809
6470 798
7125 8438
9909 1405
472 472
8403 1406
95 473
4483 5555
9291 7803
2348 1420
1889 1351
3469 7721
8716 1038
42 42
1216 324
5955 8969
9428 7863
4527 1046
8292 1553
7369 7369
513 7677
7859 7859
4723 390
1428 1428
6309 1282
4519 1063
1359 1359
1661 8300
116 5126
3773 3320
9835 7765
8877 7259
2150 1071
1300 1300
8821 1035
4278 6351
9966 4451
5572 1371
7100 7086
1519 7082
1028 7078
871 7701
7828 7828
7264 986
1015 3711
3200 6590
3428 7253
4945 7919
925 897
292 210
4203 1330
2500 7271
2219 1401
1464 4043
579 127
3364 1438
7094 1072
3270 1048
7918 2468
9258 9258
402 1380
5799 1309
4360 1161
1383 1473
1320 1472
1355 1470
7120 1469
5023 1168
3216 1173
5256 1180
1314 1185
5857 1466
1168 1186
9567 1465
1227 1189
4429 1198
7187 1464
44 1458
4356 1457
8279 1201
7390 1267
3287 1229
7266 1456
1423 1279
2057 1451
8775 1281
6663 1450
1189 1449
662 1448
1287 1447
1161 1287
3974 1446
1778 1288
3222 1439
1633 1436
9951 1296
6941 1430
6574 1297
7669 1301
2435 1310
1311 1429
3174 1426
8159 1423
7308 1311
3048 1422
3063 1421
569 1312
4348 1419
2179 1409
1372 1407
1173 1402
7746 1398
1347 1314
3264 1320
5516 1395
5069 1322
5667 1326
602 1394
2184 1383
7231 1381
9764 1378
6442 1328
1196 1332
9080 1336
6117 1341
4955 1347
3351 1350
5865 1372
1456 1352
8338 1363
2407 1362
1409 1355
2371 1356
630 9397
3023 4244
2387 5561
9560 969
3839 4178
3816 6386
1745 3273
8543 8543
7913 7913
5145 3143
536 4250
5344 865
721 5132
8809 4940
1598 7889
1098 7173
8344 966
5096 3583
9127 741
8388 8388
4502 9713
2725 9259
1085 1849
2182 7123
4606 4606
6311 8575
4993 7982
1081 1081
7180 7762
779 779
672 3306
9654 6392
4205 5160
9044 9044
7733 1016
8993 1105
5380 1008
1779 8459
9456 8184
5525 6676
7422 8931
3813 6031
3706 3706
7648 6588
7061 910
4516 4465
9819 3367
5124 8207
7371 7371
6512 322
5062 411
8836 200
9262 1123
5019 5294
8616 3314
9747 9139
952 4531
9201 1026
6034 5951
8012 8544
7954 948
2665 4443
9922 3195
1929 1929
9573 5255
6217 8951
301 7213
8760 8760
8919 201
7028 3151
8845 8845
9625 1135
4924 904
2694 7845
2757 8817
5042 462
9969 4879
8585 870
7048 4475
727 1124
5564 6305
7177 7242
4789 714
4970 8886
2719 7989
4862 5898
3671 7249
5765 3545
2549 1835
4690 4512
9302 6538
5369 4495
739 3344
5342 4961
7650 7385
3037 4149
8005 4576
5647 8169
8720 7365
6132 4697
4642 4642
374 3861
1472 7287
618 6366
2238 871
1224 8855
9356 3380
6522 9457
5584 8928
9247 5274
1454 3559
1101 1101
1132 6540
8627 6529
4812 6535
6253 6533
9557 915
5804 902
4569 4569
611 4987
1696 295
1943 5002
4307 5309
1855 1855
4578 4578
9121 9121
921 921
1625 5202
9283 4466
1563 4652
7230 951
8001 8001
7184 7184
9842 4648
3625 4509
16 2665
9736 7646
4474 3225
2848 4294
1016 9393
3728 8594
9074 4492
4458 4458
3300 4651
9758 7790
5118 6429
3847 4564
4564 4560
8835 4539
5070 221
3546 4618
4094 8393
8746 1069
553 8960
5901 972
3316 3280
6461 9420
8204 275
3438 7788
7864 7864
2098 5572
4235 219
1077 7830
5371 7833
6534 7834
2305 3219
712 4619
5415 3316
7087 5177
6507 743
9314 7306
1120 1120
1582 8800
9395 1134
3313 3313
3072 7232
6616 3145
7558 4993
6344 8073
6350 1043
1833 1833
2702 3568
6313 6313
2284 5334
8267 6133
4005 1042
4455 3271
4209 4279
7191 4448
7494 5172
9692 3382
3175 3175
2314 8552
1576 7689
2706 8968
3527 3527
8482 4901
6171 6171
6750 3303
3640 5588
9347 8793
263 3136
253 8114
4706 8115
8114 8117
9215 6425
6824 8957
8406 8118
5688 1130
728 4222
773 8180
7546 36
3035 4470
3857 4582
7016 4562
227 4567
8192 4453
5450 4553
7630 4514
2430 4467
4632 4507
1433 4482
8878 4491
7687 7687
972 7005
3363 7002
4271 6899
4880 4880
4650 4530
299 299
2217 4593
436 436
962 962
4975 5733
6662 6662
7030 8402
9433 5817
6650 7388
6376 4391
502 7831
6 3177
8640 923
3701 9111
7286 7865
2987 7870
2995 7880
8148 7879
851 7839
9639 7857
7880 7840
622 7849
7870 7877
6558 7855
7096 2747
6901 6128
886 886
3357 8480
4132 489
1555 6863
4336 8717
2012 4347
8649 1086
1269 5601
3684 4403
8932 4036
6851 7326
408 3538
9516 7578
302 954
9628 8649
3416 7252
1201 5626
1156 7361
3498 8884
7290 8887
5016 8454
254 5986
5478 981
1141 3227
8178 8178
4506 853
3369 8016
7216 1595
4234 3639
2379 8161
8803 7379
8152 3185
4594 1080
9691 9346
617 920
745 745
5904 8818
6450 2418
7962 7886
356 356
9169 932
9303 1099
105 1769
182 7656
1877 4670
6343 7650
8923 1557
9517 5354
5985 1034
338 338
6190 7898
4119 8727
3033 8592
4401 6892
9439 9439
9888 327
8221 3384
4146 996
9746 869
4989 6391
7474 271
6730 8835
2472 1128
9139 9539
767 4287
7214 1017
9937 956
8275 7935
9363 9363
9854 2748
3928 4617
4562 3267
6175 914
3832 6418
375 375
5216 5216
8233 3222
4311 7380
573 6862
764 859
4561 6396
9915 892
5938 1024
3042 4635
3915 7531
6603 8554
7296 3223
9697 3157
1465 292
5997 307
6329 6329
955 955
1457 3242
6721 321
7433 7410
7887 3350
642 1118
4392 7230
1792 881
5687 5687
7348 7698
3311 3311
6805 8100
2319 1960
928 928
6668 3325
3443 5223
9525 1122
6416 6416
8848 1010
3967 1132
2687 1098
605 1483
4221 911
6010 6851
4518 5921
4735 273
3751 1947
1231 8595
4174 8148
133 8646
2045 737
5939 4658
8868 8868
6001 5169
8037 8308
4432 729
8477 7055
1450 7779
5045 927
3746 5083
4669 4997
3405 8865
4641 284
5541 9509
1655 6646
5762 8299
4267 7544
987 4430
1895 3324
6421 1084
9319 4904
5473 4215
8228 8891
6661 6661
3914 971
9438 917
7833 930
8100 1004
3574 7741
9053 308
6993 877
36 7546
8256 6401
9841 8648
6749 185
1080 1151
5509 8535
2339 8591
8718 8819
6164 6164
2679 7999
5665 363
5050 353
2999 4367
3321 332
7847 9135
9133 9133
8810 4229
2054 1603
7559 7559
7616 4220
6898 6898
2463 9382
8697 3327
3319 3319
8237 5357
9885 5220
8210 9289
2921 3341
357 357
9762 7690
6526 6626
1299 4632
4810 2444
6020 7383
1616 7374
4944 3563
9369 8410
8905 4897
8565 8952
4713 5802
9294 3358
3454 7191
3959 4892
3604 5708
3759 3759
4976 4976
970 6355
1018 3210
531 980
215 2986
933 933
2598 3768
7 5095
3040 8788
4396 7212
3911 329
7225 246
5114 5114
7506 8616
5313 6688
306 3260
9109 6592
4127 396
511 4615
5032 5210
7373 4203
2280 5252
4437 3332
9111 3268
3457 5356
7512 9605
6254 6254
6870 6870
1600 6893
9631 8597
657 404
3104 5137
5109 7573
6625 306
1838 1838
4418 6148
2093 2990
667 3226
4256 4256
3325 323
6791 6791
9287 3257
4899 309
1907 4908
6349 441
6961 7691
5920 7904
7912 5603
315 315
3919 376
6925 5388
3930 3298
4688 3347
8162 8162
8602 6140
4001 3297
5057 3336
3433 1002
7656 572
3745 3146
1432 380
380 381
5212 5212
5785 1574
352 352
6415 9072
5661 6295
6655 2296
8278 6018
2051 826
7011 314
4406 968
8044 6602
7256 1136
8439 8703
6555 1029
1057 983
9344 703
9809 373
2905 4626
2947 2991
1279 8157
5387 527
4908 3338
8165 282
4051 1075
4811 1023
7168 3359
62 7362
5370 7390
5832 7679
735 735
8048 3005
8772 6859
7884 1012
7587 967
9715 1102
5916 1079
6163 1044
1008 218
6839 1015
8592 862
7639 977
2080 875
2443 1126
937 1125
4938 1119
7193 1115
588 880
2262 1111
2316 1090
35 919
4403 922
901 924
879 1089
862 929
3906 936
855 1088
4660 937
9316 941
950 1060
2304 943
8951 1052
6235 1050
1079 947
2885 1036
3982 1032
5533 950
8379 952
4096 958
7535 961
943 1030
6615 965
4206 1005
9236 1003
2498 975
1944 1000
6528 998
3648 976
4214 990
229 984
8516 8516
6199 5782
7924 9010
6223 7333
321 1570
3356 5688
6908 3564
8535 5119
6733 9432
5698 5698
6296 8958
5291 7056
3945 1597
7041 6901
4730 6864
655 278
9197 7363
4655 4655
5566 8577
8646 7318
5440 9335
8246 3539
1 7587
5884 3171
4412 326
8567 8963
3245 7412
433 7583
1624 370
1804 6633
2783 7552
7795 9775
346 346
3752 300
8978 7364
4584 418
3494 9122
9908 384
3417 8858
8017 351
1781 374
8454 388
383 385
6447 387
388 386
2543 294
3305 297
9732 383
1053 302
4520 382
4019 379
7801 378
325 305
6918 377
378 319
333 320
670 368
5538 325
939 328
377 366
349 362
387 361
297 333
3975 358
6899 354
379 348
122 334
4254 587
9131 8212
79 6170
1634 9348
8307 5595
2355 4984
6147 8827
7770 4659
4683 7204
7753 9030
9844 9140
3378 3378
5181 5181
6670 5254
7076 3241
6458 7582
1955 3213
6365 6145
575 6144
2006 3362
6141 4975
9434 52
5740 9092
7576 6238
5343 7575
8707 5521
1325 3349
3198 5781
5456 3263
8789 6660
2622 7579
8075 5933
6375 5488
902 7395
4952 4952
7562 7562
856 8743
2138 7200
3682 6917
3389 5225
1644 7576
556 7294
5869 5830
8171 7757
1577 1577
6816 8694
7404 7404
8593 8593
4486 5913
6259 2465
9869 6154
8190 7359
9583 3204
7736 9031
5795 471
2503 7847
2863 3197
7697 7299
4525 4364
7944 7391
6423 9103
3570 3570
3644 5179
7516 3088
7914 3318
6557 6335
8634 8634
4737 7187
7190 7190
6133 8606
2279 9423
9473 3998
6944 5033
5287 9684
8284 5760
4740 3387
6236 7892
4776 664
5658 4625
4347 9680
2563 3386
47 3385
8174 7733
647 8432
5202 9314
5348 5295
1381 3795
7018 8691
8865 3725
1131 7406
3152 4969
5395 3190
6154 3294
5774 7584
9186 7571
7692 7560
1794 7532
8540 7577
7571 7574
100 7566
6746 6746
5126 7231
4888 8476
1458 8628
1160 5136
3301 7783
3273 4627
63 5505
7891 9445
3366 7195
3214 3214
8316 7665
7803 561
7476 7207
8220 7209
6585 6428
1451 8417
7593 8429
6491 7382
4007 4007
6840 5753
8144 8144
907 4248
8531 7278
3376 8298
5966 6125
4661 4661
9104 9583
7981 4013
3355 9282
6790 5893
7837 8689
4265 6572
418 6521
1425 32
4838 7240
9391 6891
2764 8194
505 7726
9548 6426
1331 1485
6986 6297
5476 674
3039 8470
7411 6135
8778 9267
1926 5323
192 192
358 5199
7725 3360
4424 8017
313 6311
590 4028
3215 3304
5952 5780
4315 2993
5092 3289
3798 3376
9812 3291
4666 3394
3091 3322
8928 3330
3289 3393
7002 3337
9362 3340
4017 3352
4932 3391
1375 3361
3393 3375
3337 3363
2788 8399
743 8578
4931 7291
4056 5509
8688 5510
1998 9169
5493 541
8945 9105
885 8566
8537 2445
9457 5077
8643 437
7627 4200
2160 5360
5924 5924
8127 7742
6865 3262
1162 7592
5599 698
8779 3231
1413 6408
1209 9167
8456 8456
5239 5239
8958 6296
6087 3221
7936 4299
9093 5116
4895 4895
3358 8590
2205 2205
7032 7302
2926 6394
4024 5634
7105 30
8662 3573
1056 6657
8106 8106
7968 5506
6317 5522
3381 5514
9101 5507
5506 5511
6278 9805
4219 9419
8696 6785
2722 5886
6077 8205
1535 8547
3588 7376
2752 177
843 506
2464 2464
3028 1520
5937 5937
2954 4620
7764 4039
2886 5162
1618 6549
9411 4910
5968 5968
5173 5173
2411 8384
4129 6866
4070 7283
4033 4033
6198 8832
7350 7350
5945 8079
5650 6613
7148 8542
3763 728
2625 5825
4006 8564
1935 3594
8983 6877
4385 7033
8395 6614
5245 570
9144 591
2707 7353
6361 9100
2124 6673
2504 5419
3524 168
7147 1558
1419 4286
4572 8548
5101 7324
6928 7917
2481 7394
7397 8305
7389 5035
6743 3215
947 8081
1748 9606
8738 4631
1699 9618
4554 9327
7146 5358
4981 8296
3838 7336
2440 9008
150 6005
2997 6687
3119 2439
934 7279
7760 4699
8342 51
3415 5009
9856 8632
4968 4209
5131 7697
5668 7750
8704 8307
9107 9893
7103 4591
1129 3591
4286 8395
1220 5788
98 7642
6725 3251
3610 3610
8985 8602
4395 9441
1660 6495
2668 8181
5052 7377
1867 4890
5196 5196
5914 9646
8352 9640
4892 9446
8790 7034
6641 4378
7309 7309
3861 9038
9224 8208
984 8210
2257 8209
3600 7776
2360 4290
5188 7007
7829 7970
1118 8820
4255 9851
9331 7887
3165 3165
9041 5702
6412 6412
4637 4214
7883 7735
2329 7791
5556 4175
8781 8540
8209 6686
1892 4776
591 3264
6411 6411
5078 1867
2020 9518
5365 5420
2424 7293
6537 6802
9286 9286
3487 3170
9955 9797
3858 6251
4079 8642
9561 9582
1204 8025
5756 6561
4266 8599
1179 199
560 8151
17 17
1878 8847
9621 9650
7947 9165
393 6767
6793 6793
1480 1480
719 245
3434 4589
7123 3250
5596 8684
3370 3370
7478 4358
6600 4205
6649 6649
8493 8493
1566 8647
8253 9526
2932 692
5120 1139
1184 5201
9082 4792
3504 3579
3160 7314
3791 7418
7322 7322
9798 4958
6356 9134
658 658
1026 4675
6246 3202
7170 8907
1715 204
4357 8786
1336 3722
149 8688
1972 5320
6304 3584
7317 7317
4295 4295
5147 5147
1443 523
4241 3526
4274 3208
5685 5423
4696 1530
1357 7815
878 20
2404 6333
8536 7920
3382 1955
4467 227
2710 4985
1609 7356
8635 8635
7577 7554
4188 4188
6186 2452
817 817
3209 3209
8130 4393
8110 3547
2447 496
7252 1602
6914 9160
6015 8640
2916 1834
7300 7300
7140 7672
3049 6663
9083 6279
8150 6349
6050 9447
9799 9799
6431 285
6471 7401
5406 394
4791 8549
7469 8289
9079 6792
8934 7303
4404 9620
8695 8695
909 4177
8976 8976
4530 589
4983 7307
8067 4712
1793 4023
534 4016
9667 3984
9494 7343
1487 8491
1130 4634
8765 7539
3874 7305
4054 4054
3732 9421
7612 7035
8485 8485
4912 7289
8834 4640
9838 9288
9029 4297
4238 7247
4226 4641
9450 7316
4008 1479
1416 5023
4117 4452
744 8721
6931 3874
6811 4737
2083 447
3810 9544
547 6714
101 3274
7678 290
6215 6699
3855 5900
4263 4263
5366 767
6812 6789
3587 9438
4480 5045
7638 6794
6693 6693
4523 1640
5192 3153
8060 8060
1993 6410
6032 4678
7757 6852
452 8272
2928 7319
7251 6918
9285 5983
5248 5248
6590 4923
6196 6307
3279 3279
3294 2987
8580 8814
1544 4348
1215 6692
7721 6808
5148 7924
166 7288
7179 412
8636 8636
5951 1580
552 8545
5828 6306
5736 5736
6645 442
2774 725
7691 4004
9891 8163
4577 4577
7261 549
6891 3161
8705 8705
2856 9347
1960 2443
5987 6711
3779 3779
5522 6586
9943 9007
708 4624
1989 4218
8651 8651
9226 5600
1621 584
444 444
2913 5087
8143 7396
5198 5198
8766 7351
1646 7315
7400 7292
7297 7341
7341 7407
7398 7312
2740 7384
1135 7367
1973 7334
7959 7397
8870 7400
2620 7355
6131 7398
4036 7357
4195 7323
9386 7313
2213 7297
7353 8777
2985 3
5754 7883
9617 7217
6397 389
7674 5112
4870 8024
6189 206
5577 8779
4721 5696
5996 6798
8405 8405
6340 5032
1491 5078
6320 4382
5151 4686
4917 8010
4777 9800
6938 68
9484 8999
126 8387
7287 5197
8799 9429
1190 8686
3140 6235
2806 8236
194 8970
4763 2646
9002 6308
57 440
2964 1540
3026 3203
2842 7760
6735 6494
2927 9681
4898 4898
3608 9627
4885 4885
2588 9908
7226 212
4692 6869
6145 6889
1302 9012
7447 4764
4100 5014
5882 9611
5587 5587
969 3743
7842 7842
3229 3229
7646 6795
3737 7804
4270 8653
1393 5241
1482 7748
3985 3546
7425 8536
2887 6934
7903 6677
5001 9313
7072 9763
537 5022
8560 3216
5257 2979
6787 9018
9683 9683
1277 7219
2862 7649
2451 6309
5113 9648
3164 6770
4044 7699
8266 9328
6599 6806
8182 8182
8650 8650
9402 7256
9925 6556
8740 6682
1714 5178
9491 3176
4106 9128
9784 9784
5127 7659
8534 6560
1360 7234
3617 8265
7866 5034
2770 7694
3187 3565
9998 3566
7651 3820
2211 4231
7719 4602
8625 3832
766 5040
3089 256
8361 9036
5763 8177
9551 2559
4654 4654
7247 4936
2385 6684
4402 6678
3290 6685
7316 6680
7708 4170
1949 3147
303 6900
5693 9682
8183 8183
5215 9434
2993 4191
7312 4226
4368 4368
683 6700
599 2938
3286 9426
4426 5915
3406 5392
2911 5706
4358 5705
794 5704
2144 5703
8629 5700
8234 5699
5082 5697
5009 5692
2514 9652
797 8759
4244 672
6206 6206
1854 8276
6382 7711
1676 8546
8745 8268
6136 9637
110 6609
6300 5597
343 581
4528 8077
8853 8853
432 8704
9175 6431
4757 4774
693 693
9480 9480
5146 9647
4291 7493
5268 9579
2672 9577
4494 4653
52 9474
5825 8475
1797 9686
6501 4905
9536 680
7967 778
2771 9540
3408 5843
7078 3593
6346 8337
8873 4264
4014 4014
4744 4744
5484 3237
1374 4210
1809 2490
411 3513
7915 6853
9130 9130
5579 2442
8264 8264
2094 8977
3760 3760
8829 2548
4687 709
5165 9450
7615 6775
8645 9527
634 3321
2042 6446
9738 5315
8380 3240
5510 8971
8908 1141
8963 7933
260 8021
1340 715
8753 9320
7662 6915
3552 4795
7747 7747
2664 4219
8584 1887
7379 1507
4161 7272
7276 7276
7935 3164
3070 4245
7922 9624
5355 4681
3212 4682
4925 5801
8551 8551
3900 3900
4192 6912
7359 8576
6425 3972
4918 8631
6965 8610
8823 6604
7607 8750
8303 4928
7127 5335
9135 6621
2373 4968
7164 9084
3667 4660
8040 8829
9355 8198
8315 8315
1900 7282
8549 4237
7413 7413
7970 3834
4853 5914
3741 8828
4113 8211
2062 1569
3711 8065
2172 6813
9035 1614
6481 4819
858 7663
601 601
924 8284
8670 1529
4903 4903
9466 9773
7696 8190
2973 2973
7702 6314
4366 4366
1901 3836
5299 5359
2428 8306
4684 9844
7520 3839
3821 1493
5208 5208
8407 8936
1074 8935
3398 8780
5853 5853
4388 6274
8861 9170
485 4900
2798 5904
9801 829
4201 4201
6514 9015
5083 4711
3 8716
2894 2894
2010 6804
1992 1578
2640 8725
1420 2740
8754 4866
7906 4704
5782 6811
2308 8311
888 6233
85 2989
3210 4687
4546 670
2071 9129
5065 6757
3518 9123
7244 8966
48 8055
4559 6606
6734 95
5008 4763
932 9626
7658 6860
2068 3840
9630 9630
2462 23
4665 8652
763 3767
1974 7285
4627 9016
770 5874
6130 2682
3983 653
156 6817
3603 3816
908 4831
234 234
9552 7692
7622 3252
9582 1641
7394 9301
3554 1601
3833 3833
1834 9449
7984 9451
2982 6842
350 4185
8890 5832
4942 7909
8965 8965
2079 4673
3482 4672
2533 2533
8527 6799
1260 8431
5573 5573
9666 9666
4881 4881
4144 4693
5234 6781
3508 6409
3575 3285
3190 4587
9032 4749
723 2457
559 6938
5271 5271
6152 2513
7294 3953
3771 668
7945 9621
2925 5011
9221 3745
308 4863
8335 7695
7153 4216
3207 3239
1847 3207
288 9952
4087 3142
3449 5923
9409 7261
5741 4794
8561 6949
6048 3847
6405 1936
7471 6623
273 9482
6398 7269
2801 8870
5598 799
4246 8782
1378 8414
1181 9011
487 487
8514 8582
6429 8193
8028 8569
2180 8563
8563 8568
625 8567
3782 8174
9137 9137
7511 7911
4783 3913
872 6758
1362 4208
6832 6710
4882 4882
9006 1644
216 8303
979 5751
3182 3182
1899 3522
7064 466
8140 4722
7819 8189
7298 6725
6487 9651
6665 8199
8796 4849
7457 8550
4287 2948
64 1926
2161 628
5755 4773
6953 9318
3341 9522
1332 2479
7409 8781
8038 2872
4874 9552
853 7957
1741 6910
5154 1854
3664 3869
5333 301
6880 8696
4699 4274
1891 8270
9128 8273
4907 9440
9703 8494
3585 3585
2642 4719
4431 8068
1143 8580
8172 8172
6588 8683
3490 6689
6333 1937
8208 182
474 844
887 6734
3317 3742
5862 8778
8161 8624
3208 8471
9726 4235
4233 29
7189 7189
5168 5168
9160 3258
1041 4753
7015 3569
3105 4240
4748 4748
4689 4689
9350 7959
8777 4791
9448 8804
5712 9304
2866 8501
4508 4266
8683 3224
4878 831
4611 6805
5561 4780
9889 9889
1407 5184
1225 3611
2948 8972
1649 558
3359 4289
6053 9110
6388 3870
9141 7818
1210 5130
8027 4668
1061 4359
8460 8460
929 4742
1239 2864
3824 3831
3792 8467
1060 8409
9102 8407
8847 8351
3374 8271
8601 8601
982 8697
3876 8682
5276 3178
2754 9156
4747 5432
661 661
3973 2466
4081 9004
2546 3808
3713 2721
9954 9954
3997 4211
8734 5
5481 4026
4589 1497
7150 6304
6509 6509
401 3849
8876 6443
7827 8349
4041 8867
9034 9034
4806 8191
3848 7449
9124 9124
8469 8469
6802 4217
9304 3023
4071 1836
9390 1612
6239 4194
7761 4255
8200 8200
4964 4228
6913 8204
4588 1187
179 179
8340 9619
5553 6551
7843 9803
9938 8728
4991 3524
7836 9979
1767 445
6673 6812
2471 4824
1401 5819
9554 5861
2313 4676
5068 9017
640 8803
1105 9801
2728 2728
2493 9628
3254 6569
230 230
1183 4820
1050 4679
1011 6310
2097 2743
9706 3876
911 1562
3018 6904
3688 8693
7705 4253
1763 8537
8257 569
8104 5585
9458 4909
6700 2997
777 8462
7258 8654
9847 8170
4359 8201
6426 9909
5403 2994
8474 8474
5363 249
9521 5729
7046 5884
1601 8175
1247 3766
6968 4785
4804 4804
421 600
5193 3788
6904 3787
9543 4822
9827 6647
2601 3724
5700 9953
169 4707
9544 8213
4016 8195
9040 8206
1936 8203
6508 8196
1032 4807
2522 9262
5917 4843
8468 8479
8472 8472
6042 8468
8461 8461
5152 8339
1406 5591
7758 5105
3551 4848
1195 5689
6238 6786
516 397
9155 9155
7461 4193
3601 3601
1712 553
4630 1632
2048 2867
9199 8348
1245 9095
6173 6173
638 4734
632 6214
5157 8702
8404 8404
310 9033
832 7922
8982 1620
8450 5340
9745 5344
2678 2996
8757 8933
1266 6555
5430 6568
4115 6557
6563 6559
9964 6567
9680 6566
8281 6562
7800 6563
8690 8690
2576 274
4217 3093
4621 9009
5528 1842
8987 4376
966 9138
294 6615
9923 9923
9406 8572
296 521
7270 4204
2104 6790
5362 5362
78 4883
4869 4869
5433 65
4253 6280
2423 8316
1952 6728
1884 7110
9228 1478
3262 3523
5657 606
7347 4181
5125 1910
6088 1655
815 9565
9103 1965
21 9158
6297 6730
7693 8216
4906 6690
6624 5799
1629 9925
2296 4224
9278 8304
2031 3007
4691 7752
318 4816
6258 5030
7420 4847
4873 9075
2938 7785
6413 5020
111 554
3849 9780
2776 4019
2589 3248
9613 4690
9678 7921
6699 9443
3149 4766
5934 1477
5121 8382
9043 4213
8070 4725
8864 8864
8374 424
1424 4778
5919 8822
9113 4236
1315 7457
6194 8341
9892 8955
2167 4738
9178 4726
4034 1660
7493 9147
5639 3397
1701 2592
8370 8370
6577 3238
6157 3194
7446 8482
2467 4784
1770 9631
8084 8220
2244 9632
9686 4247
4333 9093
7385 1712
2448 4754
4928 8214
3350 4814
8247 117
7257 7273
7311 7255
7255 7284
8308 7257
5161 3590
6980 9812
5492 640
120 9843
3923 100
6999 6830
1193 1492
8547 9654
3829 9655
6550 8997
4887 4713
4786 4836
239 4812
8206 4786
3553 8353
6080 9809
385 5582
8231 9112
7017 8484
2066 8734
4625 5118
7677 5568
3626 449
4875 4875
2917 2566
8323 4257
2139 8988
8953 8953
8956 8956
9474 4811
2900 4025
3850 3850
512 512
172 4644
918 3168
9660 8629
9774 9774
3253 8481
6544 1984
521 9778
5594 9779
9471 1495
3006 3006
6128 7932
4610 8538
2452 238
4281 4281
4032 9972
9904 8581
6714 1501
5992 6829
2602 2877
9641 9641
5772 4282
2340 4267
4137 4261
2294 4249
4809 4809
5467 9113
7530 4572
6018 4708
3068 232
1562 539
2958 6816
4982 1475
5141 5141
7771 8826
3176 4674
541 9536
3555 9653
6970 4703
9653 4701
2084 4705
2824 8833
9267 3272
3902 8342
648 9307
2657 2955
3414 76
1858 749
4046 1576
396 5142
9614 9614
3628 8783
7788 7754
2577 6800
4363 4363
1502 1502
6610 6610
6612 6608
1499 6612
2130 2889
4694 8400
4753 266
3092 3092
8390 1509
544 4818
8509 4825
8187 4769
3377 1486
5708 9136
7860 3999
7302 3390
3710 514
7519 3134
6183 6183
5733 9604
1632 9603
2933 7454
8085 6913
8904 4024
6089 4021
2237 3994
4583 4027
2502 4020
3584 5916
6837 9523
5360 1982
5273 621
2004 1144
8882 6404
9495 8685
3062 4747
7403 8730
9870 9478
431 431
3224 8994
5932 8989
4891 8991
2569 1670
8045 4745
4796 4796
2320 4242
2953 211
5860 8063
9070 4844
844 4850
4998 91
2232 4740
8857 8857
1959 3230
4640 4775
2579 2684
3547 5596
1148 6731
5555 5209
5414 410
4756 4758
4464 8863
5036 9141
5102 8062
3137 3137
6784 4521
8250 5256
9009 6708
8240 6928
1751 6927
6203 5848
562 6810
8731 4303
9637 6727
1799 9491
3534 3113
688 4727
756 9003
2495 4760
4717 4781
4813 4853
2272 4717
6934 4838
4542 4813
8332 8332
4667 9808
1531 4826
978 1487
3755 6771
9837 8109
3852 3852
747 4277
3116 3116
154 8322
6605 573
8698 8698
3538 8860
6818 6818
4990 55
6543 3597
4840 4840
1886 4268
8506 402
7462 8573
261 6732
155 6286
7548 9078
2571 2571
2216 6737
8820 5574
7643 6547
8419 8218
3084 2765
8606 3103
9652 4932
8642 3288
7850 7850
9361 8324
3078 3791
5858 1500
3868 3109
4296 9847
2945 2477
7407 6497
9701 8758
6158 5803
4477 6339
6638 2500
6988 6194
5336 5565
1188 6342
919 3156
1670 3790
5802 1498
8056 7838
8483 8483
219 7214
1100 5564
3032 8002
3079 3079
5187 4736
9112 3121
6335 4788
2400 9850
2116 625
3988 6348
8859 4603
4609 391
468 468
9145 8080
4582 6350
132 8269
3123 7420
7872 7497
4097 6735
3956 6947
958 6336
7629 3925
4634 8821
437 505
3258 8453
651 5764
1039 1661
2249 511
9134 4801
6228 1527
7450 7450
386 5562
9984 3769
798 3179
9956 9956
4587 695
6580 1933
2595 2595
8057 8057
621 8219
5760 4846
2709 5566
7997 6519
2282 1496
1768 4845
9532 9157
2426 2985
8324 8937
4102 4223
7430 8323
6188 2596
2312 4815
8069 4721
9935 4739
3525 4731
4770 4732
3639 4856
9875 4854
1268 4852
8416 4837
2703 4833
1553 4830
2508 4828
9257 4827
8156 4823
2745 4733
4765 4806
4751 4743
4067 4751
5401 4757
4718 4803
4732 4783
1851 4777
9416 4770
2527 4768
5941 4761
7250 4765
5590 4767
8219 8297
7563 8069
1979 1979
6719 6719
6582 8562
8273 622
3266 3266
5758 3276
6178 3277
4910 3284
9440 2454
7055 2467
9094 9094
2669 1656
8979 3851
2901 2901
4262 4262
5730 9211
9216 4369
1265 502
7536 4628
8326 8326
4025 2900
6594 5604
698 5581
2877 5599
3263 5583
799 5598
7045 9553
6687 6550
6666 9456
4560 121
9648 8726
6630 6962
8277 8277
5843 1985
740 9924
5115 1490
6736 6736
9882 3879
9179 7621
2173 6807
2491 4260
8644 8644
6768 8487
5025 5025
2573 1544
3725 6372
736 736
1306 8489
3085 3916
3870 5140
8785 1481
5909 7447
7431 2594
8508 195
1165 9573
2531 7196
9695 9106
1830 3853
1532 1532
2701 4276
5507 3602
9065 89
7926 123
6433 6433
7367 7451
9700 115
2662 1
8858 8801
2732 2732
7415 7415
8120 8687
9330 9892
6643 3962
7811 702
1549 6415
5931 2847
7272 8352
2969 2969
5713 3854
8942 851
6021 3400
3122 9891
2394 443
1706 9769
9890 9890
3842 8369
9505 6935
9748 9664
7645 9665
7791 8862
8710 8710
9317 9317
9857 6337
2840 2840
4784 105
7448 7448
9090 3107
3828 3828
8385 82
3740 3740
2553 2553
7383 2896
1521 3128
1666 3132
4704 8327
9171 3862
6780 2546
4649 4649
2159 70
7213 6744
1920 2913
8169 1987
5334 4192
948 2755
3802 3950
717 6713
6279 6717
6715 6716
177 5787
5586 1664
6691 6691
5407 6187
9881 6783
8553 8553
7212 3603
5621 4254
3998 143
8596 81
7354 6742
4824 4048
9570 9570
2176 7805
9670 4546
2191 8607
8415 8415
8612 9895
3837 2927
6990 9081
8184 4251
7728 4920
4308 5131
7734 2868
897 1504
8639 8639
9163 7459
9446 8724
9489 62
2128 5917
2946 6726
3885 9530
4184 4252
7380 5043
7421 6058
6337 1624
2650 2650
7965 2912
3994 3871
5835 7938
6288 8520
1518 9564
7382 9554
4949 7
4499 3873
705 3096
2656 4865
4865 2656
9545 6
6517 6517
1014 501
2871 2871
6071 9186
3744 3744
9556 1564
125 4265
3244 8625
9897 9311
25 25
7145 7693
1805 2012
7572 9068
9813 9473
3172 7755
9550 9550
7657 9221
5015 9602
6688 4278
2016 3910
9464 9464
4902 9969
6174 8
4331 4233
5346 9557
9475 9475
1648 7446
187 1137
8488 6809
5646 7916
7834 9
8792 2561
922 3119
2397 9013
6622 6622
4027 107
3594 3945
7426 9048
6193 8790
7998 48
9818 8319
9731 8574
6069 5734
2289 9222
4876 6695
3113 6712
3528 9798
2810 9804
5284 9802
6409 92
309 2750
8423 1503
7712 72
4372 2998
3920 3920
5089 6724
7008 2783
2542 2542
1729 9714
9607 3653
3886 5737
1009 7946
4300 2980
9000 9000
9972 6544
2631 7506
4374 5746
1587 8325
9970 9970
5426 5796
4177 6263
2122 3821
9740 3098
8813 8813
4785 8598
6482 2602
9143 9143
9682 1948
8013 8488
1063 8490
1615 676
7086 8171
7679 8167
3840 8165
5777 203
787 6579
283 283
5956 6739
1953 1608
1066 9514
6659 6659
4310 9736
3045 2767
5614 6733
4134 2757
2438 3843
7867 3942
6122 3860
726 726
6220 5195
9655 7510
5891 1560
2388 10
3883 9477
3758 4370
1341 104
3981 1657
3563 8806
8428 2926
4430 8350
9839 103
2163 7766
7419 1654
2988 2988
9401 8333
2934 111
6827 9213
3540 5735
3699 7186
7684 7458
471 6722
3385 6729
8080 2724
6757 8066
9126 9126
2899 2601
9281 2000
3949 8527
6744 3604
6675 4238
2799 4280
1760 4275
7003 4230
9852 4269
7173 4284
9512 4271
3971 3827
5231 120
3736 8732
1567 1567
5514 86
4884 4884
1541 6740
8512 6933
9218 1672
2654 8334
2578 9716
8449 9715
806 2937
9940 3845
9698 3534
9366 2811
8353 9888
578 113
7313 5247
4768 3719
3016 3016
8872 9472
603 3019
4313 85
8692 7455
1988 64
2903 520
9846 1541
8530 4864
7215 9900
6354 9887
4164 9897
9479 9479
3444 9172
6386 6174
3846 146
3387 8107
2844 2844
3307 3307
493 265
7500 5816
6647 152
6718 6718
2344 1622
1410 8707
2708 5731
4026 8275
7974 7940
6381 5846
5983 3122
4764 5744
2190 9625
3013 3013
9152 9154
5080 9152
5318 6177
7499 5747
8291 3911
1337 9717
3872 639
5936 6130
2784 7179
4553 8320
1139 9569
9619 5839
8330 8330
4156 9973
9958 9959
8389 9958
2716 9260
4342 9957
5250 8164
5328 2659
4879 9901
7026 8974
2358 3014
131 131
7378 58
8723 2897
400 2590
3922 3095
4167 6924
5751 45
9459 5738
3545 6778
6789 8823
4112 8824
6439 6022
1248 8618
8924 9607
6897 9903
6756 4913
2559 832
8788 3811
5716 4723
2630 2630
5947 9463
8712 136
3277 9562
6591 6957
6104 2644
157 157
1764 3806
8564 3855
1816 6545
1430 6548
5501 6546
1104 149
1801 493
6336 9578
2475 8292
7442 8293
2766 2766
6626 7771
1075 3024
2560 5258
1137 9610
3227 7793
5020 1617
769 9144
5320 169
1711 119
1462 6741
8093 6720
6723 6721
5110 6723
6480 6743
1931 748
5735 7188
5753 7215
8849 7205
9900 7201
2287 7193
162 137
2552 2552
9392 5748
3285 4706
5718 6321
1116 3810
390 1667
9422 9593
9593 9588
8812 9592
8550 2943
8373 8373
2690 3846
2382 8328
8950 6681
2263 1491
1113 9983
9531 5015
7755 97
3005 3544
134 1623
477 4146
7186 2842
1538 3029
9702 3966
2838 2838
9959 6655
6347 128
8832 214
311 5111
3158 9234
8661 8661
3819 3819
8700 8700
3383 7003
6208 1499
5801 4925
7081 392
3239 3803
3050 9145
7456 8285
2445 9151
9730 8274
4544 2667
4782 4180
5135 2610
8729 8729
5957 3308
1612 3826
2060 2578
5279 3824
9205 616
4778 1555
3120 8396
8129 9967
9282 9966
1976 1976
5204 124
2 9955
9960 9960
1237 6168
7152 6320
9760 2731
4273 461
8331 3895
1744 1941
8581 7238
7228 71
9647 7006
2756 2756
3996 9613
4746 8532
5808 6358
7786 2597
584 3118
164 2583
7927 7519
8087 1605
8302 5740
8617 8617
3658 1659
3778 9634
2872 8344
9259 7411
5641 9515
9114 454
7594 6167
4215 6026
5049 5049
7453 7453
2252 9822
316 2532
7126 3813
1664 3829
1455 6833
1138 9823
1494 1494
8949 9563
9749 139
2458 1651
7988 3825
8139 9551
5526 9223
5258 2560
9597 2859
7990 5739
5004 9220
9779 3741
9851 4283
6191 6191
1613 1613
9478 142
3864 3864
842 842
5294 426
4277 7500
1831 9811
4986 2555
4349 2917
3015 3015
5761 9247
8660 4227
1681 3129
3918 6821
9596 9596
1241 1669
9727 9727
2695 2695
3564 2971
1448 3943
3917 3917
4269 130
1106 2753
9469 6359
8539 6761
558 8984
4228 4385
5275 612
7735 8103
9734 9734
5162 3512
3143 2605
7701 9511
659 316
7961 7507
7620 2895
8973 369
4394 4394
1117 2498
3607 3607
8301 2577
5454 54
5664 9767
9946 6707
9417 9224
2575 8623
7851 2981
9636 9636
8262 5741
7768 7943
4190 7949
8571 3949
5117 337
7960 7960
7952 7952
2907 7986
114 114
3025 2473
5578 8753
812 8747
5203 2958
9901 9571
1640 8603
9230 9230
8664 9810
9467 8722
2979 6796
5640 9232
9333 2880
6100 7939
9173 9173
7689 7995
7537 1153
2524 2524
4622 9209
3932 8627
6732 1673
4656 9817
5815 5815
4451 1643
142 156
1813 3600
2750 9930
2643 2643
646 253
2898 9989
2181 8064
7042 213
3354 2797
6748 2967
7542 3520
86 3529
3327 3049
364 1508
4896 6624
5887 4301
6029 9462
596 9459
2005 9460
8938 110
1147 9468
1866 2829
6360 56
9824 9824
2183 2742
7720 3932
6078 9976
1213 6825
6825 6826
4511 8583
279 7955
6031 7942
8879 69
682 77
3130 37
9843 5231
67 67
3476 609
8891 8533
8937 7956
8346 9795
1203 1996
7890 6176
6505 1938
3964 1518
7279 5054
8850 84
5876 5876
5014 13
1510 1510
2039 4272
9462 9197
5404 9633
1773 2589
72 2775
3074 9629
2686 66
1164 135
9721 162
4759 2723
5341 9101
467 3018
2321 2789
3558 6788
8199 4645
9011 4647
4187 4187
8701 1533
6975 4183
3935 3935
2547 2547
8735 8735
3400 191
102 2928
117 176
55 7947
1533 3946
3754 8511
447 6165
4250 536
5005 2002
821 532
3815 3815
7466 6442
7510 7954
2351 44
2442 5834
8613 7950
8744 7944
3717 3717
9640 3502
3940 3940
731 2584
2487 8331
3412 1627
533 1615
7595 2863
1397 9517
5213 2911
7067 3035
1554 8637
8638 8638
571 571
1890 5675
76 3878
4505 3918
8463 3908
4658 3909
2555 562
8699 8699
555 2558
9770 6323
3631 6363
4463 427
5642 3110
5707 3114
12 3004
1489 5273
5911 144
2322 6318
5474 9827
332 9821
6044 3516
9635 1671
4601 4601
910 8525
5544 839
9936 9936
5317 5835
5602 83
1000 1621
7464 3259
4010 1521
9360 8611
7625 9185
1477 3519
7905 6645
2611 3452
7925 7925
627 4411
3950 2604
3441 2475
3365 3115
6169 9256
3202 4867
1394 8523
6146 3521
4541 9196
3421 2463
1982 3002
6854 631
8844 6356
9975 1195
2646 3104
8709 8709
118 2572
9705 2440
1970 9032
3550 9622
9158 9545
7573 2903
6075 9333
7001 3420
7951 3518
7522 6319
4558 9252
3184 7948
6022 6400
9656 7953
2311 7951
7941 7945
1508 5910
39 5911
7438 2606
8356 8356
8578 8355
7417 7417
6118 4375
8412 2573
7040 516
6595 711
7033 452
8658 6237
9971 9971
3206 3028
1568 1568
8375 8359
3897 7910
7441 6010
1384 9199
7062 6644
8354 8354
4322 8192
4977 4977
1157 8731
70 1566
2621 2856
7427 9212
6094 9244
4846 409
8195 6759
6446 1679
6011 5129
7414 155
5232 8787
1254 9245
5742 8321
9193 8745
462 9309
3332 9561
1219 5050
4697 3903
7893 8329
8841 568
5637 3897
88 88
8618 2940
8029 560
6144 617
4618 555
2876 2876
6722 7515
6137 6137
8573 7521
1910 483
7714 4921
6314 6492
1840 2626
2052 147
3314 9513
8476 3517
6181 9616
7024 9615
1473 80
5064 3906
6697 3907
5569 96
1728 8521
2984 6797
5624 8890
6814 8738
5314 8737
5176 8736
2861 8733
1726 4756
8055 112
6892 63
4883 78
960 9975
1995 1995
3067 3067
2545 2545
5321 9233
3503 3503
7660 696
4285 4285
8402 2861
6801 6801
414 7286
2347 3934
2453 543
8588 8588
7093 5259
554 6965
9907 6936
4405 158
9518 150
2212 1637
160 9250
2297 9849
7971 8741
1580 9215
8954 2570
7750 8531
2364 148
3121 4292
4284 6960
1610 1610
2605 6823
3205 3205
5160 1609
8795 3877
8336 2758
3259 141
520 4529
5961 8406
7485 408
6394 3939
3461 3461
3515 3515
5435 2873
3162 7706
9802 9200
9071 9444
3844 3844
9612 4871
2465 3754
2583 164
3809 9826
1284 4933
2477 2870
2234 2719
129 7517
4487 2538
1945 1514
8898 8514
1810 4899
615 615
6709 850
8524 8524
8046 9246
1785 102
5868 2487
1825 3968
9840 12
8927 3070
9917 3060
2300 9538
8437 3532
2896 3528
9529 2438
1146 3533
2271 3514
7661 3531
3532 3530
4916 4916
2975 2795
6492 2607
9184 4029
9295 106
1829 5824
6073 9201
4289 9902
3136 2550
5421 3398
3029 3436
9769 3830
6886 2754
4353 2568
6623 9978
7232 8105
4619 8104
9527 9226
2418 99
2540 2878
1923 4868
2582 5831
3926 3926
8097 3715
1476 21
1599 1611
5106 1513
8897 3818
7171 3100
6759 2773
9714 6324
5391 8338
1303 4065
6201 6201
8381 6787
3880 3880
3173 7237
9632 6779
6554 6822
8793 6820
5330 59
3807 3807
8325 8585
4950 9217
5652 9910
6126 1488
9068 8810
6672 2956
6379 689
3185 2716
9263 8744
8586 8586
8614 43
696 9724
345 2549
3806 3856
3543 8507
8814 6931
8445 8641
3088 7516
2852 2841
5011 8633
8525 3901
9919 6636
2960 2960
7454 8375
4378 3075
4805 8263
8004 6147
5436 8082
394 159
4758 3078
6850 1951
606 3059
2494 2494
1115 7512
614 614
5529 1963
5854 2622
1046 6976
223 6963
5792 5792
1571 1571
5773 9532
5304 6175
3817 3817
8149 4383
235 235
1939 1939
7327 5809
3565 101
6023 6023
580 2857
3887 7502
5513 8345
5235 3782
3785 3785
7310 3835
7449 3848
4715 4715
4837 9820
5632 9814
8673 8673
8227 3001
9349 9349
3843 2580
8058 1638
9147 6398
644 2807
3156 3812
692 5867
9243 5855
548 3408
6281 2843
6298 6944
9547 9547
6041 608
3869 3881
8776 9228
6617 3809
5184 1563
8783 129
1940 145
4237 94
5589 75
8837 163
7507 161
4760 33
3804 160
453 154
631 153
4391 38
3308 138
9108 57
1678 132
7268 122
5562 118
7060 79
703 93
3133 8526
8504 8513
6525 8534
8519 8519
5221 8503
2738 8529
2261 8528
1007 8504
8074 8522
4103 8518
4801 8517
8414 8515
8528 8505
5776 8506
8907 40
1709 9937
3913 3872
9492 3944
4345 3072
2192 1927
5494 9718
7793 9719
8647 6967
8523 9433
9452 9452
3891 3389
7057 2800
7459 9921
7649 3838
4073 3837
564 564
2556 6782
2408 5841
4828 2923
2633 2887
4807 2922
361 5863
7374 3196
4914 4914
4889 4889
8725 9510
968 8587
7198 4349
3372 9813
9753 9753
250 6341
3485 1959
147 9961
8369 3842
656 3501
5696 4931
1642 1642
714 8336
3420 5795
9198 9198
3801 6198
1930 7501
7950 8613
5875 8343
7408 3886
6619 4878
2684 9332
4557 4557
7805 3021
6584 5047
8630 9597
5058 9595
2030 4939
7267 3931
6007 6007
373 3784
1524 8230
5072 9771
4048 685
519 3912
4442 9325
8239 3933
4091 3411
3636 1630
266 6179
2904 3112
2893 2893
9553 2683
9432 9481
3780 9635
9298 9623
9586 3802
1435 344
8020 3951
1495 1634
3058 9218
6702 4912
282 750
257 257
877 3054
2123 2879
1977 4072
7582 2875
3549 2874
3274 6638
5033 3899
3646 1962
3657 4588
3323 1604
4126 9236
9899 683
49 49
6711 9555
5581 261
5994 7495
9833 2866
8186 2598
2688 3069
5511 6930
424 5865
5870 5870
9385 6360
4354 2574
4104 3841
3841 3822
9220 3875
6684 3814
251 9649
2290 8368
7972 6959
6170 6764
5452 8809
4140 2540
1753 6929
365 4380
1881 9512
2072 3614
8288 6939
6974 6974
5619 9241
1119 6937
5428 8723
2529 2585
3693 3894
1174 8377
550 9785
1187 3657
6342 3648
8252 5883
7436 4221
3786 9931
9941 9932
7978 9807
5309 2925
9115 2537
7006 2984
1765 9549
6540 5798
6822 9227
1003 7499
7155 3372
8900 3650
1380 8361
176 8363
7578 8362
4927 2944
9185 9825
8245 1635
7942 8335
9192 9192
8177 3858
4436 1616
3521 2519
1727 7509
4064 7513
971 7522
1094 7505
7005 7508
9177 1940
6280 837
2416 2964
9342 9354
9514 3928
2780 2788
3475 6207
1605 3108
8180 3957
9719 3956
1484 9090
7050 8374
415 2591
4170 9987
730 1618
5591 5807
2983 2983
8125 6317
4029 2567
9225 9225
9823 5060
5768 6968
5446 8378
9988 9589
7659 9590
7767 9591
9327 2764
5950 2814
9203 9203
997 3485
3727 5862
7585 8766
2936 3904
5285 6982
6598 6945
6951 6981
3605 6980
8827 6978
6981 6977
2826 6942
4183 6975
4013 6943
1507 6966
2035 6951
9783 6956
5613 6964
1965 6961
6966 6958
5819 3444
8365 8365
7339 87
8293 3508
4175 3003
6114 5871
1059 2883
3866 3866
8194 3867
2816 3923
3513 3936
2561 3915
654 3898
3927 3947
9030 3919
1575 3941
327 3921
3867 3927
7305 3922
449 5036
6327 9353
7495 4050
8290 5041
7303 5797
3655 3655
2803 2803
5690 8366
5701 8260
9620 8346
9170 2793
8619 2809
1438 5240
5175 5175
3581 9639
1095 5823
7328 9319
2619 3066
8621 9360
2591 9359
6418 8706
7440 9568
9206 9575
8360 8357
7344 8360
3799 8358
5390 6382
6140 5800
7729 469
2918 2608
1619 2853
9413 4762
3708 9558
7254 9701
9161 2899
985 9788
465 2846
3767 9948
7738 5857
4521 8619
190 190
1812 2823
3131 3131
6932 6932
6651 9730
9405 8379
2868 5008
9608 9608
1814 2539
1125 2579
994 6208
704 9216
4808 5838
5349 9777
9210 9243
1742 9210
9229 6146
4435 9229
9483 9231
4608 9219
9015 3656
2245 8367
7299 8372
1343 1997
1693 1663
3698 2904
5523 7456
2564 7001
7194 1647
1492 5027
8176 9350
2600 9355
5531 9358
218 9357
3115 9351
5714 9356
9357 9362
498 9361
8801 3404
3322 9352
5063 5063
3146 9848
5749 2565
8314 6190
2737 2737
1092 4293
674 9205
7987 9204
2539 845
5084 1957
836 836
1200 498
8041 9905
4550 4550
3580 2618
5255 5850
7996 5055
495 1678
9638 3789
4223 2759
9811 9915
4761 5808
5866 2855
4294 2848
4272 1542
7683 1646
7265 9740
8828 9964
8869 1684
7865 1970
7209 5845
2839 2839
6438 2920
1687 1687
2377 8609
6384 3068
8294 2593
2882 2882
3775 2907
9584 9584
4225 8798
9803 8795
8733 8797
876 8796
9268 3396
5354 9174
5732 5732
7583 2860
7284 2930
8732 39
8763 9770
7973 3017
5834 1154
7000 2810
2805 2805
7504 5829
2869 3412
7204 5806
9755 2612
417 417
2278 2801
9176 9176
6149 7325
9828 9828
91 6357
9499 3094
3597 5811
368 544
4441 9428
298 298
7876 5057
4229 2739
9992 1539
9524 5059
1036 847
4996 8748
9687 6513
8249 6511
8321 8622
9214 9337
9336 9336
4176 8247
6778 8666
4496 2730
8238 8238
473 3310
2390 2720
2850 2850
9136 2849
1222 4490
4043 2869
6828 9164
4248 9939
2061 2890
9069 9839
4118 2657
5975 8657
3680 8713
4522 5820
2554 2554
1635 602
1388 9725
3241 5067
4108 5042
4844 5071
5067 5070
2310 5069
6113 5065
5044 5058
624 5051
2149 5044
6842 407
285 2588
1828 9927
1033 2556
9400 2563
6391 2534
804 2535
4565 2489
9571 1636
9750 6202
2891 2891
5864 5864
4481 5860
3761 5859
1159 5793
5840 5856
9306 5849
2208 5847
5856 5844
6303 5836
3211 5821
3871 5833
5821 5826
3531 5822
1365 9467
8507 9470
7336 2862
9010 1607
641 2885
2879 8659
382 3026
852 2516
6973 1625
6052 2799
6654 2653
840 840
280 2729
3984 9524
274 1692
1688 2892
7557 6303
1665 7460
2070 9182
3019 2736
6923 9977
6362 3772
626 1537
1536 4354
8846 1676
4288 1484
1376 9057
4222 1681
384 1685
6954 9694
540 9693
2888 2888
3796 7423
1783 6652
3904 2936
8196 2933
3257 2745
1556 1619
3177 8318
9397 630
3401 3401
8026 2915
7092 6283
7685 7685
54 4718
2109 8715
7432 7432
8610 3542
846 846
8372 838
9255 9202
4362 8712
3201 6185
2796 2968
9693 2675
2484 2484
7879 7310
5402 9869
1954 1954
3071 3071
389 2770
6172 688
8435 9919
5263 196
595 686
7104 8662
9895 9735
9601 6630
7908 8751
8751 8570
9046 9789
9436 2813
6502 2781
4021 2798
6156 2744
2587 3020
9223 7427
3034 3409
6153 2999
2950 9471
2704 7660
7574 8291
2409 8294
46 8278
2210 8286
2082 8280
1405 9688
1255 9699
2814 9690
5830 9692
6910 1551
9968 1556
8885 1546
3000 1547
9150 1554
7631 2557
2581 2581
3757 2551
6305 2611
3749 2541
73 2603
5376 2599
2586 2543
2599 2587
4727 2562
2603 2586
2562 2575
4926 2582
976 9546
687 687
430 492
3623 6271
7898 343
814 2845
9624 6212
5817 9195
6065 2478
2623 2623
5464 5750
5662 8664
5337 5082
2711 2619
6045 1690
5397 9171
9832 1489
8867 1516
5335 1688
4318 1675
3478 1666
9546 1633
4867 1665
8911 1645
6917 1653
6095 1662
9704 9982
3766 6365
5243 167
6963 3737
9320 9535
5542 9531
5666 6909
5850 2648
3590 2752
5889 6629
5228 4487
6731 1148
80 2672
3794 6264
8936 457
3936 2934
196 2932
8935 2852
2908 2854
8866 2858
6453 2931
7036 2865
2906 2881
2655 2884
7488 2919
5855 2886
9816 2898
4856 2918
2064 2902
2884 2905
1932 2906
2914 2908
2902 2916
3903 2909
2841 2910
6262 2914
262 262
551 590
942 6195
2332 3484
6843 4128
6833 263
2506 3127
1520 626
9712 3455
1256 2966
9537 9537
2047 3446
326 8149
4743 9947
7556 9946
6490 2690
8312 8312
1527 8775
8671 8675
8541 8663
5411 8671
1175 8672
4135 3025
8050 1511
3957 9864
3606 6413
2391 3606
2096 9911
8807 8807
6636 8808
3649 3649
6707 2647
9183 9183
542 9525
4894 4894
1528 1528
2762 3780
4338 2483
1112 843
1983 403
572 508
4245 2961
5677 1606
4000 480
5325 9726
2628 9096
5439 236
2171 835
135 3778
1421 673
6256 2502
3299 7424
6420 6420
8016 2826
7437 7437
9468 7426
5816 848
8542 166
2966 9115
5606 2687
4216 552
6681 6635
9990 9370
2363 9371
8922 479
8475 9764
1044 9761
9794 9794
7526 2786
7776 4817
5537 9738
2198 1628
2088 2486
2511 2511
7151 9917
7364 9913
3946 8701
2802 2802
8334 624
1856 1856
3472 41
9657 9657
5679 1519
3180 3450
3196 7435
5233 2749
381 2815
3695 9988
6291 8660
8193 8670
7222 8674
1708 8676
5375 8711
3046 2761
7439 7439
6161 9660
8603 9661
5897 9662
9270 9663
5995 2950
8764 8764
354 684
775 2777
3566 2778
7492 9372
9116 9116
7624 6634
277 7422
395 9377
9377 9365
4386 4386
1905 4389
9387 4387
1975 4388
898 2774
725 2791
2108 2003
9928 2677
4084 2658
148 3089
6769 9566
3511 9567
9566 9574
340 9548
5156 9533
4920 109
7472 2959
1259 3457
8102 9754
8272 2021
5100 5100
9062 3445
637 637
9768 9768
2199 9759
9720 9760
4319 9762
3965 9765
3709 1981
1980 1980
442 1990
6635 2942
4965 6196
1526 1526
5396 5827
593 2975
7331 7440
8780 174
4960 6648
8579 634
800 173
2053 4066
7686 7669
9238 1515
8451 2645
7012 636
6906 5586
7325 623
633 633
1835 3757
6888 9369
1176 6435
2638 6439
4031 638
1578 8740
9292 8982
45 7853
1386 6334
1099 1581
3282 4081
6074 9086
9018 9087
8770 8770
9729 9729
2111 3000
3770 7851
2584 6628
4958 1950
9791 9791
8806 2963
6829 3012
3909 2023
9443 9748
3831 7421
9502 9364
5389 2782
570 4456
6885 9453
1638 5332
4109 4109
2482 2482
4681 9175
4434 627
6530 9920
419 9163
1422 8310
8702 7931
8944 4371
7429 7429
8749 8719
6927 6832
8522 8771
7789 629
7982 3117
841 841
183 9796
2046 3424
8641 1512
891 8447
4909 2935
6524 2806
97 7487
1324 7485
7566 1505
4866 9330
9790 9790
1323 2965
1788 2794
32 2977
2038 6312
3678 1986
3057 3057
1358 2124
6950 6950
1389 9179
7486 3482
6783 2776
7940 3443
8465 3490
3830 2771
3506 3120
8126 9749
2362 2017
8687 2022
2022 2024
3404 2733
2972 2828
1272 2772
6437 2785
6541 2792
7644 2821
5886 2808
1581 2769
6062 2827
2769 2825
501 2822
2792 2820
3135 2722
7434 2819
4092 2817
6969 2741
3043 2790
6846 2816
2726 1991
3218 2939
9611 1958
1617 8313
3022 3022
5689 7198
7334 8785
416 2995
9296 3123
6434 6434
4536 6182
5340 2676
3077 3077
1798 2945
2369 3413
7703 6027
5796 3111
4574 2978
504 504
8311 3758
481 8998
6221 9747
2629 2957
459 9746
8839 5109
673 3801
6030 6030
6572 2970
7355 3463
2881 3091
5056 9484
9643 2664
5580 1559
8175 3062
8164 4077
6265 6265
7333 3011
4722 3036
9610 833
9728 9728
2941 2686
4971 9782
905 503
9716 2651
1463 1140
609 3476
9067 9985
6869 9793
9781 9792
3479 9781
7533 9786
3199 9114
2474 2474
4726 9184
8363 9181
9181 9177
8546 9178
6205 6205
6484 1992
6516 1974
3394 6403
5319 9089
8433 3477
2782 610
6138 9366
9713 9375
9718 9376
8800 9374
2273 9368
9374 9367
3453 3453
5638 9882
9376 6057
3056 3056
1659 603
883 9117
4994 1691
2034 6352
1090 400
476 1988
5278 9742
9742 9739
9122 9741
2402 7419
2405 7425
1654 7442
6167 7438
9945 7428
2148 7434
1301 7430
1996 7431
8270 2014
427 2013
2041 2025
8774 1972
9539 2009
6792 2008
2009 2006
9820 1973
6945 1975
2137 2004
8899 1977
8023 1998
2105 1983
4389 1989
5823 8626
9866 9884
1348 3506
1913 9757
685 9755
786 9871
3568 2702
3102 3102
9073 9119
8216 1967
8008 2982
9668 2976
9942 2974
3912 2946
4653 2972
9681 2951
8722 2962
8990 2952
9541 2954
4738 2953
6378 3419
7245 6803
3602 8772
7314 4859
1202 9874
1592 9881
6363 8767
4852 4069
7763 6232
4297 4790
9752 9751
3036 9752
8674 8769
1583 9772
8887 9310
9659 9316
6035 9315
8555 4078
3522 9858
7075 9737
1650 3038
6139 4084
1290 3399
1128 2472
3827 2698
7368 8784
619 619
3451 3451
8724 4494
9598 3039
4149 3037
6200 6200
2874 2692
9982 252
9463 6211
6902 545
3491 3491
6976 635
5172 632
4121 8714
4343 551
9629 8678
983 9938
2922 9190
6683 9744
3456 3456
9804 8934
8591 5875
3582 3963
2713 7848
623 8267
284 3008
9375 644
6559 8776
8258 9818
2661 2661
8797 1694
7352 4060
6403 3427
7652 6203
5487 9872
4365 4365
5611 2704
3899 3510
7751 6632
5829 2509
9883 9883
2357 3492
2361 3489
7772 7772
9957 8774
3409 8765
5219 2504
4323 9944
9248 3130
7169 2700
3738 2824
2398 6189
9309 6184
3069 2688
7273 9585
9340 4841
204 6440
6628 3009
4935 3044
2013 3027
3191 3043
3044 3042
7929 3041
1486 3030
26 3032
9506 3033
82 3034
7513 3040
3228 3228
4893 7129
2018 183
9868 9868
9976 6627
975 5261
4567 3960
2624 2624
2501 2505
4312 2493
8096 2497
2258 2501
5260 1536
8703 9672
1377 9669
4979 3499
9877 9877
9222 9860
2671 2671
936 4059
2078 9587
7694 4212
6637 6637
7176 7176
7113 8768
7983 8763
8142 4101
5185 428
8855 3971
270 5106
6251 2629
4417 3958
7319 481
6449 6449
5820 9885
7849 3405
7489 7489
2652 2652
7301 4669
9879 3302
9191 9191
690 2508
489 9505
6939 9494
6809 2654
5582 6169
9766 1545
6631 6631
2718 3410
2178 2649
1468 3431
613 3415
5944 6479
5021 5021
7278 3255
2949 2628
3465 3465
5794 9840
31 1652
9836 1844
4065 2751
4890 4857
2076 3471
8118 3454
6168 2521
2521 2517
9555 2485
4305 2515
5053 2512
2744 2507
1786 2506
3803 2503
3638 2495
8981 2499
4325 6476
5861 6445
7195 4241
1214 9951
8121 3447
9132 2634
391 1846
3170 3487
5512 1175
6250 4232
796 642
4198 641
4834 4834
691 9870
1292 4092
9677 9677
2396 9674
5827 3746
8714 1658
3403 3472
8675 9118
9676 9676
9345 313
9388 556
2747 7802
7391 6641
896 6643
6498 6500
2568 6498
1058 9962
3407 4087
2760 2760
9723 2669
3065 3065
5238 3429
3368 3441
6299 3440
9587 3437
2851 3433
2260 3402
3440 3403
1145 3423
2971 3428
3410 3425
3425 3426
9207 9207
4580 9326
4538 8614
2095 4372
2880 2663
9996 3105
8322 3106
9562 6436
1294 6444
2659 4079
875 6437
6776 4350
6796 9667
9565 2725
6225 6225
4061 4061
1771 6012
7921 9678
5568 3061
4614 416
1639 1639
9410 548
7808 4860
838 7337
4509 8811
6197 6199
8091 6197
1142 6178
5683 4100
7976 4234
93 834
7797 4051
3339 3339
7178 4938
9444 4053
1791 4858
7074 2701
7743 3055
7716 4062
6444 3961
9151 3073
7565 3050
6489 9668
5879 4080
6712 9673
4537 4052
6123 4071
2441 3051
8163 9120
6076 4091
1848 4070
4446 9679
3362 9670
3269 9671
1278 4082
4700 4118
2942 6220
6179 4073
1089 6738
5959 3133
6081 3099
355 3126
7031 2639
6884 3466
1821 3470
4629 3460
3488 3507
1461 3467
3495 3505
3460 3469
8833 3500
9157 3495
650 3488
4421 3479
9159 3475
6234 3478
9538 4197
4346 4346
9496 9496
3576 2691
4576 4374
5429 4119
6213 6213
7621 4058
1946 1946
6422 5031
881 3970
3977 3977
4604 9896
4617 2655
1673 2713
2107 3486
8310 3048
3969 3969
9859 9859
9785 550
9780 557
2989 6455
9997 9502
4423 546
4854 4067
3335 3101
3910 4088
2627 2627
1941 264
7670 486
7295 8058
4154 4076
6038 2947
9 4300
6448 6448
5530 6496
9368 9442
4131 3082
4089 4089
3493 5080
8771 2637
8349 4851
5539 4120
974 4105
9519 8680
4795 4085
7384 2668
2811 3967
5608 4055
6334 342
4147 73
4864 5262
4566 4093
9498 9498
3630 2620
2959 3863
7839 691
5610 9855
490 490
1607 2709
5201 2697
4069 9879
6984 2715
9027 2693
7853 2712
1238 2711
2326 2694
5345 2703
3066 2708
6475 2706
2712 2707
123 2523
3629 2525
8232 8232
9739 9528
9399 2631
8399 7194
3038 4104
8569 405
9138 3973
9431 3964
3480 3063
6813 4098
1966 1966
671 2625
1366 6258
9542 7320
6799 1626
9323 6450
3166 6650
2698 6651
1991 9873
9063 2616
3388 2528
2356 9497
213 6462
1402 3974
3976 3976
5694 7705
6227 6227
6463 9709
28 6463
1108 9842
1597 6219
5979 9993
1657 6354
6864 4094
3774 4074
6992 2613
6658 2642
2089 2614
9500 2640
3589 2615
8136 2621
759 2632
221 2638
9633 2636
2682 2635
5497 2633
9508 171
9485 9485
3392 8401
7917 3599
7132 4056
7110 4728
4049 4049
8939 7770
2634 8939
1481 6948
4755 4755
2697 4113
2935 4861
5515 8224
926 8139
7873 8239
4799 4799
9501 9501
3181 9506
3656 359
363 3125
6920 3083
119 3084
7549 3086
3958 3085
8572 2746
2499 9500
5028 9493
2370 9492
6758 9085
6014 4112
4086 4086
5859 2569
4714 4714
3098 8681
9795 3064
3599 6482
861 8645
2318 3716
8912 6484
4075 4075
4063 4063
3167 3181
8329 4117
8021 260
1349 6464
3723 3494
7182 4064
1873 4124
7237 4121
8167 4108
8116 4068
2612 4095
7955 4106
8295 4102
2860 3902
9488 6347
9865 9854
4068 9856
1070 9865
7567 9861
3541 3541
6671 4125
8032 9857
9504 9504
1525 9488
6536 9503
6240 6488
2085 6481
5671 3493
9396 1944
6419 2762
2341 6507
4009 27
4597 4597
9645 3723
9442 3535
5143 547
2648 6044
168 2678
1872 2681
702 3955
2277 4888
4172 6466
1102 6451
6000 6457
807 6461
1289 6460
3333 423
4232 8996
7274 6491
3360 6506
5098 6504
6483 6503
304 6477
6477 6478
2731 6483
2090 6502
4709 6499
7271 6493
2067 6485
2003 6487
4798 6490
2834 2834
2835 2837
5907 2836
1516 2835
3110 8720
3076 3052
7939 3053
9014 3076
6841 14
9914 9914
7934 7934
6836 2670
507 175
1154 7703
3437 7704
8730 134
8248 7673
1774 6218
4136 277
6539 3193
231 3804
6204 6204
3302 7301
713 4083
7777 4090
4083 4123
8831 4122
6162 4096
6587 4097
2399 4116
4110 4099
7766 4103
4397 4115
5669 4107
3073 4110
1045 4114
7818 4111
2276 303
2937 4735
6316 6316
9280 6447
1031 6475
8230 6473
6454 6472
776 6471
3633 6470
6472 6452
4859 6453
6456 6467
8852 6465
668 6454
1569 6458
701 6456
3825 4810
4849 35
5416 3975
2567 7675
6957 7674
3310 4832
7115 478
6930 1677
6775 6255
1896 9935
5653 9933
9393 4802
7642 98
2117 7861
3297 116
4145 849
3021 26
7863 6625
6807 2476
2224 4190
612 4872
484 484
2818 2818
3888 6399
920 74
7014 485
6049 6062
3096 3924
7044 2768
5177 6222
278 3504
4913 6756
3103 3046
1887 3058
6767 3047
2890 9322
1155 9990
1217 9321
8811 9323
8854 9324
6406 9037
4196 3140
7443 9214
9651 3097
3296 507
5592 7763
6226 6226
2510 6210
4062 7709
941 7714
5903 61
6231 477
3674 1531
334 9783
5630 7717
9196 259
8767 1550
457 9866
8559 9852
8481 2522
1509 5074
2489 4710
2998 2660
4529 7792
9709 9490
3529 4729
8574 5818
9212 7719
2765 3658
2940 8981
8413 2812
1153 6346
7784 7784
7821 6331
7248 6224
3283 2576
7710 7710
783 1680
4915 425
1182 53
8133 3087
271 47
7560 9461
3896 3896
8628 2491
1333 9193
1880 6322
9249 9249
5867 3483
8368 6926
6692 9991
509 509
4251 8376
2820 8340
3055 6639
7239 8371
9894 9894
1330 5639
494 6209
2275 6216
6443 6230
6372 6217
328 6221
7306 6223
5838 6229
6230 6228
8103 3449
4533 2
434 9853
1271 6262
3497 2673
2507 9916
5048 5048
8615 8615
3718 3884
6005 2784
751 3342
9487 9487
7498 1668
1795 3885
1034 732
4728 3407
9343 4520
5833 9331
4185 3074
4741 4741
9627 2529
463 3905
6028 7436
2040 3718
2301 6326
2787 2787
6261 8643
7552 6514
9600 2924
2175 5907
4207 3323
2401 9867
2439 9612
510 510
7362 8509
8347 8347
2727 2727
8929 5794
3004 9127
6579 3888
7376 296
795 4870
1069 7000
9020 6343
9926 7490
5814 5814
3856 311
2565 5749
9237 9237
4719 6971
8884 9743
3559 2674
7759 9238
6821 1683
6704 3753
4380 1689
9076 3496
3496 3464
6451 9675
6690 4906
7713 7713
9288 9830
4123 9833
3473 3473
2696 8228
819 2666
5002 1943
9060 9702
8964 281
8109 9837
9120 2796
1291 6266
8787 9745
1262 8259
7477 2011
4002 2779
8773 8773
211 3406
6478 8677
9341 9341
8443 7486
3739 7492
8409 9338
3111 9345
9025 9339
259 9340
6929 9342
2651 9343
8225 1506
5601 1945
2808 3756
3169 6999
1082 9704
1505 9499
3151 7718
931 7716
9095 7707
5969 7708
8235 2679
9451 1889
4624 5333
9008 9469
7289 1548
2957 9949
3030 7591
9862 9862
193 5840
3621 2710
6642 6642
9535 8221
7085 9756
9037 6406
870 7244
5351 46
5190 172
1565 1565
7243 34
9987 165
1844 9836
4178 9994
9321 9992
9472 2832
1870 2831
9311 8215
8648 9841
4720 4720
6207 4126
8042 133
205 8246
3010 3417
8871 8871
9364 9997
4495 9999
2241 9787
2496 2510
2525 2496
188 6299
1415 8584
3306 9689
5622 9698
8689 9466
5908 1964
3489 9455
121 3211
9455 4127
5252 4787
8285 5336
3533 5341
4787 6469
1826 4772
8400 11
8392 10000
1820 9998
8391 9996
8408 22
1839 31
4548 90
1852 108
4532 9995
8417 125
8418 126
4551 140
8376 9986
1860 151
4552 228
1796 9984
8426 237
1863 258
8430 310
1789 9981
4526 9980
8366 9974
6070 9968
8436 317
8364 9965
6068 9963
1784 9950
8442 330
8444 335
1782 9945
6099 340
1875 341
8452 347
1893 360
8343 9943
1756 9942
8462 393
4510 9941
8466 401
8467 414
1752 9940
6107 429
6054 9934
1917 432
8478 448
8327 9929
8480 455
1922 456
1722 9928
1925 465
1719 9926
6115 467
1710 9922
4585 470
6046 9918
8497 475
1703 9912
1700 9907
8502 482
4490 9906
1697 9904
8309 9899
4590 500
1689 9898
4591 559
4488 9886
1684 9880
1682 9878
1942 611
4592 613
1674 9876
1948 618
1950 620
4595 643
8529 645
1956 701
4479 9875
1658 9863
1656 9846
8538 704
1967 705
1978 706
4607 712
1985 713
1987 731
6142 819
8557 1225
8558 1262
1994 1413
1631 9845
4449 9838
1628 9835
4448 9834
1997 1414
1622 9832
2001 1517
4620 1534
4444 9831
4439 9829
8582 1543
2026 1549
1602 9819
4626 1561
2029 1579
8229 9816
1595 9815
8590 1629
1593 9806
2033 1631
8223 9776
1589 9758
8222 9750
8600 1648
4631 1649
8605 1674
8213 9733
8608 1682
4636 1686
5999 9732
6166 1693
2049 1753
1570 9731
8205 9723
8620 1829
8197 9722
1561 9721
1560 9720
4648 1839
4411 9711
1548 9708
1542 9707
8185 9706
5986 9705
4410 9703
4408 9700
4668 1841
6184 1848
5980 9697
8654 1894
4399 9696
5977 9695
1517 9691
8158 9687
8663 1924
8665 1932
8666 1934
8153 9685
8669 1935
4674 1942
6192 1961
4677 1968
2112 1969
8676 1971
1504 9659
1501 9658
1497 9656
8682 1978
6195 1993
2121 1994
1496 9617
8685 1999
8141 9609
2125 2001
2126 2005
1485 9601
4693 2007
5963 9599
2141 2010
6202 2016
4698 2018
2152 2019
2156 2020
8112 9598
2164 2032
1453 9594
4381 9586
2168 2062
4702 2072
8721 2076
5953 9576
8105 9572
8726 2112
4705 2126
6210 2131
1434 9560
6211 2155
5948 9559
1429 9556
6214 2156
4712 2159
1418 9543
4379 9542
8748 2178
4377 9541
8082 9534
1403 9529
4371 9521
2218 2183
1390 9520
2222 2193
2235 2204
8063 9508
5930 9507
2265 2265
5927 9495
2268 2302
4733 2354
1369 9489
4734 2368
4350 9486
4736 2399
2286 2420
6241 2437
8025 9483
1352 9476
8798 2451
6243 2469
2292 2470
8805 2471
4752 2480
8009 9465
8002 9458
1327 9454
2324 2481
8822 2488
8825 2492
6257 2514
1319 9448
2334 2520
7989 9395
1318 9373
5905 9344
8830 2526
2336 2527
7985 9334
5902 9329
7980 9308
5900 9303
8843 2530
2343 2536
5898 9257
1297 9255
2350 2544
4320 9254
8856 2564
6272 2600
4771 2609
2365 2617
7957 9253
1286 9251
7956 9248
1282 9242
5890 9240
6274 2641
6275 2662
7948 9239
4779 2680
1264 9235
1263 9208
5883 9206
1261 9194
7931 9189
6284 2685
4299 9188
2403 2696
2406 2699
2415 2705
5873 9187
7910 9180
1234 9166
1233 9153
8909 2714
4283 9150
8915 2717
8917 2718
8921 2726
2455 2734
6301 2735
1212 9149
7888 9148
5863 9146
6302 2738
6306 2780
2476 2804
4261 9142
4818 2830
7868 9107
1186 9104
1180 9088
4819 2833
7862 9079
5847 9077
1172 9076
1163 9074
4829 2851
1158 9073
2519 2921
2520 2929
6325 3031
6326 3045
2536 3081
1140 9069
4236 9060
5837 9059
7817 9046
1122 9002
4842 3090
8992 3124
7814 8995
8995 3180
1111 8993
2580 3183
4210 8992
2585 3234
7792 8990
5826 8979
7783 8964
4850 3249
4200 8947
6353 3261
1088 8941
1087 8926
9024 3275
4197 8925
2609 3281
2610 3282
6358 3283
7748 8911
1062 8909
2636 3290
5811 8908
7740 8899
1052 8883
1051 8882
4857 3295
2641 3328
2644 3331
7722 8872
5805 8869
9064 3333
9066 3334
7715 8866
9072 3343
2675 3345
9075 3348
7704 8861
1020 8859
1019 8856
4871 3354
9084 3355
2685 3356
4153 8844
2699 3357
4148 8834
988 8815
4886 3366
2705 3371
980 8812
5787 8805
977 8799
9106 3379
5786 8789
4139 8749
6399 3381
7672 8742
2724 3388
9118 3392
9119 3395
2730 3414
5779 8739
954 8669
2734 3416
2735 3418
2739 3421
7647 8668
4905 3422
2748 3430
4130 8667
7637 8665
9146 3432
2761 3434
5767 8658
9149 3435
4124 8656
9153 3438
9154 3439
7626 8655
4122 8630
913 8621
5764 8620
4120 8608
2781 3442
9166 3448
7611 8605
2790 3458
4919 3459
894 8604
2795 3462
4923 3468
4116 8600
5752 8579
2809 3474
2812 3480
5748 8571
9194 3481
5746 8565
2830 3497
5745 8558
864 8557
2833 3498
7575 8530
2836 3509
4937 3511
4095 8512
9211 3540
850 8510
847 8508
7561 8500
5737 8497
7555 8496
7551 8495
4953 3553
9227 3587
2855 3592
4954 3598
2857 3605
9233 3647
827 8492
9235 3747
2864 3749
9239 3755
9240 3761
9242 3765
4959 3770
2875 3777
6455 3781
7527 8486
9251 3805
9254 3823
7525 8478
4966 3857
4967 3859
802 8477
801 8466
9261 3865
5719 8463
9265 3868
7517 8458
7514 8452
5717 8449
4078 8446
790 8442
7503 8418
4974 3882
2912 3883
7491 8416
7490 8413
4980 3889
6476 3890
5706 8412
2930 3892
7470 8411
742 8408
5702 8403
7468 8381
738 8380
4992 3893
732 8364
7463 8317
9313 3914
7460 8295
7458 8290
4995 3929
7455 8288
7452 8287
716 8283
4057 8282
2963 3930
5000 3937
4055 8281
6493 3938
9339 3948
7428 8279
694 8262
6499 3990
2986 4017
2992 4057
5010 4195
9351 4225
3002 4258
6506 4259
5013 4296
9359 4304
7405 8261
3017 4373
7399 8258
5018 4379
9371 4381
9373 4444
3024 4472
4018 8250
9379 4479
9382 4493
9384 4496
5026 4501
7372 8237
6523 4511
3047 4532
6527 4540
4003 8235
636 8234
5037 4541
7349 8233
6532 4543
9407 4545
3075 4551
5046 4554
3081 4555
9415 4558
620 8231
7335 8229
616 8225
3082 4565
3990 8223
5651 8222
3090 4566
607 8217
3094 4568
7321 8197
7320 8187
9435 4643
7318 8179
7315 8176
6546 4663
3978 8160
589 8158
7304 8156
581 8155
6553 4664
3124 4665
5077 4683
568 8153
3129 4688
3970 8152
9465 4691
563 8086
561 8061
9470 4692
3139 4702
3968 8019
7277 8018
5086 4709
9476 4716
5087 4724
5090 4730
3962 7984
5623 7980
6565 4746
7263 7979
7262 7941
3157 4750
5095 4752
7259 7937
526 7936
3955 7927
3954 7926
7241 7915
9507 4759
3953 7905
3183 4771
7234 7882
515 7874
3948 7871
5105 4779
3194 4782
9520 4789
506 7868
9522 4797
3197 4798
503 7862
7218 7854
3942 7832
496 7811
9533 4805
3204 4808
5107 4821
3941 7800
7207 7795
6589 4829
7201 7782
7200 7778
488 7767
7197 7753
6593 4835
3929 7749
7192 7743
5122 4839
9559 4842
3252 4855
7183 7734
9569 4902
3260 4907
9572 4917
3261 4922
3916 7715
9577 4944
456 7712
6604 4953
451 7700
7167 7667
450 7664
9585 4982
446 7661
7162 7655
7159 7639
9594 4996
440 7635
3284 4999
9599 5012
3291 5018
9605 5024
9606 5026
3901 7633
9609 5028
7142 7626
426 7623
9616 5037
3315 5038
7128 7612
3895 7590
5179 5039
3330 5046
3334 5052
5182 5056
3340 5061
397 7589
3342 5062
5559 7551
3343 5064
3348 5066
3361 5068
9649 5075
9650 5076
7097 7520
5194 5084
3881 7518
3367 5085
3371 5090
7084 7514
7082 7511
3878 7504
9669 5094
7077 7503
360 7498
6639 5096
7073 7496
3877 7494
5222 5107
347 7491
9684 5113
9685 5123
5226 5134
7059 7488
5534 7482
3865 7452
330 7443
7051 7441
7049 7433
9699 5138
324 7408
5230 5154
3422 5155
7043 7403
6653 5157
3859 7358
5236 5159
307 7335
7035 7329
5237 5176
9717 5182
3436 5183
5519 7290
3439 5185
9724 5188
9725 5190
3445 5204
5241 5215
3446 5217
3447 5237
291 7277
290 7236
7020 7174
289 7088
3450 5243
5244 5257
3459 5300
3463 5329
3466 5345
5253 5393
275 6983
3470 5454
5254 5504
3835 6979
272 6973
6994 6972
3834 6970
269 6969
265 6955
6989 6954
264 6953
3483 5592
3484 5640
9775 5659
6676 5717
256 6952
6977 6946
5270 5742
6972 6941
247 6940
5272 5743
244 6921
6680 5745
243 6920
5490 6828
9793 5752
6960 6827
9796 5762
9797 5804
3499 5805
3500 5813
3823 6824
6952 6819
9805 5828
5283 5837
228 6815
9808 5842
5482 6814
6948 6784
9815 5851
3509 5852
3812 6780
9822 5854
3523 5858
207 6777
5475 6776
200 6774
5298 5866
3530 5868
6926 6765
6924 6760
6922 6715
5308 5869
6701 5873
5315 5877
178 6709
3548 5889
175 6658
9853 5892
6903 6654
6893 6653
159 6640
3572 5963
6889 6591
5329 5965
5455 6589
151 6582
9872 6000
9873 6002
5453 6565
6883 6558
9878 6014
3577 6015
136 6554
5448 6553
3583 6021
5445 6552
124 6541
3592 6024
3768 6536
3598 6025
3765 6527
9903 6029
113 6525
9905 6036
6855 6524
106 6523
9911 6038
3756 6522
6849 6518
6847 6512
9918 6039
6834 6505
5431 6501
5356 6046
9932 6047
77 6489
74 6486
3647 6049
5357 6054
69 6480
5359 6056
6820 6474
6819 6468
3731 6459
9947 6070
5368 6123
6751 6172
6815 6441
5420 6438
5372 6180
3730 6405
6806 6367
41 6362
3661 6181
9963 6186
34 6361
6754 6192
9967 6193
5381 6215
30 6340
6798 6338
9974 6234
3677 6256
3681 6257
9980 6259
20 6330
5393 6261
13 6315
9989 6269
3697 6273
5400 6301
6777 6293
3704 6275
5 6284
3705 6276
