5141 1
3704 2
4003 3
5612 4
5306 5
4473 6
946 7
7415 8
3415 9
6548 10
1348 11
1210 12
1982 13
5584 14
4420 15
2152 16
6154 17
82 18
7133 19
6736 20
473 21
2615 22
3997 23
1936 24
710 25
685 26
3354 27
6160 28
5911 29
4574 30
1027 31
5658 32
3323 33
3848 34
5055 35
4252 36
1734 37
5439 38
5256 39
5451 40
3364 41
5966 42
5091 43
5616 44
5749 45
2225 46
1205 47
6165 48
2446 49
3141 50
4242 51
743 52
7238 53
3150 54
331 55
5967 56
5631 57
4718 58
112 59
7122 60
4323 61
5790 62
78 63
4600 64
2567 65
460 66
6274 67
6558 68
5644 69
67 70
1174 71
4301 72
6621 73
7386 74
732 75
4316 76
4474 77
4586 78
1319 79
2956 80
1180 81
5254 82
2357 83
1952 84
2696 85
1023 86
2305 87
6757 88
108 89
1818 90
2797 91
7180 92
1568 93
4494 94
7235 95
7206 96
1803 97
5092 98
3902 99
6354 100
7037 101
6487 102
6628 103
5010 104
6947 105
2318 106
387 107
6009 108
5873 109
3194 110
5716 111
2683 112
4803 113
3363 114
5218 115
4459 116
3357 117
5373 118
1564 119
5620 120
1374 121
6887 122
6000 123
5283 124
1975 125
5999 126
3084 127
5841 128
2859 129
1812 130
2910 131
6589 132
2013 133
6806 134
3542 135
4541 136
206 137
7078 138
1231 139
6209 140
2643 141
1083 142
7199 143
5211 144
3055 145
1468 146
5232 147
3483 148
3154 149
791 150
6760 151
5342 152
5479 153
4958 154
2613 155
5300 156
3174 157
45 158
4433 159
2145 160
70 161
3176 162
7163 163
3398 164
1541 165
3569 166
3370 167
6478 168
5879 169
3659 170
2432 171
4253 172
3450 173
447 174
375 175
1033 176
1799 177
5585 178
781 179
6326 180
1891 181
5467 182
6785 183
626 184
4452 185
7436 186
5660 187
4406 188
4397 189
2604 190
2830 191
5274 192
4153 193
2629 194
1005 195
5850 196
863 197
4787 198
7157 199
3799 200
6980 201
5653 202
4057 203
5098 204
4854 205
6951 206
4336 207
1303 208
479 209
2616 210
2191 211
3938 212
410 213
373 214
2346 215
6683 216
5411 217
5807 218
2895 219
48 220
2422 221
338 222
7274 223
3022 224
5664 225
4183 226
813 227
6181 228
1256 229
3427 230
680 231
1758 232
492 233
4597 234
1689 235
7267 236
3888 237
3341 238
4146 239
4193 240
4341 241
1814 242
442 243
4155 244
1895 245
6118 246
3917 247
7087 248
7016 249
5087 250
3372 251
5187 252
3804 253
5351 254
6098 255
859 256
1467 257
7293 258
434 259
7270 260
6448 261
5713 262
4990 263
4658 264
6247 265
4902 266
3279 267
7017 268
2871 269
7131 270
772 271
2739 272
2803 273
5229 274
4124 275
4079 276
7027 277
964 278
1327 279
1133 280
3458 281
2725 282
3078 283
5514 284
6798 285
4856 286
5371 287
2222 288
6710 289
4942 290
5685 291
1188 292
5190 293
6237 294
6571 295
5236 296
4570 297
5605 298
3149 299
999 300
3423 301
6928 302
2730 303
7069 304
2270 305
563 306
333 307
4446 308
3780 309
3576 310
1069 311
3864 312
6623 313
854 314
2232 315
3790 316
7388 317
2207 318
3276 319
3184 320
6755 321
5136 322
3388 323
1902 324
6796 325
3880 326
5258 327
3289 328
3665 329
5766 330
4527 331
513 332
773 333
3019 334
3489 335
4412 336
3526 337
2559 338
1058 339
3162 340
6135 341
5940 342
2299 343
1504 344
2530 345
219 346
6641 347
2216 348
4591 349
2105 350
5407 351
2929 352
1392 353
362 354
5764 355
604 356
1863 357
7080 358
4410 359
5730 360
1077 361
4779 362
5345 363
3004 364
3856 365
5555 366
3053 367
764 368
5673 369
1302 370
1938 371
126 372
3094 373
2946 374
741 375
1577 376
1948 377
347 378
3867 379
966 380
6305 381
7226 382
1054 383
3006 384
1296 385
3554 386
2310 387
5563 388
911 389
5262 390
3519 391
2864 392
6600 393
178 394
2031 395
6232 396
6217 397
2729 398
122 399
3789 400
6196 401
426 402
7188 403
994 404
5541 405
1021 406
2811 407
4987 408
789 409
4782 410
1474 411
3976 412
64 413
4925 414
4104 415
5469 416
2506 417
971 418
6146 419
5531 420
7137 421
6262 422
6507 423
4203 424
5405 425
2419 426
341 427
2273 428
1116 429
7113 430
6772 431
1888 432
7431 433
3651 434
3383 435
1067 436
2553 437
4555 438
803 439
5830 440
258 441
235 442
5687 443
4872 444
4999 445
2190 446
4543 447
3262 448
6771 449
6703 450
2710 451
7088 452
3525 453
4368 454
4790 455
6892 456
35 457
2611 458
6306 459
6849 460
944 461
298 462
7083 463
7482 464
705 465
5900 466
3869 467
5527 468
4928 469
4166 470
6799 471
5080 472
1497 473
1649 474
4195 475
485 476
4639 477
5085 478
2262 479
4407 480
1875 481
3230 482
1821 483
1040 484
6848 485
7488 486
73 487
2016 488
1455 489
2572 490
5678 491
4239 492
4539 493
3854 494
2651 495
4401 496
1481 497
5317 498
3020 499
3429 500
1901 501
4511 502
5319 503
1798 504
5962 505
619 506
1489 507
3707 508
5545 509
4453 510
6695 511
2210 512
3029 513
912 514
5326 515
1287 516
5843 517
6578 518
4534 519
622 520
4382 521
6040 522
214 523
664 524
6521 525
5956 526
5639 527
2088 528
6692 529
1832 530
1100 531
6364 532
6704 533
2874 534
5903 535
1494 536
96 537
4018 538
583 539
3109 540
197 541
3671 542
4229 543
3462 544
2220 545
6093 546
1344 547
6329 548
6431 549
4025 550
2779 551
6185 552
1134 553
2137 554
7410 555
5663 556
5676 557
7234 558
5003 559
2404 560
673 561
4520 562
1070 563
6718 564
6744 565
635 566
1241 567
305 568
3685 569
6037 570
4642 571
6532 572
2998 573
1530 574
2507 575
6241 576
4487 577
483 578
2502 579
6922 580
3577 581
4058 582
606 583
209 584
2086 585
1695 586
7452 587
5409 588
5414 589
7073 590
797 591
3714 592
3396 593
2263 594
3294 595
3752 596
7140 597
4425 598
3183 599
7261 600
3287 601
5108 602
5419 603
3074 604
1102 605
7060 606
5592 607
5503 608
2250 609
6912 610
5369 611
392 612
830 613
4432 614
6666 615
2090 616
3348 617
3667 618
1397 619
958 620
3206 621
7112 622
2489 623
1834 624
3595 625
6982 626
1389 627
6838 628
7103 629
4634 630
3882 631
6776 632
488 633
424 634
1390 635
6080 636
521 637
2297 638
4810 639
3175 640
1297 641
2648 642
6376 643
4742 644
1945 645
4182 646
142 647
1184 648
1425 649
5350 650
6961 651
3600 652
1407 653
446 654
2677 655
4046 656
3873 657
5529 658
4712 659
5464 660
6436 661
7038 662
5521 663
5894 664
1271 665
1204 666
3615 667
4659 668
3627 669
3871 670
5106 671
5240 672
5493 673
7387 674
4773 675
1432 676
590 677
7248 678
3922 679
5701 680
217 681
4383 682
2990 683
3034 684
2978 685
1444 686
5728 687
5827 688
2921 689
5789 690
3247 691
982 692
1548 693
3368 694
2555 695
4247 696
7328 697
644 698
1851 699
5526 700
1045 701
1234 702
24 703
2833 704
2478 705
4002 706
6680 707
204 708
6350 709
2800 710
6948 711
4141 712
6367 713
1662 714
973 715
5549 716
5362 717
46 718
3284 719
2908 720
1507 721
1457 722
6046 723
5961 724
5696 725
4580 726
687 727
5045 728
1942 729
163 730
6472 731
4932 732
6490 733
1148 734
5134 735
1973 736
5186 737
783 738
1843 739
2684 740
1775 741
7063 742
1219 743
2957 744
1595 745
3043 746
1753 747
6043 748
785 749
2390 750
2380 751
3332 752
7466 753
4332 754
7221 755
3891 756
5606 757
1170 758
1691 759
4682 760
2642 761
7097 762
7340 763
1990 764
3564 765
4310 766
5557 767
4112 768
6856 769
550 770
3521 771
114 772
3534 773
2095 774
5862 775
2462 776
7404 777
4631 778
775 779
6779 780
5456 781
5691 782
264 783
5502 784
2939 785
1140 786
719 787
5814 788
1324 789
2158 790
6066 791
4746 792
3387 793
6908 794
3496 795
3532 796
2394 797
514 798
5887 799
2019 800
4887 801
649 802
1719 803
4598 804
1422 805
5575 806
6398 807
4798 808
5314 809
6078 810
1602 811
924 812
5650 813
3824 814
1729 815
2344 816
101 817
5457 818
419 819
5296 820
5598 821
6142 822
5053 823
6927 824
1815 825
3887 826
6730 827
6840 828
3254 829
3693 830
3009 831
1424 832
5340 833
6082 834
2083 835
1615 836
4960 837
6257 838
3924 839
5904 840
2838 841
5322 842
6318 843
4211 844
3296 845
1892 846
3908 847
6131 848
3781 849
6584 850
501 851
6633 852
2873 853
65 854
4202 855
5500 856
1138 857
3899 858
7212 859
2352 860
4006 861
5356 862
5825 863
6944 864
4957 865
1295 866
6797 867
5424 868
6943 869
3056 870
1190 871
5561 872
3827 873
5774 874
2810 875
4163 876
7098 877
928 878
7001 879
2278 880
3986 881
6863 882
466 883
7361 884
6114 885
6476 886
5725 887
6538 888
4618 889
4244 890
6340 891
3682 892
2290 893
7049 894
5137 895
6322 896
5597 897
2723 898
1651 899
3479 900
7195 901
4909 902
187 903
7454 904
5125 905
266 906
2014 907
7106 908
3971 909
1509 910
5118 911
5495 912
800 913
6754 914
4441 915
6157 916
406 917
1738 918
5135 919
5233 920
5564 921
6640 922
2534 923
7090 924
5753 925
7394 926
3301 927
7268 928
2327 929
3416 930
1680 931
2541 932
675 933
161 934
4850 935
6258 936
628 937
3255 938
3297 939
1679 940
4194 941
1545 942
1759 943
7446 944
2241 945
6299 946
5398 947
51 948
461 949
5063 950
6169 951
4851 952
807 953
4305 954
3169 955
2146 956
54 957
7498 958
7281 959
4083 960
5805 961
7477 962
5909 963
500 964
4186 965
6518 966
2940 967
1336 968
2032 969
3223 970
4783 971
7050 972
523 973
4375 974
6413 975
4755 976
2467 977
6269 978
3178 979
445 980
2027 981
28 982
6396 983
2038 984
464 985
6055 986
3859 987
1189 988
3070 989
4968 990
3758 991
1534 992
3192 993
2053 994
4128 995
4769 996
4319 997
4989 998
2350 999
5953 1000
1038 1001
1571 1002
6143 1003
998 1004
1004 1005
3926 1006
860 1007
3486 1008
4369 1009
5008 1010
5418 1011
388 1012
4614 1013
2494 1014
5855 1015
4831 1016
4743 1017
268 1018
4329 1019
5868 1020
6606 1021
6045 1022
3298 1023
332 1024
438 1025
1254 1026
6597 1027
861 1028
6259 1029
15 1030
1196 1031
3209 1032
691 1033
5882 1034
4171 1035
4460 1036
845 1037
6173 1038
3106 1039
2012 1040
7193 1041
139 1042
6155 1043
2511 1044
4366 1045
6212 1046
5323 1047
6449 1048
6062 1049
475 1050
2134 1051
3032 1052
358 1053
6122 1054
538 1055
7279 1056
3268 1057
4707 1058
2751 1059
6153 1060
6020 1061
7306 1062
3134 1063
4823 1064
6176 1065
930 1066
6496 1067
6652 1068
6975 1069
3863 1070
3571 1071
2450 1072
5166 1073
1496 1074
4723 1075
3454 1076
5571 1077
7354 1078
1514 1079
2697 1080
5958 1081
2639 1082
3319 1083
1020 1084
6434 1085
4933 1086
7039 1087
1195 1088
7339 1089
5828 1090
4819 1091
4086 1092
2928 1093
3968 1094
2227 1095
288 1096
7159 1097
4623 1098
1031 1099
3602 1100
4287 1101
3817 1102
5208 1103
2618 1104
2565 1105
1057 1106
4177 1107
2167 1108
5328 1109
5005 1110
3717 1111
4522 1112
4848 1113
5604 1114
1940 1115
3743 1116
3918 1117
2724 1118
6527 1119
4643 1120
2594 1121
3570 1122
4971 1123
4180 1124
6152 1125
6238 1126
943 1127
6716 1128
152 1129
2707 1130
3653 1131
7074 1132
2728 1133
891 1134
3343 1135
3550 1136
3623 1137
6074 1138
3698 1139
4759 1140
2941 1141
544 1142
809 1143
1524 1144
499 1145
7229 1146
792 1147
1406 1148
3956 1149
342 1150
1664 1151
5624 1152
1225 1153
6603 1154
3473 1155
1569 1156
3016 1157
2792 1158
4853 1159
5670 1160
1072 1161
5462 1162
1722 1163
5677 1164
2942 1165
4384 1166
5982 1167
2649 1168
2777 1169
4224 1170
3187 1171
1714 1172
7308 1173
7118 1174
734 1175
2139 1176
4463 1177
877 1178
380 1179
4547 1180
574 1181
4080 1182
1423 1183
6182 1184
7252 1185
7132 1186
2093 1187
3459 1188
3690 1189
6060 1190
1447 1191
7399 1192
5089 1193
6891 1194
1258 1195
5580 1196
3619 1197
3382 1198
5400 1199
7276 1200
2722 1201
2466 1202
6474 1203
3676 1204
6336 1205
2806 1206
1983 1207
7143 1208
7432 1209
4405 1210
7151 1211
7114 1212
71 1213
5344 1214
983 1215
3764 1216
5885 1217
4836 1218
5396 1219
2498 1220
805 1221
4277 1222
765 1223
335 1224
110 1225
952 1226
5869 1227
3001 1228
6541 1229
4572 1230
2984 1231
651 1232
6935 1233
745 1234
2281 1235
2992 1236
5109 1237
5473 1238
6528 1239
3434 1240
5861 1241
3725 1242
5856 1243
1912 1244
1325 1245
6953 1246
3026 1247
1953 1248
6459 1249
6440 1250
3629 1251
3907 1252
817 1253
3660 1254
7100 1255
7177 1256
6801 1257
4225 1258
2634 1259
6423 1260
615 1261
4533 1262
5941 1263
1795 1264
867 1265
3000 1266
3475 1267
7099 1268
3380 1269
5142 1270
3039 1271
3219 1272
247 1273
3456 1274
6412 1275
6328 1276
4396 1277
4338 1278
2954 1279
1340 1280
3541 1281
5821 1282
1556 1283
2119 1284
5844 1285
4840 1286
7260 1287
1211 1288
6103 1289
5699 1290
766 1291
1157 1292
6298 1293
6773 1294
3993 1295
5023 1296
7318 1297
4408 1298
6424 1299
6017 1300
6164 1301
870 1302
4371 1303
875 1304
244 1305
4901 1306
6236 1307
3218 1308
5590 1309
634 1310
1550 1311
7230 1312
1743 1313
2521 1314
150 1315
1831 1316
6627 1317
4640 1318
4625 1319
2508 1320
5379 1321
297 1322
3101 1323
6371 1324
1887 1325
2259 1326
6967 1327
5468 1328
1918 1329
3384 1330
6648 1331
6150 1332
555 1333
1641 1334
4435 1335
1412 1336
4248 1337
399 1338
790 1339
7175 1340
5337 1341
1059 1342
6465 1343
5216 1344
2899 1345
7062 1346
2592 1347
1572 1348
4530 1349
1885 1350
1096 1351
4340 1352
1603 1353
3814 1354
356 1355
1737 1356
1358 1357
177 1358
4399 1359
4066 1360
3785 1361
541 1362
970 1363
437 1364
7429 1365
1903 1366
6072 1367
5813 1368
7372 1369
2603 1370
154 1371
5690 1372
2482 1373
4312 1374
6004 1375
2763 1376
6814 1377
1039 1378
3195 1379
6959 1380
5392 1381
1207 1382
7036 1383
2312 1384
7435 1385
5447 1386
4550 1387
3905 1388
4279 1389
5998 1390
5747 1391
2785 1392
6696 1393
238 1394
3858 1395
4275 1396
4554 1397
1782 1398
3405 1399
1131 1400
7045 1401
3750 1402
3120 1403
2169 1404
6607 1405
1927 1406
4605 1407
720 1408
6678 1409
7487 1410
7265 1411
5692 1412
5608 1413
1835 1414
5143 1415
4763 1416
6044 1417
2025 1418
7330 1419
7155 1420
239 1421
2999 1422
4051 1423
137 1424
4561 1425
1343 1426
3759 1427
6477 1428
2275 1429
1349 1430
2560 1431
3797 1432
7314 1433
4683 1434
3645 1435
6676 1436
2719 1437
1650 1438
6452 1439
1904 1440
1431 1441
5490 1442
4920 1443
4120 1444
822 1445
291 1446
1007 1447
4630 1448
3257 1449
4622 1450
4924 1451
283 1452
4731 1453
5035 1454
6722 1455
5733 1456
1048 1457
6997 1458
3786 1459
7490 1460
6714 1461
2703 1462
2501 1463
953 1464
2972 1465
5269 1466
4267 1467
2405 1468
144 1469
568 1470
4646 1471
4535 1472
6631 1473
4256 1474
3346 1475
1732 1476
7263 1477
4815 1478
5372 1479
3560 1480
5784 1481
2197 1482
6067 1483
6464 1484
397 1485
5176 1486
1613 1487
1773 1488
4820 1489
3493 1490
6378 1491
2842 1492
3138 1493
3048 1494
1329 1495
2854 1496
4430 1497
6108 1498
7148 1499
3774 1500
5168 1501
1998 1502
7403 1503
7385 1504
425 1505
1992 1506
6086 1507
6332 1508
7425 1509
1002 1510
2545 1511
5971 1512
5304 1513
5528 1514
6974 1515
1727 1516
2547 1517
225 1518
4988 1519
5880 1520
4470 1521
598 1522
1436 1523
3145 1524
6498 1525
3302 1526
2074 1527
5525 1528
5499 1529
4733 1530
3964 1531
2632 1532
553 1533
5574 1534
3874 1535
7471 1536
5348 1537
5694 1538
2168 1539
2160 1540
2091 1541
5126 1542
3630 1543
5705 1544
3430 1545
7070 1546
4265 1547
4457 1548
4863 1549
2809 1550
5928 1551
7119 1552
5919 1553
17 1554
3650 1555
1498 1556
2474 1557
260 1558
7462 1559
3197 1560
3017 1561
1908 1562
3514 1563
6061 1564
1022 1565
1536 1566
2410 1567
4531 1568
3500 1569
3844 1570
2938 1571
2307 1572
3468 1573
4595 1574
3163 1575
1642 1576
4501 1577
5280 1578
7483 1579
3943 1580
2106 1581
7044 1582
3058 1583
7374 1584
4745 1585
26 1586
3648 1587
565 1588
7345 1589
6924 1590
476 1591
2876 1592
3461 1593
3705 1594
1608 1595
4919 1596
6468 1597
4916 1598
2628 1599
5600 1600
7362 1601
1216 1602
3066 1603
7205 1604
2345 1605
699 1606
280 1607
4309 1608
7327 1609
780 1610
6348 1611
4764 1612
371 1613
7257 1614
1911 1615
2519 1616
5659 1617
1542 1618
2601 1619
2289 1620
6818 1621
1029 1622
1443 1623
960 1624
5194 1625
1088 1626
1314 1627
5099 1628
4144 1629
5111 1630
3510 1631
3121 1632
7013 1633
623 1634
5443 1635
149 1636
4970 1637
427 1638
5205 1639
5338 1640
2236 1641
4918 1642
3746 1643
1051 1644
486 1645
3806 1646
5157 1647
6033 1648
6530 1649
5114 1650
6208 1651
4966 1652
1947 1653
7402 1654
2237 1655
409 1656
3313 1657
5026 1658
1993 1659
1871 1660
4835 1661
614 1662
6934 1663
2692 1664
7417 1665
3445 1666
6842 1667
4923 1668
1730 1669
760 1670
2579 1671
4891 1672
662 1673
6388 1674
1090 1675
3798 1676
2544 1677
6391 1678
5113 1679
1430 1680
1625 1681
3125 1682
1404 1683
1987 1684
5937 1685
1810 1686
724 1687
241 1688
4357 1689
3886 1690
2538 1691
3204 1692
4804 1693
1400 1694
4672 1695
2004 1696
3642 1697
2715 1698
2731 1699
4468 1700
885 1701
3263 1702
3626 1703
3044 1704
3369 1705
103 1706
4749 1707
1071 1708
2609 1709
1024 1710
6674 1711
2067 1712
8 1713
6481 1714
1127 1715
7094 1716
1884 1717
725 1718
6713 1719
5364 1720
7264 1721
3264 1722
7219 1723
6291 1724
4977 1725
1635 1726
6752 1727
4268 1728
4868 1729
2531 1730
996 1731
4843 1732
886 1733
7440 1734
52 1735
5890 1736
4139 1737
2104 1738
2102 1739
6896 1740
2963 1741
2252 1742
4455 1743
2901 1744
6719 1745
6392 1746
1142 1747
2247 1748
277 1749
382 1750
494 1751
918 1752
4113 1753
6812 1754
1017 1755
3612 1756
2622 1757
4762 1758
7066 1759
3021 1760
5336 1761
3666 1762
874 1763
4249 1764
2513 1765
3378 1766
7251 1767
4590 1768
3640 1769
5586 1770
5011 1771
5266 1772
4855 1773
5460 1774
658 1775
3840 1776
7134 1777
5829 1778
4982 1779
5614 1780
200 1781
2637 1782
2778 1783
5058 1784
2949 1785
6494 1786
2033 1787
2287 1788
5628 1789
484 1790
5059 1791
4610 1792
4280 1793
1780 1794
5042 1795
1384 1796
5191 1797
7102 1798
4875 1799
4102 1800
443 1801
4488 1802
5257 1803
5636 1804
6983 1805
3129 1806
6041 1807
6827 1808
2147 1809
6917 1810
6637 1811
2391 1812
5094 1813
234 1814
2607 1815
4174 1816
2112 1817
4818 1818
3014 1819
1097 1820
2471 1821
5793 1822
4678 1823
4792 1824
5641 1825
6936 1826
2693 1827
89 1828
1917 1829
5324 1830
6156 1831
3412 1832
6567 1833
4692 1834
7476 1835
4889 1836
321 1837
524 1838
6941 1839
4274 1840
4859 1841
6545 1842
5242 1843
4447 1844
7393 1845
4805 1846
3177 1847
4905 1848
4896 1849
1265 1850
5378 1851
3658 1852
925 1853
5798 1854
2068 1855
5446 1856
6964 1857
1062 1858
72 1859
3892 1860
3282 1861
4199 1862
4998 1863
2752 1864
6803 1865
7275 1866
6377 1867
6304 1868
7164 1869
2911 1870
5655 1871
2679 1872
2161 1873
7227 1874
7259 1875
1516 1876
6229 1877
3102 1878
5511 1879
850 1880
1427 1881
2512 1882
5622 1883
6763 1884
1844 1885
3808 1886
4241 1887
3291 1888
1549 1889
3692 1890
7447 1891
5745 1892
412 1893
536 1894
3431 1895
1972 1896
4728 1897
7370 1898
4867 1899
6393 1900
6732 1901
739 1902
1808 1903
3465 1904
5739 1905
5459 1906
2445 1907
5316 1908
4939 1909
1776 1910
4273 1911
1520 1912
246 1913
2713 1914
3299 1915
2764 1916
7153 1917
1042 1918
2981 1919
2464 1920
1364 1921
3352 1922
7204 1923
1669 1924
4761 1925
3259 1926
6955 1927
3185 1928
1989 1929
4355 1930
1666 1931
4190 1932
6579 1933
3607 1934
694 1935
6429 1936
3954 1937
4725 1938
1621 1939
2840 1940
2438 1941
6591 1942
767 1943
4921 1944
2663 1945
2517 1946
1684 1947
477 1948
2175 1949
4235 1950
5213 1951
681 1952
2548 1953
4662 1954
2771 1955
5543 1956
7101 1957
1001 1958
690 1959
1110 1960
517 1961
3040 1962
4874 1963
1731 1964
3153 1965
6594 1966
3812 1967
6875 1968
7149 1969
7376 1970
6454 1971
556 1972
3862 1973
3992 1974
4895 1975
1089 1976
749 1977
2836 1978
7048 1979
707 1980
7105 1981
186 1982
5155 1983
4037 1984
5787 1985
2113 1986
3836 1987
6296 1988
858 1989
2351 1990
1681 1991
808 1992
2820 1993
6347 1994
7012 1995
956 1996
2827 1997
6168 1998
3657 1999
3895 2000
6126 2001
6213 2002
6138 2003
3557 2004
5068 2005
4656 2006
6402 2007
2774 2008
4050 2009
4754 2010
44 2011
6284 2012
1685 2013
2804 2014
5949 2015
2009 2016
5876 2017
3366 2018
6691 2019
4760 2020
3061 2021
6439 2022
354 2023
3335 2024
2556 2025
4395 2026
4298 2027
2325 2028
6620 2029
4187 2030
6095 2031
6802 2032
815 2033
4149 2034
812 2035
4654 2036
3417 2037
4832 2038
2505 2039
5188 2040
2342 2041
2769 2042
5140 2043
471 2044
6968 2045
5992 2046
6369 2047
2857 2048
5656 2049
5293 2050
5489 2051
2595 2052
4767 2053
3616 2054
6878 2055
682 2056
3392 2057
5943 2058
5339 2059
6858 2060
5097 2061
2064 2062
1850 2063
2700 2064
2758 2065
4201 2066
6079 2067
2617 2068
6383 2069
4064 2070
4427 2071
5482 2072
6697 2073
3984 2074
1387 2075
5799 2076
1165 2077
6588 2078
2271 2079
6151 2080
3428 2081
6115 2082
5588 2083
3661 2084
6872 2085
3240 2086
361 2087
270 2088
7382 2089
2136 2090
311 2091
221 2092
250 2093
3636 2094
6708 2095
59 2096
5715 2097
3904 2098
179 2099
6988 2100
2948 2101
5706 2102
6256 2103
6450 2104
1609 2105
194 2106
5065 2107
4212 2108
6365 2109
7438 2110
2850 2111
5775 2112
1889 2113
4621 2114
2077 2115
6273 2116
131 2117
1750 2118
5015 2119
4949 2120
3558 2121
1797 2122
6214 2123
269 2124
4184 2125
3949 2126
2979 2127
7450 2128
2694 2129
4019 2130
2868 2131
5444 2132
4404 2133
5795 2134
1640 2135
6139 2136
1980 2137
2688 2138
929 2139
892 2140
1588 2141
2793 2142
6681 2143
511 2144
5902 2145
2796 2146
5454 2147
1435 2148
3246 2149
3877 2150
6141 2151
3426 2152
1310 2153
5697 2154
1249 2155
4354 2156
1473 2157
2789 2158
7211 2159
3474 2160
5645 2161
2581 2162
1677 2163
7316 2164
6492 2165
700 2166
1125 2167
6321 2168
6293 2169
901 2170
6632 2171
5666 2172
5936 2173
6651 2174
1135 2175
1935 2176
2436 2177
7127 2178
408 2179
5576 2180
5050 2181
1434 2182
4192 2183
841 2184
4688 2185
3536 2186
6092 2187
5724 2188
528 2189
4722 2190
6700 2191
5703 2192
1778 2193
2188 2194
5908 2195
1508 2196
2872 2197
3540 2198
5679 2199
4007 2200
2976 2201
4571 2202
6786 2203
7377 2204
3414 2205
7047 2206
1243 2207
5124 2208
156 2209
5682 2210
4215 2211
1492 2212
7220 2213
2326 2214
7117 2215
7161 2216
4517 2217
3748 2218
1538 2219
5259 2220
6764 2221
6559 2222
1414 2223
4602 2224
5952 2225
5088 2226
7024 2227
196 2228
750 2229
2306 2230
6660 2231
7269 2232
402 2233
2045 2234
6916 2235
4652 2236
2142 2237
5891 2238
2557 2239
6978 2240
2487 2241
7481 2242
2132 2243
3506 2244
5973 2245
6359 2246
4973 2247
3130 2248
4097 2249
7154 2250
3314 2251
1000 2252
5147 2253
2162 2254
5781 2255
1312 2256
13 2257
4726 2258
798 2259
1883 2260
5638 2261
5066 2262
5772 2263
3436 2264
3998 2265
6874 2266
1371 2267
5078 2268
3978 2269
2374 2270
3236 2271
6197 2272
252 2273
2987 2274
1158 2275
4945 2276
5426 2277
327 2278
3351 2279
141 2280
1365 2281
6546 2282
1012 2283
3647 2284
5488 2285
81 2286
968 2287
1010 2288
3644 2289
5470 2290
1252 2291
5519 2292
4611 2293
4844 2294
3367 2295
4486 2296
3312 2297
963 2298
7183 2299
722 2300
714 2301
265 2302
1223 2303
6330 2304
6554 2305
4581 2306
2515 2307
2903 2308
4911 2309
2429 2310
145 2311
7033 2312
1532 2313
107 2314
6629 2315
2591 2316
2499 2317
4421 2318
1692 2319
4886 2320
4666 2321
7218 2322
2272 2323
6706 2324
7378 2325
4068 2326
231 2327
7181 2328
1285 2329
2248 2330
248 2331
1356 2332
5635 2333
440 2334
3136 2335
1456 2336
1979 2337
4898 2338
6174 2339
4828 2340
7409 2341
3517 2342
2215 2343
2073 2344
2420 2345
7455 2346
3686 2347
5043 2348
6810 2349
7479 2350
6659 2351
2749 2352
2109 2353
1899 2354
1754 2355
6406 2356
5732 2357
1298 2358
5731 2359
1881 2360
6081 2361
5985 2362
6225 2363
5047 2364
768 2365
4559 2366
1845 2367
3727 2368
7406 2369
3766 2370
5817 2371
2817 2372
4724 2373
1198 2374
542 2375
5494 2376
5385 2377
2909 2378
6319 2379
4492 2380
1270 2381
3222 2382
3104 2383
1226 2384
1218 2385
6543 2386
579 2387
2562 2388
1872 2389
3243 2390
3865 2391
1605 2392
4566 2393
5651 2394
4794 2395
2708 2396
5308 2397
2762 2398
3912 2399
456 2400
5878 2401
6461 2402
3027 2403
3777 2404
2348 2405
4730 2406
1744 2407
3731 2408
7250 2409
5693 2410
5931 2411
7236 2412
1183 2413
5146 2414
7095 2415
6544 2416
4085 2417
7491 2418
1840 2419
7135 2420
1565 2421
4098 2422
4861 2423
6759 2424
5632 2425
2735 2426
2843 2427
7389 2428
6918 2429
837 2430
1523 2431
3835 2432
627 2433
5302 2434
495 2435
5920 2436
3200 2437
4504 2438
1932 2439
2001 2440
5538 2441
6939 2442
281 2443
2141 2444
5596 2445
5394 2446
6457 2447
2034 2448
2082 2449
2605 2450
762 2451
6294 2452
569 2453
7214 2454
3729 2455
5824 2456
3791 2457
7194 2458
5581 2459
4491 2460
5751 2461
2300 2462
6285 2463
1710 2464
6552 2465
4315 2466
1147 2467
6835 2468
6870 2469
312 2470
185 2471
4806 2472
4714 2473
2155 2474
3471 2475
6048 2476
7363 2477
530 2478
99 2479
5984 2480
3868 2481
7457 2482
731 2483
3829 2484
5506 2485
6889 2486
4864 2487
5948 2488
6956 2489
6841 2490
309 2491
5175 2492
3261 2493
6682 2494
610 2495
2266 2496
5247 2497
1913 2498
778 2499
6221 2500
2905 2501
7185 2502
3974 2503
7240 2504
6831 2505
3395 2506
6310 2507
4191 2508
6265 2509
3386 2510
1136 2511
1250 2512
818 2513
5107 2514
4824 2515
5390 2516
1440 2517
6817 2518
1974 2519
2588 2520
3191 2521
6705 2522
3637 2523
3419 2524
988 2525
4833 2526
3838 2527
3952 2528
5102 2529
1357 2530
7350 2531
3075 2532
6560 2533
4514 2534
7108 2535
4710 2536
2246 2537
4434 2538
4042 2539
5354 2540
242 2541
5027 2542
5698 2543
926 2544
2089 2545
4691 2546
4801 2547
3402 2548
3688 2549
6854 2550
2400 2551
4045 2552
933 2553
4162 2554
7186 2555
6781 2556
6969 2557
3592 2558
2428 2559
1794 2560
7448 2561
6512 2562
7256 2563
3157 2564
390 2565
7085 2566
3422 2567
3632 2568
2258 2569
2360 2570
6458 2571
6064 2572
4072 2573
2230 2574
6240 2575
566 2576
5599 2577
1429 2578
3668 2579
6210 2580
1995 2581
6125 2582
4544 2583
6746 2584
151 2585
2444 2586
5352 2587
4257 2588
4107 2589
4343 2590
3712 2591
304 2592
3338 2593
6859 2594
4507 2595
1616 2596
5815 2597
143 2598
6783 2599
5325 2600
5333 2601
3833 2602
5410 2603
2878 2604
5427 2605
6076 2606
4320 2607
1352 2608
353 2609
5440 2610
4519 2611
1926 2612
2108 2613
1232 2614
3921 2615
1535 2616
1981 2617
3588 2618
3133 2619
3421 2620
5415 2621
3920 2622
3347 2623
5695 2624
2378 2625
6910 2626
6116 2627
821 2628
2665 2629
3684 2630
3826 2631
4992 2632
3224 2633
6308 2634
6768 2635
3067 2636
7068 2637
955 2638
7299 2639
6187 2640
4675 2641
939 2642
22 2643
6770 2644
693 2645
2373 2646
5185 2647
1559 2648
560 2649
1341 2650
7332 2651
3469 2652
168 2653
164 2654
2965 2655
313 2656
148 2657
3374 2658
497 2659
3815 2660
5646 2661
2143 2662
3989 2663
2815 2664
5478 2665
3603 2666
828 2667
6614 2668
6844 2669
4686 2670
4727 2671
7428 2672
1599 2673
3049 2674
2765 2675
5380 2676
6995 2677
4114 2678
7349 2679
480 2680
5674 2681
2822 2682
3244 2683
6282 2684
3509 2685
7128 2686
4705 2687
4974 2688
3147 2689
3071 2690
6604 2691
3841 2692
6890 2693
5872 2694
1793 2695
3492 2696
6002 2697
7480 2698
4596 2699
2384 2700
577 2701
2026 2702
1408 2703
1282 2704
5491 2705
3038 2706
4060 2707
4077 2708
4860 2709
5945 2710
4607 2711
5458 2712
6568 2713
6747 2714
3566 2715
3205 2716
2780 2717
95 2718
7451 2719
1601 2720
903 2721
1855 2722
7093 2723
3007 2724
6127 2725
2042 2726
2509 2727
6444 2728
5858 2729
7320 2730
415 2731
27 2732
5889 2733
7139 2734
2645 2735
2676 2736
1479 2737
5103 2738
6442 2739
5276 2740
4306 2741
6039 2742
3210 2743
4648 2744
6038 2745
5368 2746
3005 2747
747 2748
733 2749
7006 2750
7123 2751
3118 2752
4071 2753
2293 2754
2610 2755
4169 2756
6756 2757
3403 2758
2881 2759
7456 2760
6417 2761
3990 2762
567 2763
4606 2764
7196 2765
1463 2766
1788 2767
882 2768
5970 2769
4950 2770
4272 2771
3958 2772
1570 2773
6698 2774
6809 2775
2672 2776
2201 2777
5742 2778
5736 2779
2500 2780
203 2781
6800 2782
1483 2783
3597 2784
2746 2785
5840 2786
5994 2787
6515 2788
5870 2789
2580 2790
3695 2791
2170 2792
3477 2793
6551 2794
3389 2795
3889 2796
6341 2797
1242 2798
432 2799
5657 2800
4563 2801
328 2802
5548 2803
6684 2804
2081 2805
7286 2806
1201 2807
2776 2808
2314 2809
6231 2810
4094 2811
3579 2812
3171 2813
5837 2814
6761 2815
6394 2816
3012 2817
5654 2818
3047 2819
2470 2820
6877 2821
4349 2822
6753 2823
3083 2824
491 2825
7484 2826
30 2827
7282 2828
3620 2829
5150 2830
3404 2831
166 2832
469 2833
5934 2834
4161 2835
2488 2836
6084 2837
3231 2838
2186 2839
3460 2840
1193 2841
6203 2842
2991 2843
2255 2844
467 2845
5642 2846
4553 2847
4061 2848
6734 2849
4903 2850
6451 2851
4220 2852
4485 2853
2406 2854
6519 2855
3681 2856
2277 2857
4953 2858
5950 2859
2477 2860
4005 2861
422 2862
4363 2863
7262 2864
1720 2865
4116 2866
4152 2867
5771 2868
1937 2869
5618 2870
3272 2871
5759 2872
879 2873
5918 2874
49 2875
4198 2876
2340 2877
4627 2878
5224 2879
3269 2880
4816 2881
7287 2882
752 2883
3934 2884
3407 2885
2733 2886
3031 2887
1082 2888
2732 2889
3408 2890
4106 2891
617 2892
4934 2893
3721 2894
7209 2895
3095 2896
5355 2897
6379 2898
949 2899
616 2900
7096 2901
6998 2902
6485 2903
1073 2904
6184 2905
6880 2906
1924 2907
5508 2908
2767 2909
5853 2910
6780 2911
4969 2912
3315 2913
3424 2914
6211 2915
3701 2916
835 2917
4123 2918
5165 2919
5227 2920
68 2921
431 2922
1531 2923
3663 2924
2932 2925
1416 2926
4565 2927
669 2928
5024 2929
1182 2930
1610 2931
2030 2932
5990 2933
4834 2934
1779 2935
133 2936
2276 2937
7162 2938
165 2939
29 2940
6353 2941
3329 2942
4667 2943
3850 2944
4374 2945
6820 2946
3582 2947
7271 2948
3512 2949
5122 2950
7465 2951
6023 2952
2737 2953
4881 2954
6430 2955
1764 2956
7002 2957
1394 2958
1777 2959
4387 2960
6712 2961
1047 2962
3843 2963
5432 2964
2913 2965
7 2966
6723 2967
4130 2968
136 2969
6913 2970
5791 2971
2321 2972
6271 2973
1954 2974
7500 2975
3903 2976
1014 2977
7079 2978
7369 2979
5542 2980
6502 2981
2682 2982
2024 2983
4121 2984
5849 2985
6749 2986
5074 2987
1658 2988
1933 2989
3115 2990
4322 2991
7110 2992
2787 2993
3112 2994
60 2995
1304 2996
5311 2997
2650 2998
2974 2999
7147 3000
6883 3001
5746 3002
2334 3003
5629 3004
1317 3005
6819 3006
1828 3007
596 3008
3677 3009
2576 3010
1755 3011
3700 3012
6189 3013
748 3014
5515 3015
7192 3016
6946 3017
6179 3018
5871 3019
2961 3020
6368 3021
5387 3022
6735 3023
799 3024
2204 3025
1113 3026
5544 3027
806 3028
6202 3029
4413 3030
6885 3031
1275 3032
1944 3033
7109 3034
7138 3035
1484 3036
1395 3037
5602 3038
2744 3039
2491 3040
2747 3041
1756 3042
4684 3043
7401 3044
2973 3045
1741 3046
3709 3047
7208 3048
5153 3049
4940 3050
4142 3051
1493 3052
5979 3053
2159 3054
5946 3055
601 3056
6205 3057
6790 3058
5969 3059
5139 3060
7397 3061
3828 3062
2425 3063
4708 3064
5760 3065
6161 3066
6694 3067
4747 3068
4014 3069
3583 3070
2824 3071
4577 3072
4546 3073
683 3074
1055 3075
5944 3076
5312 3077
3813 3078
880 3079
6355 3080
55 3081
5417 3082
804 3083
2094 3084
4629 3085
2054 3086
1678 3087
5083 3088
3041 3089
4438 3090
7222 3091
2435 3092
6290 3093
2706 3094
3425 3095
2887 3096
5974 3097
6317 3098
5926 3099
3546 3100
6016 3101
6433 3102
6268 3103
2795 3104
1612 3105
3202 3106
3260 3107
5513 3108
3325 3109
6510 3110
6907 3111
1573 3112
5762 3113
1586 3114
370 3115
2994 3116
2606 3117
4063 3118
4822 3119
2010 3120
1518 3121
4023 3122
2338 3123
3233 3124
4766 3125
1670 3126
2240 3127
7413 3128
645 3129
2029 3130
5783 3131
2174 3132
1929 3133
5769 3134
7054 3135
6166 3136
2569 3137
1233 3138
868 3139
6828 3140
1761 3141
1485 3142
391 3143
4741 3144
3362 3145
4033 3146
755 3147
1291 3148
5839 3149
1439 3150
7272 3151
2469 3152
1584 3153
4238 3154
104 3155
6362 3156
4996 3157
3304 3158
1462 3159
1417 3160
4426 3161
7165 3162
1104 3163
5138 3164
4689 3165
1839 3166
2080 3167
3167 3168
2157 3169
3703 3170
1723 3171
3985 3172
1078 3173
1870 3174
7304 3175
862 3176
6711 3177
605 3178
6867 3179
896 3180
3110 3181
2600 3182
5721 3183
4556 3184
3853 3185
2510 3186
1293 3187
284 3188
2654 3189
4564 3190
6547 3191
6563 3192
4145 3193
1607 3194
5518 3195
3452 3196
607 3197
2037 3198
3501 3199
5072 3200
4657 3201
6823 3202
909 3203
10 3204
4994 3205
3108 3206
465 3207
6058 3208
6416 3209
1372 3210
4442 3211
1842 3212
3573 3213
5239 3214
1161 3215
6171 3216
1299 3217
3432 3218
4884 3219
6724 3220
4012 3221
4592 3222
742 3223
116 3224
6811 3225
6162 3226
6834 3227
6618 3228
7335 3229
6976 3230
4024 3231
271 3232
884 3233
5377 3234
3530 3235
6032 3236
4735 3237
866 3238
1966 3239
2768 3240
5220 3241
5154 3242
2229 3243
1162 3244
1419 3245
2100 3246
5203 3247
5249 3248
5399 3249
3590 3250
3166 3251
6207 3252
357 3253
5 3254
6480 3255
2540 3256
4326 3257
75 3258
2196 3259
1066 3260
864 3261
5156 3262
1553 3263
2766 3264
977 3265
2790 3266
6178 3267
1862 3268
1829 3269
1826 3270
4482 3271
1558 3272
6938 3273
7022 3274
5334 3275
3940 3276
4088 3277
4525 3278
1173 3279
965 3280
3113 3281
2590 3282
6977 3283
1960 3284
4943 3285
3552 3286
2151 3287
6991 3288
6286 3289
3051 3290
7026 3291
3783 3292
147 3293
561 3294
2912 3295
5382 3296
3344 3297
5004 3298
6175 3299
503 3300
2228 3301
4388 3302
289 3303
2430 3304
4649 3305
5206 3306
5568 3307
1914 3308
134 3309
4587 3310
1809 3311
3720 3312
4422 3313
498 3314
7464 3315
5096 3316
991 3317
3447 3318
2920 3319
2268 3320
4431 3321
1260 3322
7420 3323
4228 3324
510 3325
6021 3326
4118 3327
4510 3328
869 3329
5761 3330
3733 3331
6261 3332
3734 3333
4770 3334
2107 3335
3689 3336
1800 3337
1665 3338
7005 3339
1554 3340
3652 3341
3722 3342
5431 3343
5441 3344
756 3345
4262 3346
3241 3347
4439 3348
3098 3349
5367 3350
4286 3351
4218 3352
6615 3353
1512 3354
4084 3355
660 3356
4095 3357
398 3358
7202 3359
7424 3360
3015 3361
1996 3362
326 3363
4713 3364
1991 3365
642 3366
3293 3367
2858 3368
4959 3369
2388 3370
3342 3371
934 3372
2301 3373
2704 3374
2988 3375
3574 3376
6649 3377
6658 3378
3283 3379
7463 3380
4331 3381
603 3382
5648 3383
4001 3384
3181 3385
2823 3386
3795 3387
6101 3388
5507 3389
1781 3390
7152 3391
318 3392
5265 3393
2953 3394
4673 3395
6566 3396
6278 3397
1137 3398
3641 3399
7116 3400
3825 3401
1220 3402
1748 3403
7091 3404
2969 3405
2621 3406
1065 3407
735 3408
3744 3409
3747 3410
6954 3411
6249 3412
6958 3413
4894 3414
4883 3415
6900 3416
3337 3417
6945 3418
3751 3419
3413 3420
5727 3421
83 3422
5105 3423
3568 3424
2667 3425
7174 3426
4250 3427
6087 3428
7228 3429
1470 3430
599 3431
4233 3432
4027 3433
6172 3434
6669 3435
5119 3436
2568 3437
4127 3438
6248 3439
3278 3440
1377 3441
7150 3442
282 3443
1251 3444
6253 3445
6339 3446
458 3447
3551 3448
3198 3449
1124 3450
5989 3451
5215 3452
5038 3453
4952 3454
441 3455
346 3456
2063 3457
5401 3458
4601 3459
6128 3460
5465 3461
4293 3462
4791 3463
7242 3464
1446 3465
1623 3466
2051 3467
2738 3468
5079 3469
5826 3470
6690 3471
6777 3472
3286 3473
507 3474
1179 3475
6821 3476
6533 3477
1333 3478
771 3479
2884 3480
1123 3481
7035 3482
2834 3483
11 3484
1806 3485
6836 3486
4694 3487
3196 3488
6026 3489
3277 3490
3010 3491
5995 3492
3837 3493
4866 3494
3087 3495
5022 3496
5062 3497
6994 3498
5422 3499
4789 3500
1169 3501
759 3502
4793 3503
1746 3504
4813 3505
3947 3506
2381 3507
192 3508
5893 3509
857 3510
5448 3511
3 3512
5287 3513
1636 3514
2917 3515
1433 3516
6686 3517
6609 3518
7338 3519
2927 3520
1009 3521
548 3522
4143 3523
6741 3524
5277 3525
6981 3526
7360 3527
3207 3528
3970 3529
1769 3530
3894 3531
2335 3532
916 3533
620 3534
1185 3535
7367 3536
1063 3537
1330 3538
1255 3539
4344 3540
3376 3541
5552 3542
4133 3543
1085 3544
7336 3545
6148 3546
1030 3547
4076 3548
4347 3549
14 3550
7291 3551
3972 3552
6989 3553
5556 3554
3229 3555
2120 3556
299 3557
3830 3558
3740 3559
2584 3560
232 3561
4931 3562
6099 3563
5848 3564
670 3565
4912 3566
1378 3567
1477 3568
4048 3569
2773 3570
2646 3571
3156 3572
7422 3573
2264 3574
2260 3575
450 3576
677 3577
788 3578
3691 3579
1409 3580
4962 3581
2192 3582
3152 3583
5152 3584
1235 3585
4276 3586
6303 3587
6389 3588
1326 3589
1820 3590
3527 3591
2156 3592
294 3593
589 3594
5780 3595
3932 3596
537 3597
910 3598
3203 3599
1502 3600
2358 3601
3091 3602
5327 3603
3151 3604
377 3605
6219 3606
201 3607
1246 3608
2504 3609
2554 3610
1712 3611
7207 3612
6725 3613
6915 3614
2937 3615
119 3616
6497 3617
306 3618
3788 3619
3723 3620
5019 3621
2669 3622
1491 3623
4739 3624
6707 3625
5403 3626
2772 3627
2880 3628
1673 3629
2117 3630
296 3631
4402 3632
7021 3633
3803 3634
2516 3635
4464 3636
7176 3637
4000 3638
2328 3639
2115 3640
4465 3641
1704 3642
1919 3643
6737 3644
1323 3645
5569 3646
2292 3647
1011 3648
94 3649
5535 3650
889 3651
5425 3652
7115 3653
5785 3654
5852 3655
3670 3656
6791 3657
6524 3658
174 3659
5309 3660
4093 3661
2447 3662
632 3663
7358 3664
7294 3665
2695 3666
205 3667
1046 3668
4214 3669
3103 3670
1178 3671
316 3672
5434 3673
1656 3674
7018 3675
6727 3676
5683 3677
53 3678
5163 3679
4451 3680
3064 3681
3371 3682
3146 3683
3951 3684
4448 3685
5346 3686
993 3687
2781 3688
2303 3689
5988 3690
702 3691
2558 3692
2802 3693
814 3694
7400 3695
5436 3696
5810 3697
90 3698
6226 3699
2015 3700
3216 3701
1915 3702
2690 3703
1049 3704
2755 3705
3135 3706
6065 3707
1313 3708
816 3709
2441 3710
3440 3711
3706 3712
259 3713
2308 3714
1648 3715
1206 3716
3524 3717
255 3718
376 3719
728 3720
2315 3721
4752 3722
251 3723
2986 3724
4609 3725
5806 3726
2339 3727
2193 3728
1956 3729
1426 3730
4698 3731
878 3732
1267 3733
4997 3734
608 3735
2930 3736
2564 3737
4289 3738
1453 3739
6027 3740
1224 3741
6100 3742
6729 3743
2589 3744
4655 3745
2931 3746
6400 3747
6847 3748
2543 3749
2839 3750
5688 3751
6903 3752
290 3753
6937 3754
5231 3755
2955 3756
5607 3757
5987 3758
893 3759
1375 3760
6073 3761
5230 3762
4156 3763
4573 3764
4367 3765
2745 3766
3591 3767
25 3768
6562 3769
7290 3770
368 3771
4240 3772
6403 3773
4226 3774
4302 3775
4888 3776
2856 3777
643 3778
198 3779
181 3780
3805 3781
2035 3782
115 3783
2784 3784
6495 3785
2832 3786
2533 3787
3965 3788
1037 3789
6611 3790
3988 3791
63 3792
2835 3793
3076 3794
2183 3795
5978 3796
6529 3797
4270 3798
1985 3799
3375 3800
3148 3801
527 3802
2368 3803
895 3804
4633 3805
6553 3806
3543 3807
2309 3808
1766 3809
1869 3810
7029 3811
2128 3812
2418 3813
1141 3814
7391 3815
5461 3816
3775 3817
3879 3818
3305 3819
1652 3820
4009 3821
1018 3822
4908 3823
3839 3824
170 3825
5863 3826
1247 3827
400 3828
1772 3829
7392 3830
7390 3831
3035 3832
3963 3833
5192 3834
1533 3835
6 3836
343 3837
2046 3838
3503 3839
5634 3840
7312 3841
4512 3842
629 3843
2458 3844
1244 3845
1215 3846
6455 3847
1745 3848
2043 3849
3674 3850
531 3851
215 3852
4986 3853
3391 3854
5361 3855
729 3856
4424 3857
2619 3858
6782 3859
7059 3860
5332 3861
7224 3862
7089 3863
1272 3864
4327 3865
3042 3866
5184 3867
2261 3868
1328 3869
7241 3870
1526 3871
3355 3872
6441 3873
7191 3874
4676 3875
3250 3876
4467 3877
1008 3878
4258 3879
6923 3880
723 3881
481 3882
7277 3883
6516 3884
3476 3885
6123 3886
1238 3887
1171 3888
4907 3889
6739 3890
184 3891
3531 3892
3772 3893
4914 3894
3819 3895
2753 3896
1703 3897
5151 3898
4709 3899
7289 3900
833 3901
3394 3902
2078 3903
6195 3904
1346 3905
3529 3906
1212 3907
1112 3908
4350 3909
275 3910
4200 3911
6942 3912
2065 3913
4892 3914
5212 3915
4092 3916
1388 3917
1041 3918
79 3919
1706 3920
3741 3921
2552 3922
6453 3923
3556 3924
1160 3925
4983 3926
2675 3927
4004 3928
6549 3929
4158 3930
1879 3931
5349 3932
2427 3933
3584 3934
1804 3935
5433 3936
7023 3937
6555 3938
4389 3939
4575 3940
979 3941
5133 3942
1702 3943
4216 3944
3810 3945
6556 3946
3435 3947
2863 3948
6324 3949
2877 3950
3605 3951
5413 3952
6564 3953
6843 3954
3046 3955
7187 3956
3399 3957
173 3958
7201 3959
4524 3960
5129 3961
5611 3962
1080 3963
2323 3964
1790 3965
2069 3966
5975 3967
2256 3968
3793 3969
3875 3970
6992 3971
2366 3972
5916 3973
2116 3974
307 3975
576 3976
5912 3977
945 3978
3606 3979
6277 3980
4196 3981
5160 3982
6717 3983
7004 3984
6602 3985
6895 3986
61 3987
2783 3988
7009 3989
2593 3990
3090 3991
2243 3992
1035 3993
1557 3994
3245 3995
7356 3996
1591 3997
6447 3998
795 3999
7064 4000
3910 4001
1402 4002
7280 4003
5251 4004
1050 4005
3088 4006
4288 4007
3237 4008
515 4009
37 4010
5330 4011
2750 4012
2936 4013
3220 4014
7216 4015
2808 4016
1823 4017
2497 4018
5846 4019
6384 4020
4704 4021
3306 4022
4967 4023
3300 4024
1961 4025
295 4026
2298 4027
2361 4028
1579 4029
6216 4030
5877 4031
125 4032
3311 4033
7347 4034
7325 4035
865 4036
3273 4037
1813 4038
1693 4039
3420 4040
1061 4041
974 4042
7324 4043
4537 4044
571 4045
2056 4046
7255 4047
6470 4048
6254 4049
4954 4050
124 4051
5570 4052
7444 4053
4204 4054
3437 4055
6475 4056
3649 4057
6375 4058
1151 4059
7144 4060
654 4061
3072 4062
4154 4063
1449 4064
4089 4065
7467 4066
957 4067
6598 4068
4506 4069
7329 4070
7247 4071
386 4072
3132 4073
1617 4074
4299 4075
7348 4076
506 4077
3796 4078
3944 4079
1454 4080
1994 4081
3317 4082
6789 4083
4041 4084
902 4085
4111 4086
5291 4087
1015 4088
5084 4089
6471 4090
5980 4091
3334 4092
1442 4093
3694 4094
2457 4095
180 4096
5898 4097
4589 4098
2644 4099
1735 4100
2897 4101
4890 4102
344 4103
7309 4104
6876 4105
2989 4106
2640 4107
1194 4108
1500 4109
2627 4110
162 4111
1909 4112
4134 4113
5210 4114
2962 4115
478 4116
2041 4117
6220 4118
6311 4119
5865 4120
3942 4121
1566 4122
1289 4123
2798 4124
5381 4125
1833 4126
496 4127
1003 4128
873 4129
6582 4130
1105 4131
4188 4132
2997 4133
6013 4134
6748 4135
3959 4136
823 4137
1318 4138
5924 4139
4608 4140
2659 4141
4981 4142
3327 4143
3406 4144
4826 4145
5404 4146
1076 4147
6701 4148
3292 4149
5640 4150
5244 4151
4703 4152
5366 4153
6191 4154
2902 4155
6407 4156
5867 4157
2347 4158
4529 4159
520 4160
5145 4161
459 4162
740 4163
1264 4164
3914 4165
3170 4166
6893 4167
3359 4168
2274 4169
1101 4170
5487 4171
5178 4172
3188 4173
2828 4174
1667 4175
2076 4176
7120 4177
3960 4178
2330 4179
1261 4180
703 4181
3724 4182
5474 4183
1064 4184
1900 4185
1537 4186
3549 4187
7441 4188
1166 4189
6886 4190
1765 4191
6565 4192
1236 4193
2395 4194
5809 4195
359 4196
1620 4197
7084 4198
3491 4199
6596 4200
92 4201
6679 4202
4976 4203
233 4204
216 4205
3438 4206
1622 4207
2740 4208
4221 4209
2036 4210
6460 4211
3898 4212
2563 4213
5420 4214
5782 4215
4786 4216
1143 4217
202 4218
1578 4219
7213 4220
4330 4221
2461 4222
3611 4223
2070 4224
3948 4225
6839 4226
6949 4227
3593 4228
6595 4229
6930 4230
5613 4231
2389 4232
3320 4233
1420 4234
2860 4235
4980 4236
7158 4237
4668 4238
50 4239
7307 4240
6829 4241
1587 4242
2239 4243
508 4244
2904 4245
4701 4246
1767 4247
322 4248
4011 4249
4871 4250
6999 4251
5158 4252
3654 4253
672 4254
4521 4255
42 4256
7237 4257
6483 4258
5652 4259
3866 4260
2831 4261
4617 4262
7398 4263
7246 4264
4513 4265
5032 4266
1120 4267
1971 4268
1091 4269
5376 4270
169 4271
2964 4272
630 4273
4207 4274
7124 4275
7495 4276
3105 4277
1963 4278
6500 4279
3538 4280
3161 4281
1292 4282
1718 4283
5183 4284
6509 4285
3586 4286
1019 4287
6670 4288
5671 4289
4303 4290
5892 4291
211 4292
1482 4293
1931 4294
7032 4295
2403 4296
1540 4297
6740 4298
5167 4299
6826 4300
2585 4301
1237 4302
7373 4303
2734 4304
6089 4305
5621 4306
3598 4307
224 4308
6104 4309
31 4310
2379 4311
5223 4312
1152 4313
1628 4314
5064 4315
5963 4316
4353 4317
2661 4318
2211 4319
1139 4320
5204 4321
1460 4322
3358 4323
6130 4324
7353 4325
1450 4326
7190 4327
2324 4328
2124 4329
6343 4330
697 4331
4185 4332
5593 4333
3228 4334
403 4335
6662 4336
4136 4337
1593 4338
826 4339
5476 4340
5341 4341
1943 4342
226 4343
6145 4344
3079 4345
1522 4346
6360 4347
3613 4348
1567 4349
7296 4350
4637 4351
6970 4352
3773 4353
2198 4354
6479 4355
4429 4356
6905 4357
5284 4358
3664 4359
5643 4360
5957 4361
6645 4362
6769 4363
1629 4364
6585 4365
3548 4366
3494 4367
715 4368
4585 4369
796 4370
978 4371
890 4372
5626 4373
5057 4374
487 4375
1345 4376
2898 4377
5052 4378
6745 4379
7460 4380
4294 4381
637 4382
6726 4383
6063 4384
2503 4385
4788 4386
6387 4387
4478 4388
4693 4389
4515 4390
4616 4391
920 4392
3847 4393
1880 4394
1582 4395
2658 4396
1511 4397
369 4398
4681 4399
5743 4400
3950 4401
2633 4402
1984 4403
7125 4404
2775 4405
6750 4406
1398 4407
4210 4408
3480 4409
4549 4410
2337 4411
230 4412
1286 4413
786 4414
6960 4415
2848 4416
6590 4417
4263 4418
5932 4419
7412 4420
6096 4421
3896 4422
4028 4423
2825 4424
3511 4425
2923 4426
6665 4427
509 4428
1087 4429
3923 4430
1789 4431
2952 4432
2638 4433
1381 4434
6462 4435
1547 4436
3852 4437
1399 4438
1515 4439
5226 4440
2333 4441
6071 4442
4893 4443
5438 4444
2000 4445
4181 4446
4132 4447
2896 4448
4603 4449
2612 4450
6793 4451
4644 4452
2393 4453
3045 4454
7474 4455
4417 4456
5144 4457
547 4458
3761 4459
836 4460
757 4461
85 4462
3818 4463
1827 4464
3485 4465
6136 4466
4680 4467
2486 4468
2125 4469
914 4470
5930 4471
5253 4472
5587 4473
1707 4474
758 4475
6572 4476
6906 4477
6342 4478
2414 4479
1645 4480
838 4481
4135 4482
276 4483
3935 4484
558 4485
6022 4486
3023 4487
5520 4488
5559 4489
4516 4490
155 4491
1705 4492
5357 4493
19 4494
5297 4495
3792 4496
2924 4497
2062 4498
7449 4499
1253 4500
5149 4501
1906 4502
6868 4503
2322 4504
4626 4505
3533 4506
2522 4507
3499 4508
4664 4509
717 4510
5071 4511
5238 4512
4551 4513
69 4514
586 4515
5046 4516
263 4517
5104 4518
3127 4519
2177 4520
3973 4521
6630 4522
4879 4523
5565 4524
5523 4525
3122 4526
6244 4527
6636 4528
2686 4529
6006 4530
4110 4531
1227 4532
293 4533
2893 4534
578 4535
2426 4536
730 4537
787 4538
468 4539
2472 4540
160 4541
7337 4542
261 4543
4230 4544
5485 4545
3433 4546
7458 4547
3523 4548
1368 4549
4552 4550
3885 4551
411 4552
2566 4553
1362 4554
4373 4555
1248 4556
3739 4557
4394 4558
4131 4559
3941 4560
2657 4561
5201 4562
6030 4563
3535 4564
2171 4565
7019 4566
1294 4567
2523 4568
3800 4569
3996 4570
6531 4571
831 4572
6266 4573
6506 4574
3784 4575
1817 4576
6765 4577
1221 4578
4528 4579
5933 4580
4669 4581
366 4582
2369 4583
5860 4584
7323 4585
7381 4586
782 4587
1391 4588
1519 4589
3767 4590
1631 4591
1262 4592
4333 4593
5202 4594
6911 4595
113 4596
1421 4597
4264 4598
320 4599
182 4600
3345 4601
6766 4602
917 4603
853 4604
3333 4605
6784 4606
393 4607
2223 4608
2596 4609
3638 4610
5294 4611
4885 4612
7104 4613
2985 4614
4415 4615
5712 4616
802 4617
961 4618
3037 4619
2995 4620
7223 4621
4462 4622
4150 4623
4296 4624
4842 4625
3842 4626
7130 4627
2882 4628
1095 4629
3995 4630
1739 4631
5709 4632
4377 4633
4568 4634
6832 4635
2922 4636
985 4637
5282 4638
5199 4639
3771 4640
6501 4641
1653 4642
1791 4643
4584 4644
4385 4645
947 4646
2495 4647
193 4648
4518 4649
146 4650
2096 4651
7313 4652
4830 4653
6646 4654
7167 4655
2383 4656
1690 4657
3400 4658
3823 4659
1309 4660
1106 4661
706 4662
7334 4663
5363 4664
2782 4665
1273 4666
1118 4667
4345 4668
5200 4669
5823 4670
2626 4671
3728 4672
336 4673
6287 4674
1034 4675
1713 4676
360 4677
7225 4678
3617 4679
329 4680
4972 4681
2689 4682
5801 4683
1240 4684
5901 4685
3755 4686
1276 4687
5225 4688
6661 4689
6617 4690
2182 4691
4140 4692
5883 4693
2353 4694
5198 4695
5800 4696
7142 4697
2398 4698
4756 4699
1597 4700
3522 4701
2363 4702
6346 4703
7086 4704
6846 4705
5061 4706
1332 4707
6592 4708
5740 4709
3742 4710
6644 4711
665 4712
5245 4713
4604 4714
1655 4715
2885 4716
5086 4717
3787 4718
1581 4719
2844 4720
2816 4721
5250 4722
4259 4723
7493 4724
6873 4725
5075 4726
6635 4727
2573 4728
2875 4729
2813 4730
5197 4731
1836 4732
1575 4733
381 4734
6001 4735
5914 4736
5710 4737
379 4738
1639 4739
1708 4740
611 4741
3719 4742
3994 4743
7092 4744
5073 4745
2756 4746
1709 4747
4661 4748
7295 4749
894 4750
5261 4751
5637 4752
2114 4753
1199 4754
2002 4755
7003 4756
6639 4757
4978 4758
5498 4759
967 4760
4074 4761
7434 4762
641 4763
6508 4764
4578 4765
1130 4766
3516 4767
5067 4768
5000 4769
5060 4770
4209 4771
2451 4772
1322 4773
3906 4774
6007 4775
3439 4776
1644 4777
6693 4778
1546 4779
2005 4780
1671 4781
6523 4782
39 4783
1506 4784
2412 4785
4935 4786
3981 4787
7302 4788
2284 4789
66 4790
2662 4791
7232 4792
4619 4793
5504 4794
1528 4795
6239 4796
4961 4797
2267 4798
118 4799
2678 4800
5397 4801
6029 4802
3165 4803
6140 4804
2721 4805
6733 4806
6386 4807
5964 4808
4234 4809
3411 4810
938 4811
1886 4812
3182 4813
661 4814
1016 4815
2179 4816
2754 4817
6899 4818
5275 4819
4056 4820
2726 4821
3318 4822
3173 4823
7189 4824
1763 4825
7011 4826
3242 4827
7333 4828
1920 4829
832 4830
1517 4831
1876 4832
1907 4833
3604 4834
2242 4835
1290 4836
2971 4837
6385 4838
3472 4839
195 4840
2535 4841
2203 4842
829 4843
6015 4844
3107 4845
5625 4846
7346 4847
6124 4848
856 4849
5007 4850
793 4851
602 4852
2184 4853
6884 4854
3673 4855
6149 4856
824 4857
519 4858
2711 4859
2288 4860
5857 4861
2925 4862
3730 4863
2006 4864
6654 4865
5260 4866
4900 4867
1197 4868
444 4869
5533 4870
5738 4871
7031 4872
6503 4873
3065 4874
4223 4875
3969 4876
6404 4877
5009 4878
2520 4879
2437 4880
2304 4881
4099 4882
4359 4883
1284 4884
4039 4885
4148 4886
5286 4887
2532 4888
1592 4889
2950 4890
2050 4891
1383 4892
959 4893
6335 4894
4812 4895
5130 4896
16 4897
2283 4898
4721 4899
5847 4900
4160 4901
5737 4902
981 4903
2786 4904
1505 4905
2947 4906
2483 4907
4956 4908
5757 4909
5913 4910
905 4911
56 4912
5497 4913
6542 4914
4771 4915
7301 4916
6117 4917
1239 4918
612 4919
3124 4920
1969 4921
5818 4922
6962 4923
6869 4924
6574 4925
330 4926
1155 4927
2934 4928
6438 4929
6133 4930
5734 4931
2269 4932
5886 4933
3919 4934
5754 4935
2717 4936
6147 4937
6583 4938
3179 4939
5517 4940
5093 4941
489 4942
2674 4943
7469 4944
6610 4945
1311 4946
3164 4947
2061 4948
6374 4949
4679 4950
4125 4951
1674 4952
3361 4953
5627 4954
176 4955
2801 4956
1501 4957
3634 4958
2685 4959
1351 4960
171 4961
3715 4962
6852 4963
3735 4964
3716 4965
3639 4966
6569 4967
2890 4968
4237 4969
5449 4970
1279 4971
516 4972
7166 4973
4122 4974
7319 4975
5558 4976
7298 4977
2743 4978
950 4979
40 4980
2720 4981
262 4982
1890 4983
3275 4984
423 4985
5512 4986
3528 4987
1866 4988
1598 4989
4386 4990
6577 4991
6106 4992
5777 4993
3768 4994
6919 4995
6787 4996
4500 4997
6882 4998
1749 4999
1822 5000
7407 5001
1301 5002
4651 5003
6047 5004
5029 5005
1949 5006
1868 5007
3451 5008
915 5009
6807 5010
5483 5011
2476 5012
4778 5013
549 5014
3213 5015
1415 5016
4137 5017
2631 5018
3360 5019
9 5020
4082 5021
1084 5022
6539 5023
2736 5024
1846 5025
7459 5026
940 5027
3505 5028
6276 5029
2387 5030
927 5031
7182 5032
6110 5033
5453 5034
1857 5035
5295 5036
1373 5037
3585 5038
5954 5039
7468 5040
2602 5041
618 5042
997 5043
4995 5044
5081 5045
183 5046
4231 5047
7239 5048
4663 5049
4715 5050
352 5051
4536 5052
2098 5053
4647 5054
2812 5055
4449 5056
1762 5057
4913 5058
5110 5059
4261 5060
2257 5061
3537 5062
1696 5063
6170 5064
5662 5065
2698 5066
2623 5067
1410 5068
5285 5069
1752 5070
6656 5071
2791 5072
935 5073
5383 5074
5329 5075
6186 5076
4645 5077
4403 5078
4147 5079
6626 5080
4483 5081
4748 5082
4509 5083
4335 5084
1543 5085
6881 5086
6390 5087
5480 5088
4975 5089
2213 5090
5816 5091
4283 5092
2285 5093
5056 5094
3288 5095
6608 5096
921 5097
5463 5098
4119 5099
5171 5100
3186 5101
4360 5102
5112 5103
2459 5104
3820 5105
1300 5106
2416 5107
4772 5108
3933 5109
3267 5110
4869 5111
1315 5112
4282 5113
907 5114
6289 5115
314 5116
7030 5117
2189 5118
5025 5119
5389 5120
5923 5121
5031 5122
4817 5123
984 5124
1688 5125
810 5126
127 5127
2101 5128
5536 5129
4624 5130
7326 5131
3756 5132
6862 5133
4337 5134
1858 5135
4951 5136
2702 5137
87 5138
5347 5139
2165 5140
1459 5141
2536 5142
3003 5143
2059 5144
5560 5145
6855 5146
372 5147
3711 5148
6482 5149
3599 5150
7379 5151
4054 5152
7364 5153
3442 5154
631 5155
3308 5156
2473 5157
2966 5158
7179 5159
253 5160
4615 5161
6204 5162
825 5163
7445 5164
4862 5165
2130 5166
5681 5167
6813 5168
1202 5169
1633 5170
4419 5171
1726 5172
3265 5173
452 5174
315 5175
5132 5176
2699 5177
2221 5178
7052 5179
7072 5180
4015 5181
6525 5182
4837 5183
5395 5184
4414 5185
4849 5186
1026 5187
1175 5188
2408 5189
6312 5190
4469 5191
913 5192
4029 5193
5572 5194
4628 5195
3745 5196
5812 5197
7489 5198
2575 5199
2484 5200
1360 5201
4638 5202
6018 5203
5388 5204
2907 5205
2862 5206
3961 5207
4314 5208
2411 5209
3911 5210
6647 5211
1458 5212
1724 5213
3365 5214
5278 5215
4055 5216
1445 5217
1396 5218
77 5219
557 5220
88 5221
3991 5222
5128 5223
3080 5224
1369 5225
292 5226
4103 5227
4847 5228
1093 5229
3872 5230
701 5231
4165 5232
2072 5233
6933 5234
3710 5235
4096 5236
2018 5237
1774 5238
667 5239
5993 5240
4392 5241
4490 5242
6083 5243
4476 5244
7077 5245
4697 5246
106 5247
1647 5248
736 5249
324 5250
4498 5251
7111 5252
6957 5253
5935 5254
6985 5255
472 5256
689 5257
2017 5258
3339 5259
2821 5260
2302 5261
6190 5262
4963 5263
4503 5264
5820 5265
4768 5266
6505 5267
3821 5268
763 5269
286 5270
1111 5271
5630 5272
1052 5273
1128 5274
1350 5275
2047 5276
6301 5277
580 5278
2716 5279
4497 5280
1167 5281
5076 5282
1594 5283
4964 5284
4776 5285
389 5286
1320 5287
5929 5288
2970 5289
2431 5290
794 5291
5851 5292
2217 5293
6536 5294
4381 5295
6473 5296
2463 5297
2551 5298
345 5299
6902 5300
5320 5301
5120 5302
1172 5303
6426 5304
3123 5305
3679 5306
2049 5307
3326 5308
6613 5309
551 5310
2023 5311
4785 5312
3625 5313
7472 5314
6345 5315
5859 5316
7285 5317
5307 5318
6054 5319
2365 5320
240 5321
4168 5322
5343 5323
7170 5324
2598 5325
876 5326
5792 5327
3601 5328
2057 5329
3036 5330
3131 5331
3718 5332
451 5333
4391 5334
6137 5335
2071 5336
2851 5337
7121 5338
6865 5339
3732 5340
4948 5341
6361 5342
365 5343
3881 5344
4878 5345
2341 5346
657 5347
5484 5348
6194 5349
5833 5350
1923 5351
1401 5352
1760 5353
3050 5354
2224 5355
564 5356
4729 5357
394 5358
1964 5359
5162 5360
2673 5361
351 5362
1316 5363
6107 5364
6382 5365
3776 5366
4775 5367
2883 5368
502 5369
6163 5370
1480 5371
4496 5372
4030 5373
43 5374
4052 5375
7411 5376
3350 5377
4653 5378
769 5379
337 5380
2493 5381
4472 5382
2852 5383
3987 5384
5179 5385
1163 5386
2460 5387
4736 5388
7056 5389
5082 5390
575 5391
3377 5392
5875 5393
2251 5394
6425 5395
5899 5396
593 5397
5996 5398
6550 5399
3975 5400
4081 5401
848 5402
4947 5403
6003 5404
4101 5405
3816 5406
2537 5407
6557 5408
2087 5409
4899 5410
2402 5411
6028 5412
1619 5413
2245 5414
4059 5415
899 5416
433 5417
1585 5418
3832 5419
6751 5420
4260 5421
6180 5422
3217 5423
585 5424
5237 5425
4400 5426
3913 5427
5838 5428
5835 5429
4219 5430
1946 5431
1611 5432
5723 5433
3248 5434
4809 5435
676 5436
7371 5437
5689 5438
3193 5439
334 5440
1495 5441
20 5442
4499 5443
2465 5444
6069 5445
222 5446
4021 5447
7034 5448
5318 5449
4227 5450
490 5451
2280 5452
7215 5453
5428 5454
4398 5455
4558 5456
5567 5457
1905 5458
3502 5459
158 5460
5036 5461
1786 5462
2329 5463
6415 5464
4456 5465
7439 5466
4197 5467
846 5468
1413 5469
776 5470
4732 5471
1751 5472
2149 5473
6109 5474
4297 5475
3099 5476
1853 5477
4105 5478
5708 5479
6996 5480
2879 5481
4208 5482
2097 5483
2456 5484
449 5485
4929 5486
2126 5487
5991 5488
6520 5489
5054 5490
1441 5491
1075 5492
6822 5493
1700 5494
3487 5495
7368 5496
2481 5497
2187 5498
2396 5499
3126 5500
1025 5501
4780 5502
3028 5503
374 5504
4784 5505
1968 5506
3062 5507
3060 5508
4807 5509
5842 5510
5951 5511
457 5512
1563 5513
4436 5514
3834 5515
4965 5516
5235 5517
2993 5518
2382 5519
6932 5520
4665 5521
5182 5522
505 5523
3562 5524
6775 5525
7258 5526
6687 5527
4557 5528
3063 5529
6664 5530
2653 5531
6409 5532
3349 5533
2423 5534
430 5535
2870 5536
5033 5537
2891 5538
1999 5539
4069 5540
7421 5541
3738 5542
4796 5543
4038 5544
4542 5545
4443 5546
1448 5547
1856 5548
2385 5549
4409 5550
7355 5551
6534 5552
3849 5553
2075 5554
3336 5555
659 5556
2916 5557
2705 5558
692 5559
5228 5560
5020 5561
5983 5562
1941 5563
900 5564
1208 5565
4026 5566
4846 5567
3097 5568
2475 5569
4927 5570
4751 5571
1478 5572
3610 5573
1092 5574
7200 5575
5610 5576
3765 5577
6252 5578
5195 5579
2110 5580
212 5581
1860 5582
1230 5583
2983 5584
6263 5585
7284 5586
6432 5587
6671 5588
4526 5589
140 5590
245 5591
5505 5592
4685 5593
2021 5594
2906 5595
1925 5596
5758 5597
3878 5598
6295 5599
6349 5600
7253 5601
7273 5602
4379 5603
3518 5604
5279 5605
6307 5606
1464 5607
6871 5608
4243 5609
6709 5610
227 5611
5551 5612
4882 5613
6414 5614
4870 5615
3737 5616
5831 5617
1487 5618
3900 5619
7384 5620
2960 5621
6499 5622
3578 5623
5416 5624
2748 5625
834 5626
7055 5627
5921 5628
7494 5629
6272 5630
5719 5631
2614 5632
3054 5633
5391 5634
2399 5635
7081 5636
4852 5637
3018 5638
3497 5639
3876 5640
4117 5641
1830 5642
7408 5643
6132 5644
4495 5645
1488 5646
4719 5647
4814 5648
1682 5649
2514 5650
1213 5651
3749 5652
1970 5653
3507 5654
5767 5655
1379 5656
4620 5657
3662 5658
62 5659
2359 5660
7351 5661
5196 5662
4047 5663
2926 5664
6144 5665
936 5666
1032 5667
1187 5668
257 5669
5669 5670
1865 5671
7380 5672
2945 5673
6370 5674
5704 5675
3238 5676
2807 5677
6837 5678
396 5679
98 5680
3214 5681
41 5682
4897 5683
2578 5684
1590 5685
6111 5686
4284 5687
7419 5688
2206 5689
132 5690
7173 5691
1186 5692
872 5693
5942 5694
4821 5695
1335 5696
2003 5697
349 5698
5896 5699
6420 5700
6019 5701
7300 5702
4346 5703
6663 5704
4523 5705
6050 5706
5647 5707
1229 5708
540 5709
4245 5710
5039 5711
1576 5712
4339 5713
1269 5714
1146 5715
2496 5716
688 5717
1176 5718
646 5719
1144 5720
5041 5721
3822 5722
751 5723
7497 5724
6224 5725
6024 5726
6653 5727
3633 5728
1094 5729
3201 5730
5700 5731
6973 5732
5044 5733
5756 5734
1618 5735
190 5736
4984 5737
1539 5738
7461 5739
6456 5740
5090 5741
1583 5742
1867 5743
1807 5744
6979 5745
6053 5746
3092 5747
5455 5748
1129 5749
128 5750
2417 5751
2231 5752
175 5753
21 5754
3140 5755
5589 5756
3757 5757
6581 5758
4254 5759
5595 5760
1934 5761
718 5762
6788 5763
2788 5764
2336 5765
4734 5766
3158 5767
6105 5768
2022 5769
7129 5770
2392 5771
7015 5772
6667 5773
3221 5774
5234 5775
7343 5776
7365 5777
267 5778
3481 5779
7331 5780
3321 5781
301 5782
2066 5783
2150 5784
1675 5785
23 5786
5013 5787
5720 5788
74 5789
975 5790
3002 5791
784 5792
5516 5793
428 5794
4477 5795
1796 5796
6177 5797
2550 5798
7499 5799
6986 5800
2371 5801
931 5802
6333 5803
3453 5804
2294 5805
4845 5806
5273 5807
1214 5808
1132 5809
6300 5810
2448 5811
4307 5812
189 5813
1150 5814
3643 5815
278 5816
34 5817
6861 5818
6264 5819
5836 5820
6344 5821
5001 5822
2103 5823
2855 5824
5884 5825
613 5826
5472 5827
7041 5828
4311 5829
2254 5830
3155 5831
6616 5832
2372 5833
5131 5834
908 5835
91 5836
2 5837
4613 5838
463 5839
453 5840
4205 5841
6702 5842
4440 5843
3581 5844
3678 5845
4281 5846
2129 5847
6337 5848
3449 5849
7475 5850
7342 5851
2869 5852
367 5853
4583 5854
1873 5855
3967 5856
5402 5857
1098 5858
3307 5859
1283 5860
3929 5861
4706 5862
4505 5863
5714 5864
5358 5865
6984 5866
5726 5867
5159 5868
1181 5869
4938 5870
7126 5871
6638 5872
3089 5873
871 5874
7396 5875
678 5876
157 5877
7470 5878
5430 5879
1393 5880
4008 5881
1721 5882
7210 5883
1099 5884
3470 5885
6198 5886
5429 5887
2867 5888
3809 5889
4065 5890
2176 5891
587 5892
7473 5893
3608 5894
5219 5895
1687 5896
2625 5897
5939 5898
2574 5899
2455 5900
2092 5901
3463 5902
7046 5903
7492 5904
4450 5905
2311 5906
4670 5907
7169 5908
655 5909
1306 5910
648 5911
2319 5912
2208 5913
3397 5914
3467 5915
5268 5916
4475 5917
2166 5918
3621 5919
6513 5920
5524 5921
1367 5922
2525 5923
6102 5924
3589 5925
4985 5926
4737 5927
2279 5928
1217 5929
1589 5930
2635 5931
1910 5932
1630 5933
2194 5934
904 5935
4040 5936
588 5937
6373 5938
581 5939
5301 5940
3696 5941
2249 5942
5763 5943
4594 5944
1060 5945
2664 5946
4126 5947
1600 5948
2636 5949
7317 5950
887 5951
4129 5952
1119 5953
2841 5954
6467 5955
4115 5956
4700 5957
3609 5958
5255 5959
3081 5960
4291 5961
6463 5962
7028 5963
5189 5964
1411 5965
5374 5966
3117 5967
761 5968
1043 5969
57 5970
4222 5971
2933 5972
2583 5973
3356 5974
2121 5975
4922 5976
2320 5977
954 5978
6731 5979
5501 5980
7244 5981
6334 5982
3931 5983
5881 5984
7243 5985
2624 5986
6372 5987
4906 5988
3547 5989
5615 5990
3628 5991
624 5992
2375 5993
102 5994
7423 5995
1305 5996
2586 5997
3713 5998
6675 5999
5177 6000
7278 6001
4179 6002
2518 6003
303 6004
130 6005
779 6006
4548 6007
2886 6008
3393 6009
4067 6010
1694 6011
4466 6012
7067 6013
4423 6014
3520 6015
2490 6016
5895 6017
6012 6018
5271 6019
5014 6020
5486 6021
3624 6022
7395 6023
3672 6024
1646 6025
462 6026
2914 6027
533 6028
529 6029
80 6030
1950 6031
3239 6032
6940 6033
1606 6034
5947 6035
5778 6036
2975 6037
5471 6038
6921 6039
674 6040
4876 6041
3999 6042
573 6043
5466 6044
3235 6045
1849 6046
172 6047
5972 6048
84 6049
4671 6050
4765 6051
3890 6052
1654 6053
76 6054
972 6055
774 6056
2714 6057
1476 6058
1228 6059
1997 6060
1280 6061
4416 6062
5925 6063
5965 6064
6612 6065
7057 6066
470 6067
1044 6068
3441 6069
5365 6070
5711 6071
6833 6072
3008 6073
3100 6074
6056 6075
1107 6076
1452 6077
4674 6078
3702 6079
1802 6080
1122 6081
7020 6082
4172 6083
6642 6084
504 6085
7478 6086
1159 6087
1861 6088
883 6089
5406 6090
3801 6091
3846 6092
584 6093
5977 6094
4445 6095
7053 6096
2546 6097
942 6098
1986 6099
6005 6100
3916 6101
5170 6102
6427 6103
105 6104
3373 6105
3160 6106
1068 6107
273 6108
4062 6109
5960 6110
5553 6111
5217 6112
2039 6113
5021 6114
5034 6115
5006 6116
5445 6117
2680 6118
1958 6119
3927 6120
7254 6121
3226 6122
38 6123
1086 6124
2253 6125
3168 6126
6192 6127
1114 6128
1525 6129
474 6130
33 6131
407 6132
827 6133
1382 6134
3077 6135
1339 6136
5030 6137
6491 6138
3622 6139
3295 6140
355 6141
32 6142
3897 6143
7178 6144
3857 6145
572 6146
1882 6147
2542 6148
4717 6149
7426 6150
562 6151
1733 6152
4246 6153
5181 6154
1878 6155
6235 6156
4151 6157
6965 6158
5305 6159
5298 6160
744 6161
6243 6162
3448 6163
6904 6164
6309 6165
6051 6166
4108 6167
6699 6168
1288 6169
5331 6170
3982 6171
1747 6172
695 6173
2354 6174
653 6175
6743 6176
1209 6177
4334 6178
3271 6179
3559 6180
6535 6181
3111 6182
633 6183
5313 6184
2453 6185
6031 6186
2582 6187
696 6188
2008 6189
4 6190
5117 6191
111 6192
5897 6193
5222 6194
6193 6195
6325 6196
6331 6197
3093 6198
6561 6199
138 6200
5412 6201
5246 6202
5668 6203
3189 6204
429 6205
2846 6206
7366 6207
5866 6208
6689 6209
851 6210
4376 6211
5550 6212
7231 6213
3561 6214
3253 6215
1740 6216
3068 6217
5292 6218
1268 6219
7051 6220
5752 6221
754 6222
2011 6223
455 6224
5423 6225
4016 6226
992 6227
2671 6228
6486 6229
6445 6230
2977 6231
4937 6232
364 6233
7321 6234
2060 6235
2761 6236
1638 6237
5803 6238
1278 6239
6035 6240
4825 6241
5263 6242
3119 6243
1683 6244
820 6245
420 6246
6816 6247
1659 6248
2529 6249
2424 6250
7310 6251
4308 6252
5794 6253
6634 6254
4599 6255
847 6256
986 6257
2799 6258
4356 6259
3457 6260
1277 6261
2829 6262
6504 6263
7107 6264
1711 6265
539 6266
6405 6267
2397 6268
213 6269
6222 6270
5667 6271
285 6272
7217 6273
1337 6274
2233 6275
1783 6276
7341 6277
5554 6278
1922 6279
2668 6280
7266 6281
6327 6282
3544 6283
3669 6284
6011 6285
4915 6286
1825 6287
3962 6288
6059 6289
7197 6290
6830 6291
4904 6292
4358 6293
4390 6294
668 6295
6255 6296
2144 6297
5768 6298
5095 6299
2819 6300
5537 6301
3455 6302
6352 6303
753 6304
727 6305
1852 6306
532 6307
5321 6308
3143 6309
4342 6310
6901 6311
5672 6312
2386 6313
5579 6314
5591 6315
4053 6316
6601 6317
2900 6318
522 6319
1877 6320
6097 6321
4827 6322
5123 6323
3159 6324
543 6325
4955 6326
5115 6327
86 6328
5214 6329
3057 6330
3390 6331
1 6332
1053 6333
1266 6334
1521 6335
6421 6336
6275 6337
2818 6338
3596 6339
4022 6340
5577 6341
5779 6342
2085 6343
5905 6344
6283 6345
385 6346
2370 6347
2180 6348
6075 6349
5717 6350
4285 6351
2814 6352
418 6353
6537 6354
3753 6355
3567 6356
7061 6357
1028 6358
2377 6359
1385 6360
6094 6361
3443 6362
2079 6363
308 6364
6673 6365
2178 6366
413 6367
4020 6368
6650 6369
4269 6370
2185 6371
6121 6372
4540 6373
1510 6374
1921 6375
5164 6376
3190 6377
1490 6378
2214 6379
3142 6380
5773 6381
1965 6382
1156 6383
4370 6384
5649 6385
2349 6386
6158 6387
3587 6388
6408 6389
6643 6390
2127 6391
5808 6392
6399 6393
1274 6394
5566 6395
5750 6396
6767 6397
2131 6398
3444 6399
6008 6400
4175 6401
5435 6402
6201 6403
1472 6404
2296 6405
3563 6406
1686 6407
3515 6408
6085 6409
7430 6410
4545 6411
5077 6412
256 6413
6576 6414
4418 6415
454 6416
6825 6417
1624 6418
5492 6419
2048 6420
609 6421
3572 6422
1056 6423
1126 6424
4941 6425
5209 6426
5819 6427
4351 6428
6586 6429
535 6430
3953 6431
4579 6432
129 6433
237 6434
711 6435
5534 6436
2219 6437
120 6438
3069 6439
6860 6440
5481 6441
849 6442
5530 6443
2153 6444
249 6445
317 6446
199 6447
1574 6448
638 6449
1988 6450
5755 6451
188 6452
3937 6453
1604 6454
4049 6455
2656 6456
5303 6457
2122 6458
7442 6459
6971 6460
2959 6461
512 6462
1222 6463
1013 6464
6218 6465
191 6466
7357 6467
4313 6468
1784 6469
5370 6470
3353 6471
3381 6472
6297 6473
1552 6474
5729 6475
395 6476
840 6477
3680 6478
1203 6479
4173 6480
5037 6481
3418 6482
6188 6483
2332 6484
582 6485
2449 6486
2641 6487
3802 6488
4484 6489
1701 6490
3331 6491
2526 6492
1627 6493
941 6494
4317 6495
726 6496
3646 6497
1363 6498
2454 6499
2218 6500
207 6501
5475 6502
3782 6503
5174 6504
223 6505
6280 6506
6112 6507
3946 6508
534 6509
969 6510
2415 6511
3401 6512
3082 6513
4797 6514
811 6515
923 6516
1036 6517
47 6518
6587 6519
1465 6520
4696 6521
819 6522
2440 6523
7160 6524
18 6525
2055 6526
2172 6527
1281 6528
2439 6529
591 6530
3977 6531
6042 6532
5290 6533
2235 6534
7008 6535
777 6536
855 6537
3330 6538
2331 6539
3966 6540
5281 6541
4362 6542
6762 6543
6419 6544
5997 6545
2770 6546
4567 6547
1715 6548
6742 6549
325 6550
5583 6551
5116 6552
4829 6553
3464 6554
5907 6555
1757 6556
1418 6557
1837 6558
7418 6559
2889 6560
6624 6561
4582 6562
6159 6563
2291 6564
5927 6565
2355 6566
2996 6567
272 6568
448 6569
3208 6570
5917 6571
4777 6572
552 6573
3925 6574
6435 6575
2205 6576
3172 6577
4073 6578
3052 6579
1672 6580
6134 6581
3656 6582
1079 6583
3699 6584
4036 6585
3979 6586
6794 6587
7136 6588
1461 6589
2238 6590
12 6591
1259 6592
6738 6593
2163 6594
1632 6595
348 6596
6223 6597
4699 6598
5452 6599
274 6600
5938 6601
4255 6602
5684 6603
2894 6604
6200 6605
3726 6606
2492 6607
1898 6608
1838 6609
3285 6610
4993 6611
1716 6612
4031 6613
5748 6614
4070 6615
1805 6616
1697 6617
597 6618
3322 6619
1153 6620
5221 6621
4304 6622
4808 6623
6575 6624
121 6625
2173 6626
1626 6627
4857 6628
97 6629
6593 6630
2286 6631
3697 6632
6778 6633
6897 6634
3955 6635
3504 6636
3270 6637
559 6638
3683 6639
4444 6640
3770 6641
6199 6642
5172 6643
3011 6644
4508 6645
1976 6646
3851 6647
2968 6648
4774 6649
2317 6650
1438 6651
7043 6652
7485 6653
4873 6654
2861 6655
340 6656
5522 6657
2295 6658
2577 6659
1331 6660
1380 6661
416 6662
5665 6663
6493 6664
7168 6665
218 6666
1117 6667
6279 6668
6351 6669
2691 6670
2111 6671
2866 6672
698 6673
350 6674
3482 6675
4100 6676
5623 6677
93 6678
1580 6679
932 6680
4569 6681
6228 6682
4328 6683
1848 6684
5180 6685
2742 6686
554 6687
1634 6688
5547 6689
3024 6690
5496 6691
6824 6692
3861 6693
7453 6694
5582 6695
220 6696
1486 6697
7297 6698
6010 6699
4032 6700
625 6701
6857 6702
7040 6703
4690 6704
6864 6705
5874 6706
7249 6707
2630 6708
6230 6709
6314 6710
1893 6711
4612 6712
3025 6713
3280 6714
4378 6715
639 6716
2527 6717
3870 6718
5532 6719
6418 6720
4035 6721
3212 6722
1562 6723
4471 6724
1164 6725
7171 6726
1787 6727
5148 6728
746 6729
4588 6730
3215 6731
5384 6732
3983 6733
6866 6734
6573 6735
4944 6736
2718 6737
159 6738
4479 6739
5360 6740
4593 6741
7076 6742
7352 6743
2367 6744
2282 6745
2587 6746
1785 6747
2148 6748
1342 6749
6315 6750
5735 6751
3555 6752
6987 6753
6655 6754
5594 6755
980 6756
6845 6757
4157 6758
7283 6759
6929 6760
123 6761
1154 6762
844 6763
310 6764
888 6765
7315 6766
570 6767
2647 6768
5822 6769
4266 6770
228 6771
1555 6772
6570 6773
4757 6774
6963 6775
3778 6776
5101 6777
1614 6778
5121 6779
4251 6780
4348 6781
1359 6782
2362 6783
3258 6784
2849 6785
4271 6786
3488 6787
3137 6788
1551 6789
881 6790
6972 6791
5408 6792
5845 6793
5788 6794
621 6795
4236 6796
4454 6797
4428 6798
5718 6799
5040 6800
6888 6801
2479 6802
4738 6803
4437 6804
2376 6805
6668 6806
6952 6807
7305 6808
1874 6809
1334 6810
2195 6811
721 6812
5617 6813
5804 6814
1370 6815
287 6816
6267 6817
2670 6818
5127 6819
2943 6820
6805 6821
6215 6822
6316 6823
987 6824
2164 6825
1115 6826
6356 6827
2570 6828
1736 6829
4318 6830
6366 6831
546 6832
4043 6833
1978 6834
7496 6835
6281 6836
4091 6837
4926 6838
7405 6839
5539 6840
5802 6841
5603 6842
4167 6843
1451 6844
6410 6845
6851 6846
3655 6847
3114 6848
842 6849
636 6850
5578 6851
7065 6852
592 6853
2212 6854
3594 6855
3763 6856
3807 6857
5968 6858
5241 6859
3508 6860
5573 6861
2853 6862
6401 6863
5315 6864
6879 6865
3754 6866
135 6867
2244 6868
6898 6869
5386 6870
3495 6871
254 6872
4300 6873
4880 6874
1663 6875
4560 6876
4159 6877
4109 6878
1074 6879
2123 6880
4687 6881
3909 6882
5243 6883
6920 6884
3249 6885
6338 6886
6489 6887
3736 6888
2118 6889
2040 6890
4677 6891
6245 6892
1955 6893
3139 6894
2681 6895
6622 6896
3316 6897
4411 6898
1742 6899
378 6900
3324 6901
6381 6902
3340 6903
6090 6904
7443 6905
2982 6906
6443 6907
4576 6908
1725 6909
6036 6910
2599 6911
2099 6912
1977 6913
2935 6914
2200 6915
2421 6916
922 6917
5811 6918
36 6919
2226 6920
2944 6921
3945 6922
6270 6923
2433 6924
2958 6925
2409 6926
7322 6927
2020 6928
1930 6929
319 6930
1728 6931
3928 6932
6227 6933
5252 6934
2181 6935
6320 6936
6025 6937
3030 6938
6288 6939
1386 6940
4461 6941
3199 6942
7311 6943
4744 6944
6323 6945
3290 6946
737 6947
1544 6948
906 6949
6250 6950
1560 6951
6233 6952
2571 6953
962 6954
5864 6955
1676 6956
6057 6957
6091 6958
4013 6959
5477 6960
3855 6961
6437 6962
6206 6963
3779 6964
686 6965
4138 6966
3281 6967
6358 6968
7288 6969
6446 6970
5264 6971
5702 6972
5686 6973
4290 6974
2138 6975
2443 6976
5207 6977
2701 6978
236 6979
1939 6980
5359 6981
405 6982
2837 6983
5619 6984
5028 6985
5069 6986
5601 6987
6313 6988
5562 6989
1405 6990
109 6991
1859 6992
600 6993
6068 6994
2980 6995
7359 6996
6599 6997
7245 6998
3252 6999
4839 7000
7156 7001
6292 7002
6129 7003
1768 7004
712 7005
656 7006
5776 7007
5770 7008
3553 7009
2915 7010
6950 7011
1308 7012
2133 7013
2084 7014
4930 7015
5510 7016
7146 7017
4635 7018
6657 7019
4170 7020
1962 7021
4325 7022
5002 7023
6688 7024
3225 7025
4017 7026
7437 7027
3073 7028
4877 7029
4711 7030
6990 7031
4365 7032
6993 7033
7000 7034
3762 7035
5744 7036
1403 7037
1792 7038
5981 7039
7145 7040
5169 7041
208 7042
3831 7043
2434 7044
1437 7045
5910 7046
7344 7047
4865 7048
436 7049
7486 7050
279 7051
4660 7052
1529 7053
5722 7054
167 7055
6931 7056
7010 7057
4176 7058
6966 7059
1108 7060
7025 7061
7375 7062
708 7063
4164 7064
5922 7065
770 7066
1354 7067
363 7068
2951 7069
2480 7070
6511 7071
6850 7072
3033 7073
2343 7074
300 7075
6484 7076
3513 7077
1503 7078
5450 7079
4087 7080
6774 7081
5834 7082
4802 7083
6894 7084
3794 7085
3539 7086
6397 7087
5786 7088
6380 7089
6302 7090
6540 7091
2847 7092
2007 7093
383 7094
4364 7095
4636 7096
4213 7097
2919 7098
6795 7099
5393 7100
4650 7101
5915 7102
2757 7103
6070 7104
3490 7105
5248 7106
3234 7107
1428 7108
3484 7109
1361 7110
4910 7111
4324 7112
302 7113
5675 7114
3939 7115
6720 7116
5832 7117
6411 7118
6088 7119
6514 7120
1957 7121
6469 7122
1081 7123
1928 7124
4493 7125
3618 7126
3936 7127
3059 7128
663 7129
5955 7130
2759 7131
1168 7132
6395 7133
2313 7134
2794 7135
117 7136
6926 7137
5959 7138
2154 7139
2655 7140
7184 7141
1896 7142
5633 7143
1192 7144
525 7145
2652 7146
5161 7147
2407 7148
4632 7149
3675 7150
3769 7151
3631 7152
7007 7153
2058 7154
518 7155
2452 7156
1355 7157
7082 7158
6792 7159
7414 7160
3086 7161
6815 7162
2845 7163
4841 7164
4380 7165
3256 7166
6251 7167
6242 7168
2442 7169
1469 7170
4189 7171
1854 7172
839 7173
3708 7174
6625 7175
1897 7176
1717 7177
5421 7178
948 7179
5051 7180
417 7181
2524 7182
3760 7183
4811 7184
6363 7185
7141 7186
6428 7187
6488 7188
6526 7189
1816 7190
7433 7191
898 7192
2760 7193
666 7194
640 7195
4917 7196
3385 7197
4979 7198
1864 7199
4695 7200
3446 7201
401 7202
5270 7203
2826 7204
4075 7205
4562 7206
1951 7207
6715 7208
989 7209
4034 7210
7203 7211
1967 7212
652 7213
2364 7214
3128 7215
5017 7216
1471 7217
5335 7218
1366 7219
3580 7220
5437 7221
2413 7222
2539 7223
3274 7224
1376 7225
1321 7226
6422 7227
3116 7228
6804 7229
6246 7230
1475 7231
6522 7232
243 7233
2888 7234
7071 7235
1149 7236
6034 7237
1121 7238
5661 7239
5310 7240
3930 7241
704 7242
5976 7243
5353 7244
3635 7245
1819 7246
3883 7247
6721 7248
3614 7249
738 7250
1660 7251
2608 7252
951 7253
2561 7254
3915 7255
5765 7256
5016 7257
7198 7258
4758 7259
5442 7260
1657 7261
3013 7262
2202 7263
4044 7264
4946 7265
6619 7266
1263 7267
1668 7268
4800 7269
3575 7270
3232 7271
3266 7272
100 7273
4217 7274
6113 7275
5546 7276
421 7277
2660 7278
4010 7279
6120 7280
684 7281
2316 7282
1811 7283
2234 7284
3466 7285
5986 7286
1894 7287
6853 7288
5299 7289
4292 7290
4232 7291
6605 7292
5796 7293
6049 7294
1561 7295
1770 7296
3980 7297
2028 7298
3309 7299
6167 7300
3478 7301
937 7302
1698 7303
4799 7304
5680 7305
2865 7306
2967 7307
5854 7308
2805 7309
1466 7310
1916 7311
4750 7312
5049 7313
6052 7314
3884 7315
4295 7316
4352 7317
1006 7318
2468 7319
3227 7320
4321 7321
5289 7322
153 7323
482 7324
595 7325
6808 7326
4858 7327
2528 7328
4538 7329
1145 7330
3211 7331
4936 7332
6183 7333
3310 7334
6234 7335
7292 7336
2712 7337
435 7338
5193 7339
716 7340
3096 7341
545 7342
3687 7343
5267 7344
2727 7345
6260 7346
493 7347
2356 7348
7014 7349
58 7350
5540 7351
5070 7352
6728 7353
6466 7354
5375 7355
3144 7356
919 7357
5173 7358
1103 7359
5797 7360
1109 7361
4372 7362
6517 7363
1699 7364
1245 7365
4720 7366
1177 7367
2892 7368
4641 7369
2199 7370
843 7371
3410 7372
5018 7373
339 7374
2044 7375
594 7376
7172 7377
1771 7378
6357 7379
3328 7380
229 7381
2597 7382
384 7383
5288 7384
3845 7385
1824 7386
995 7387
2140 7388
4753 7389
6925 7390
713 7391
7075 7392
4991 7393
3811 7394
2620 7395
4481 7396
6677 7397
4480 7398
5272 7399
2741 7400
1643 7401
1347 7402
709 7403
3409 7404
3251 7405
1191 7406
4781 7407
3545 7408
3303 7409
4393 7410
5100 7411
4716 7412
7058 7413
4838 7414
6077 7415
1513 7416
4489 7417
1527 7418
1637 7419
1596 7420
414 7421
1338 7422
6758 7423
2918 7424
5012 7425
526 7426
801 7427
4361 7428
4740 7429
3901 7430
7042 7431
3180 7432
6014 7433
3957 7434
2687 7435
4206 7436
7303 7437
976 7438
5707 7439
404 7440
439 7441
4702 7442
852 7443
2666 7444
5048 7445
1841 7446
897 7447
1801 7448
5609 7449
7416 7450
6685 7451
2052 7452
3860 7453
1353 7454
6672 7455
5888 7456
5906 7457
5509 7458
1307 7459
1257 7460
3565 7461
2485 7462
1499 7463
6580 7464
4278 7465
4078 7466
4178 7467
2709 7468
4458 7469
2265 7470
4090 7471
2549 7472
990 7473
3379 7474
210 7475
3893 7476
2135 7477
3085 7478
6119 7479
4795 7480
3498 7481
1959 7482
7427 7483
2209 7484
679 7485
1661 7486
4532 7487
6914 7488
5741 7489
6909 7490
1847 7491
647 7492
650 7493
7383 7494
7233 7495
323 7496
4502 7497
1200 7498
671 7499
2401 7500
