407 407
420 420
359 359
249 249
277 277
39 39
195 195
193 193
33 450
176 176
264 264
460 460
349 349
322 432
295 419
123 459
30 404
270 401
216 216
450 33
432 322
459 295
229 270
419 229
401 123
404 30
179 179
144 144
369 369
54 54
344 344
214 275
125 79
57 57
347 347
169 318
318 313
79 125
313 266
149 149
266 169
423 423
100 261
199 199
87 2
105 316
2 477
494 494
408 408
4 4
416 416
261 87
81 186
275 214
141 141
186 128
477 100
46 46
316 105
314 314
32 472
205 205
188 188
415 415
128 302
302 81
256 256
121 121
53 53
326 326
472 32
309 309
201 382
382 201
20 20
180 180
446 446
384 384
157 157
479 479
23 23
396 396
34 230
283 283
422 422
486 486
455 455
431 431
202 202
173 173
71 138
138 71
497 497
106 106
77 136
136 77
483 483
230 34
380 380
290 290
167 167
47 47
60 60
435 435
7 374
374 41
41 7
453 453
165 165
65 65
480 480
449 449
334 334
304 304
299 299
461 461
373 373
159 159
251 448
448 348
348 328
328 251
222 222
481 481
221 341
109 332
393 393
390 390
184 303
341 284
168 325
332 281
163 163
325 168
303 221
148 135
284 184
281 148
274 274
135 109
48 48
228 228
132 9
9 183
262 271
492 492
235 235
104 269
99 262
183 132
271 104
269 99
3 26
255 495
495 476
246 463
243 442
242 440
240 425
476 398
238 394
463 389
114 375
442 362
440 351
220 350
217 339
425 333
52 330
26 315
203 280
101 255
398 246
394 243
196 242
389 240
375 238
93 220
362 217
12 203
177 196
351 177
350 172
172 150
339 142
333 140
330 114
315 101
150 93
142 52
280 18
140 12
18 3
963 752
962 1000
961 999
960 998
959 997
958 996
957 995
956 994
955 993
954 992
953 991
952 990
951 989
950 988
949 987
948 986
947 985
946 984
945 983
944 982
943 981
942 980
941 979
940 978
939 977
938 976
937 975
936 974
935 973
934 972
933 971
932 970
931 969
930 968
929 967
928 966
927 965
926 964
925 963
924 962
923 961
922 960
921 959
920 958
919 957
918 956
917 955
916 954
915 953
914 952
913 951
912 950
911 949
910 948
909 947
908 946
907 945
906 944
905 943
904 942
903 941
902 940
901 939
900 938
899 937
898 936
897 935
896 934
895 933
894 932
893 931
892 930
891 929
890 928
889 927
888 926
887 925
886 924
885 923
884 922
883 921
882 920
881 919
880 918
879 917
878 916
877 915
876 914
875 913
874 912
873 911
872 910
871 909
870 908
869 907
868 906
867 905
866 904
865 903
864 902
863 901
862 900
861 899
860 898
859 897
858 896
857 895
856 894
855 893
854 892
853 891
852 890
851 889
850 888
849 887
848 886
847 885
846 884
845 883
844 882
843 881
842 880
841 879
840 878
839 877
838 876
837 875
836 874
835 873
834 872
833 871
832 870
831 869
830 868
829 867
828 866
827 865
826 864
825 863
824 862
823 861
822 860
821 859
820 858
819 857
818 856
817 855
816 854
815 853
814 852
813 851
812 850
811 849
810 848
809 847
808 846
807 845
806 844
805 843
804 842
803 841
802 840
801 839
800 838
799 837
798 836
797 835
796 834
795 833
794 832
793 831
792 830
791 829
790 828
789 827
788 826
787 825
786 824
785 823
784 822
783 821
782 820
781 819
780 818
779 817
778 816
777 815
776 814
775 813
774 812
773 811
772 810
771 809
770 808
769 807
768 806
767 805
766 804
765 803
764 802
763 801
762 800
761 799
760 798
759 797
758 796
757 795
756 794
755 793
754 792
753 791
752 790
751 789
750 788
749 787
748 786
747 785
746 784
745 783
744 782
743 781
742 780
741 779
740 778
739 777
738 776
737 775
736 774
735 773
734 772
733 771
732 770
731 769
730 768
729 767
728 766
727 765
726 764
725 763
724 762
723 761
722 760
721 759
720 758
719 757
718 756
717 755
716 754
715 753
714 751
713 750
712 749
711 748
710 747
709 746
708 745
707 744
706 743
705 742
704 741
703 740
702 739
701 738
700 737
699 736
698 735
697 734
696 733
695 732
694 731
693 730
692 729
691 728
690 727
689 726
688 725
687 724
686 723
685 722
684 721
683 720
682 719
681 718
680 717
679 716
678 715
677 714
676 713
675 712
674 711
673 710
672 709
671 708
670 707
669 706
668 705
667 704
666 703
665 702
664 701
663 700
662 699
661 698
660 697
659 696
658 695
657 694
656 693
655 692
654 691
653 690
652 689
651 688
650 687
649 686
648 685
647 684
646 683
645 682
644 681
643 680
642 679
641 678
640 677
639 676
638 675
637 674
636 673
635 672
634 671
633 670
632 669
631 668
630 667
629 666
628 665
627 664
626 663
625 662
624 661
623 660
622 659
621 658
620 657
619 656
618 655
617 654
616 653
615 652
614 651
613 650
612 649
611 648
610 647
609 646
608 645
607 644
606 643
605 642
604 641
603 640
602 639
601 638
600 637
599 636
598 635
597 634
596 633
595 632
594 631
593 630
592 629
591 628
590 627
589 626
588 625
587 624
586 623
585 622
584 621
583 620
582 619
581 618
580 617
579 616
578 615
577 614
576 613
575 612
574 611
573 610
572 609
571 608
570 607
569 606
568 605
567 604
566 603
565 602
564 601
563 600
562 599
561 598
560 597
559 596
558 595
557 594
556 593
555 592
554 591
553 590
552 589
551 588
550 587
549 586
548 585
547 584
546 583
545 582
544 581
543 580
542 579
541 578
540 577
539 576
538 575
537 574
536 573
535 572
534 571
533 570
532 569
531 568
530 567
529 566
528 565
527 564
526 563
525 562
524 561
523 560
522 559
521 558
520 557
519 556
518 555
517 554
516 553
515 552
514 551
513 550
512 549
511 548
510 547
509 546
508 545
507 544
506 543
505 542
504 541
503 540
502 539
501 538
500 537
499 536
498 535
63 61
997 194
991 102
16 508
998 368
999 430
496 534
248 248
124 525
247 532
493 533
62 434
491 531
490 530
489 529
488 528
487 527
31 342
122 365
485 526
484 524
61 311
993 225
482 523
241 247
8 489
976 474
996 124
120 519
478 522
239 241
475 521
474 520
473 518
236 517
471 516
470 515
469 514
468 513
467 512
466 511
465 510
464 509
232 239
116 500
462 507
231 236
58 506
15 353
1 447
988 207
115 504
458 505
457 503
456 502
29 403
975 287
454 501
227 231
452 499
451 498
113 343
225 227
447 496
112 337
445 493
444 491
443 490
56 182
111 355
441 488
28 467
974 358
439 487
438 485
437 484
436 482
218 226
55 306
434 478
433 475
14 452
990 291
994 443
430 473
429 471
428 470
427 469
426 468
213 224
107 78
985 357
973 405
424 466
212 223
27 388
421 465
210 215
418 464
417 462
208 212
414 458
413 457
412 456
411 454
410 451
409 445
204 211
1000 356
406 444
405 441
51 427
403 439
402 438
400 437
399 436
13 421
397 433
50 410
395 429
971 428
981 154
986 253
197 210
392 426
391 424
98 370
989 272
25 265
388 418
387 417
386 414
385 413
383 412
96 317
381 411
379 409
378 406
377 402
376 400
970 395
24 383
94 310
187 209
372 399
371 397
370 392
185 208
368 391
367 387
366 386
365 385
364 381
363 379
91 300
361 378
360 377
358 376
357 372
356 371
355 367
354 366
353 364
352 363
88 293
175 204
174 200
44 285
346 361
345 360
343 354
342 352
6 320
86 115
171 198
22 267
340 346
43 307
170 197
338 345
337 340
336 338
335 336
84 294
987 254
984 162
331 335
42 166
11 286
83 292
329 331
327 329
82 276
21 263
324 327
323 324
321 323
320 321
319 319
80 258
317 312
158 192
40 278
995 145
312 308
311 305
310 301
78 119
155 191
308 298
307 297
306 296
305 289
152 190
76 250
301 288
300 282
298 279
297 273
296 268
294 260
293 259
292 257
291 252
37 181
10 38
19 75
289 245
288 244
287 237
286 234
285 233
282 232
36 59
983 103
279 219
278 218
139 187
70 68
276 213
35 160
273 206
272 189
68 110
268 185
267 178
265 175
263 174
131 170
66 67
260 171
259 164
258 161
257 158
978 83
254 156
253 155
252 153
126 152
250 151
245 147
244 146
977 31
992 6
237 143
118 137
234 139
233 134
226 133
224 131
223 130
219 129
215 127
211 126
209 122
207 120
206 118
103 117
102 111
200 116
198 113
194 112
97 108
49 44
192 107
191 98
190 97
189 96
92 94
182 95
181 92
90 91
178 90
45 50
89 89
85 88
166 86
164 85
967 14
162 84
161 82
160 80
156 76
154 74
153 73
151 72
38 43
75 70
147 69
146 66
145 64
143 63
965 10
137 62
134 58
133 56
130 55
129 51
127 49
982 42
119 45
117 40
110 37
108 36
972 35
95 29
969 27
968 11
74 28
73 25
72 24
69 22
67 21
5 19
17 15
64 17
59 16
966 13
979 8
980 5
964 1
