2574 1
2516 2
3344 3
2717 4
1563 5
4429 6
2641 7
3845 8
659 9
2473 10
5587 11
6876 12
678 13
951 14
5235 15
6441 16
17 17
6886 18
5712 19
5957 20
5875 21
2332 22
5406 23
7314 24
1672 25
1150 26
3656 27
7046 28
3736 29
1256 30
360 31
2499 32
6012 33
478 34
1158 35
697 36
405 37
4077 38
596 39
1281 40
1175 41
42 42
136 43
4051 44
1020 45
4693 46
47 47
4939 48
3815 49
5865 50
51 51
5018 52
664 53
1404 54
7417 55
5026 56
600 57
5364 58
2277 59
3199 60
61 61
3271 62
554 63
5509 64
65 65
2341 66
3533 67
6413 68
1476 69
5247 70
1388 71
4109 72
7153 73
1681 74
7468 75
2321 76
77 77
5218 78
1948 79
838 80
503 81
3219 82
5307 83
1385 84
85 85
6789 86
5497 87
5698 88
5357 89
894 90
1269 91
5404 92
4682 93
94 94
1489 95
1532 96
4711 97
4094 98
536 99
109 100
2246 101
3825 102
308 103
2103 104
105 105
6014 106
4674 107
5301 108
114 109
1794 110
5807 111
5552 112
2470 113
4687 114
1219 115
454 116
1174 117
860 118
7500 119
407 120
2694 121
2683 122
55 123
7270 124
7130 125
4462 126
1415 127
3217 128
423 129
2836 130
2366 131
132 132
6372 133
6282 134
7155 135
3743 136
7191 137
7152 138
4017 139
2077 140
2571 141
6739 142
6980 143
144 144
1103 145
1970 146
4856 147
455 148
6467 149
7199 150
475 151
2550 152
2503 153
4977 154
4751 155
6664 156
6941 157
6978 158
6220 159
160 160
3738 161
3616 162
6788 163
4888 164
3364 165
5097 166
2342 167
2922 168
6567 169
944 170
881 171
1536 172
1616 173
6061 174
6277 175
176 176
5245 177
1751 178
2618 179
7066 180
4777 181
2682 182
4834 183
4740 184
3795 185
2597 186
3989 187
5495 188
2365 189
63 190
1951 191
192 192
5279 193
4890 194
5590 195
3875 196
5506 197
4298 198
5295 199
959 200
3914 201
3931 202
3505 203
733 204
2424 205
759 206
1959 207
5336 208
2975 209
319 210
4959 211
1718 212
4062 213
6156 214
2400 215
6638 216
1626 217
3223 218
5303 219
2464 220
237 221
2120 222
179 223
4124 224
4921 225
4227 226
7268 227
6902 228
3590 229
7077 230
3718 231
2722 232
2145 233
7423 234
2965 235
3139 236
6931 237
1277 238
488 239
4179 240
734 241
560 242
1395 243
6632 244
1860 245
5979 246
6314 247
4898 248
3756 249
5651 250
6710 251
70 252
3672 253
5628 254
4881 255
7147 256
515 257
2579 258
3426 259
3709 260
1625 261
1752 262
2863 263
598 264
6621 265
3305 266
1612 267
5582 268
269 269
2276 270
5110 271
4440 272
5900 273
1059 274
402 275
556 276
3233 277
1444 278
680 279
351 280
6190 281
4148 282
4642 283
284 284
7109 285
3110 286
4028 287
875 288
4712 289
6736 290
1572 291
6040 292
4475 293
2800 294
1018 295
7304 296
7238 297
2993 298
5478 299
1673 300
4909 301
2440 302
7330 303
1668 304
781 305
1154 306
7087 307
705 308
7078 309
2359 310
6574 311
3207 312
7219 313
975 314
1421 315
316 316
1838 317
1212 318
2734 319
4086 320
6468 321
1327 322
1585 323
2721 324
5305 325
5477 326
2948 327
1828 328
2815 329
330 330
3066 331
6446 332
333 333
203 334
3127 335
4691 336
2539 337
280 338
4837 339
7196 340
5388 341
1498 342
2818 343
438 344
6510 345
2032 346
7287 347
884 348
3548 349
1442 350
4678 351
3204 352
4456 353
1312 354
2757 355
5381 356
3829 357
2404 358
3866 359
6738 360
3384 361
1460 362
2060 363
6659 364
6113 365
3801 366
3942 367
1878 368
369 369
1166 370
1551 371
6841 372
5465 373
6696 374
5450 375
1309 376
6093 377
6263 378
3546 379
5958 380
4896 381
4252 382
701 383
3140 384
5631 385
3686 386
7327 387
3520 388
6336 389
390 390
3499 391
173 392
6856 393
5964 394
3630 395
5861 396
2996 397
2819 398
7103 399
473 400
5107 401
6584 402
4002 403
7126 404
6440 405
3102 406
1704 407
408 408
199 409
760 410
6072 411
3079 412
3954 413
6755 414
415 415
3002 416
5464 417
1056 418
1004 419
309 420
2674 421
840 422
2977 423
6389 424
6063 425
3848 426
4364 427
1841 428
5596 429
1785 430
527 431
2768 432
6308 433
651 434
435 435
6556 436
2697 437
4737 438
6846 439
159 440
3619 441
5310 442
5752 443
5344 444
2878 445
2758 446
4502 447
1220 448
2666 449
619 450
255 451
4044 452
6175 453
1679 454
3205 455
456 456
457 457
4398 458
7262 459
5503 460
5805 461
4092 462
2630 463
3043 464
842 465
6881 466
2454 467
2508 468
5220 469
2029 470
4101 471
1125 472
1292 473
5806 474
485 475
6720 476
7404 477
2535 478
479 479
3335 480
3653 481
5445 482
483 483
6827 484
365 485
486 486
2549 487
3421 488
7081 489
2152 490
6816 491
6505 492
4943 493
299 494
1287 495
2713 496
1601 497
1422 498
1024 499
4488 500
6597 501
2984 502
5653 503
336 504
4260 505
4089 506
3472 507
6926 508
509 509
510 510
4110 511
3202 512
5211 513
658 514
4141 515
1055 516
6802 517
317 518
6362 519
3114 520
1565 521
74 522
3744 523
7298 524
525 525
3187 526
1917 527
1635 528
2418 529
737 530
5454 531
1438 532
5522 533
5283 534
5572 535
5955 536
3552 537
5470 538
3857 539
165 540
780 541
278 542
4125 543
2126 544
2095 545
5566 546
2081 547
4786 548
549 549
5956 550
3725 551
190 552
553 553
4068 554
1266 555
5971 556
1641 557
558 558
4472 559
2139 560
2774 561
865 562
720 563
564 564
2467 565
388 566
4717 567
5346 568
1621 569
2323 570
6233 571
1244 572
6380 573
1693 574
1225 575
7293 576
846 577
2307 578
1076 579
580 580
803 581
6657 582
459 583
5379 584
2432 585
5868 586
2133 587
30 588
5560 589
4895 590
3784 591
2935 592
593 593
1577 594
595 595
3636 596
597 597
6781 598
2397 599
6735 600
4288 601
5415 602
3431 603
6835 604
2707 605
4079 606
4508 607
608 608
7002 609
216 610
4167 611
1054 612
2649 613
4423 614
7163 615
3661 616
6097 617
1539 618
3461 619
704 620
6342 621
6900 622
1009 623
7079 624
6834 625
7236 626
5339 627
963 628
2384 629
3339 630
191 631
1025 632
5908 633
2433 634
3009 635
1101 636
6756 637
870 638
2415 639
2764 640
7172 641
5273 642
7387 643
6714 644
853 645
6329 646
647 647
640 648
4655 649
1162 650
602 651
277 652
6433 653
359 654
2071 655
3979 656
657 657
2962 658
5058 659
1550 660
3115 661
3365 662
5377 663
7218 664
665 665
6240 666
322 667
7273 668
7469 669
2020 670
4806 671
460 672
6612 673
3814 674
7176 675
6246 676
677 677
3059 678
419 679
5376 680
193 681
2381 682
7197 683
1706 684
685 685
7105 686
6458 687
2775 688
833 689
292 690
4169 691
7319 692
3442 693
4923 694
7146 695
6125 696
4093 697
2669 698
699 699
3476 700
2740 701
702 702
1338 703
985 704
3294 705
3103 706
3435 707
5532 708
3419 709
3599 710
1467 711
2606 712
5086 713
7390 714
776 715
1971 716
5649 717
3898 718
719 719
4250 720
721 721
6278 722
5959 723
724 724
6580 725
6796 726
6904 727
4591 728
4947 729
730 730
731 731
3574 732
6395 733
1057 734
3524 735
2157 736
6916 737
907 738
4629 739
4436 740
4580 741
4478 742
1988 743
6205 744
349 745
4872 746
4575 747
2838 748
749 749
750 750
1003 751
3088 752
1883 753
249 754
2942 755
3427 756
4858 757
758 758
660 759
5765 760
7206 761
543 762
994 763
4163 764
3093 765
1324 766
2228 767
4152 768
2518 769
2163 770
771 771
6669 772
1775 773
2268 774
1019 775
1793 776
39 777
264 778
1953 779
1321 780
1875 781
5286 782
2158 783
420 784
4509 785
786 786
787 787
6783 788
6709 789
5656 790
3402 791
3318 792
592 793
6548 794
2226 795
796 796
2186 797
7011 798
3389 799
4034 800
450 801
6257 802
3040 803
926 804
2295 805
2202 806
2348 807
1454 808
6377 809
5410 810
1294 811
5529 812
5261 813
4752 814
4573 815
7253 816
5154 817
2496 818
5917 819
5423 820
4224 821
5408 822
5190 823
824 824
6081 825
3163 826
725 827
5565 828
1837 829
4950 830
2184 831
6594 832
4540 833
3994 834
6444 835
229 836
4362 837
6602 838
5897 839
6138 840
841 841
432 842
843 843
2092 844
5437 845
3948 846
1761 847
1525 848
5334 849
4982 850
1967 851
2380 852
6066 853
1215 854
5473 855
6001 856
1867 857
2852 858
6357 859
4551 860
1789 861
4974 862
4760 863
864 864
5358 865
1774 866
3935 867
6334 868
505 869
3382 870
7043 871
6442 872
652 873
3479 874
6528 875
2297 876
4571 877
1291 878
5850 879
5851 880
1979 881
561 882
2789 883
772 884
4393 885
2339 886
2866 887
7114 888
751 889
655 890
195 891
3021 892
5280 893
5207 894
1854 895
2688 896
2325 897
3600 898
899 899
6661 900
901 901
4732 902
903 903
1452 904
3830 905
938 906
7167 907
404 908
1249 909
7251 910
3380 911
610 912
33 913
1834 914
1811 915
6648 916
5543 917
6206 918
1441 919
5689 920
5451 921
4018 922
6840 923
6419 924
1400 925
295 926
2237 927
6688 928
5166 929
4426 930
1122 931
123 932
1723 933
1749 934
2227 935
1729 936
1864 937
2558 938
4795 939
2944 940
5680 941
2069 942
2272 943
3486 944
5081 945
778 946
752 947
948 948
2544 949
5521 950
1776 951
3360 952
5471 953
3423 954
2947 955
5512 956
2522 957
3578 958
1066 959
4672 960
6429 961
6475 962
3259 963
964 964
7282 965
4536 966
1334 967
2129 968
6774 969
4156 970
401 971
3681 972
973 973
3145 974
5009 975
976 976
5907 977
270 978
5788 979
576 980
767 981
2430 982
5913 983
2347 984
7328 985
5447 986
4663 987
977 988
989 989
1659 990
1170 991
6185 992
3664 993
3104 994
2452 995
2822 996
997 997
3441 998
6249 999
2363 1000
2210 1001
7048 1002
2603 1003
4709 1004
1779 1005
7447 1006
83 1007
1656 1008
5664 1009
1692 1010
5123 1011
4640 1012
2395 1013
1694 1014
2224 1015
3699 1016
3211 1017
545 1018
222 1019
1032 1020
6258 1021
7305 1022
1023 1023
163 1024
1688 1025
2720 1026
641 1027
1762 1028
1029 1029
3913 1030
1255 1031
461 1032
373 1033
6296 1034
6517 1035
4824 1036
1847 1037
6589 1038
91 1039
1894 1040
3691 1041
5993 1042
6730 1043
6514 1044
7492 1045
7292 1046
7248 1047
7257 1048
1453 1049
1031 1050
3985 1051
4490 1052
2463 1053
7458 1054
2305 1055
4107 1056
1451 1057
6363 1058
6036 1059
2554 1060
1701 1061
2712 1062
5452 1063
3401 1064
5302 1065
2367 1066
2155 1067
7362 1068
4424 1069
4583 1070
5444 1071
6507 1072
4634 1073
6942 1074
4960 1075
829 1076
6297 1077
2521 1078
1069 1079
7377 1080
1189 1081
5160 1082
4119 1083
4186 1084
1085 1085
5585 1086
1432 1087
4004 1088
6162 1089
4322 1090
3753 1091
3966 1092
7164 1093
2313 1094
7383 1095
2773 1096
5923 1097
892 1098
5862 1099
3532 1100
4924 1101
7217 1102
6588 1103
2054 1104
1766 1105
1106 1106
2985 1107
6808 1108
7412 1109
1972 1110
3361 1111
6601 1112
5888 1113
5172 1114
4481 1115
5072 1116
4643 1117
4696 1118
345 1119
1120 1120
3372 1121
1835 1122
3543 1123
3049 1124
1888 1125
430 1126
4105 1127
5071 1128
5829 1129
6209 1130
7392 1131
3726 1132
7475 1133
2613 1134
6288 1135
6124 1136
6568 1137
2602 1138
1124 1139
540 1140
4864 1141
2727 1142
492 1143
5692 1144
3168 1145
1439 1146
1821 1147
3855 1148
931 1149
2438 1150
789 1151
5615 1152
375 1153
4293 1154
5064 1155
2677 1156
487 1157
6088 1158
425 1159
2179 1160
4965 1161
3173 1162
6461 1163
2512 1164
1739 1165
6284 1166
5383 1167
2884 1168
5847 1169
1580 1170
1171 1171
2939 1172
6786 1173
4497 1174
6069 1175
4210 1176
4325 1177
2587 1178
1179 1179
7249 1180
4346 1181
4114 1182
2566 1183
4142 1184
1185 1185
6332 1186
5159 1187
183 1188
1866 1189
6155 1190
4521 1191
2015 1192
2278 1193
6122 1194
7436 1195
1344 1196
1329 1197
2889 1198
2064 1199
5328 1200
7162 1201
7136 1202
5398 1203
7376 1204
1239 1205
5825 1206
1207 1207
5087 1208
4140 1209
883 1210
4666 1211
5977 1212
4964 1213
7120 1214
5606 1215
1336 1216
2687 1217
1218 1218
5933 1219
5233 1220
1221 1221
1546 1222
4248 1223
3067 1224
3320 1225
5660 1226
1743 1227
331 1228
2581 1229
3622 1230
4504 1231
6488 1232
3561 1233
6436 1234
5904 1235
5597 1236
1836 1237
7453 1238
396 1239
1922 1240
7245 1241
5309 1242
5214 1243
572 1244
6077 1245
5704 1246
6974 1247
5948 1248
7247 1249
3201 1250
3993 1251
1252 1252
6483 1253
5777 1254
466 1255
571 1256
5349 1257
2907 1258
812 1259
6193 1260
7144 1261
6222 1262
3611 1263
7434 1264
3314 1265
539 1266
442 1267
4745 1268
7140 1269
2958 1270
2112 1271
4181 1272
5877 1273
6381 1274
1275 1275
6969 1276
805 1277
48 1278
3618 1279
1280 1280
1224 1281
7493 1282
3376 1283
4955 1284
2488 1285
555 1286
3715 1287
1288 1288
1898 1289
4165 1290
1316 1291
2302 1292
1293 1293
7189 1294
274 1295
4136 1296
4654 1297
1873 1298
4938 1299
1491 1300
3794 1301
3648 1302
1303 1303
5555 1304
2409 1305
5790 1306
1114 1307
3398 1308
919 1309
2045 1310
2086 1311
3941 1312
1872 1313
2771 1314
1016 1315
6889 1316
3702 1317
5508 1318
1199 1319
7057 1320
3963 1321
7388 1322
431 1323
5719 1324
1325 1325
3146 1326
1787 1327
2244 1328
3811 1329
3538 1330
5832 1331
682 1332
7353 1333
5595 1334
5682 1335
6177 1336
4854 1337
1098 1338
813 1339
5433 1340
6474 1341
5196 1342
6865 1343
2474 1344
4620 1345
5492 1346
228 1347
6143 1348
2010 1349
3226 1350
5621 1351
19 1352
399 1353
5932 1354
6647 1355
4177 1356
7015 1357
6712 1358
5548 1359
4942 1360
1822 1361
2990 1362
4855 1363
1564 1364
4209 1365
1365 1366
35 1367
3359 1368
4439 1369
1985 1370
2653 1371
3751 1372
5550 1373
467 1374
3020 1375
257 1376
2456 1377
2728 1378
4410 1379
6622 1380
2799 1381
1273 1382
1830 1383
508 1384
248 1385
1305 1386
297 1387
5076 1388
7490 1389
3975 1390
2840 1391
7346 1392
2638 1393
1237 1394
3755 1395
1396 1396
1397 1397
2097 1398
202 1399
2266 1400
1401 1401
1349 1402
5263 1403
5171 1404
1339 1405
2450 1406
5987 1407
3395 1408
6590 1409
2752 1410
6539 1411
5639 1412
1413 1413
3084 1414
4447 1415
1733 1416
5500 1417
4008 1418
1027 1419
7182 1420
4612 1421
3350 1422
4097 1423
5074 1424
5044 1425
7116 1426
1375 1427
6243 1428
4022 1429
2489 1430
321 1431
4517 1432
3296 1433
5677 1434
645 1435
3949 1436
7047 1437
2265 1438
1146 1439
6498 1440
2753 1441
4023 1442
6 1443
7180 1444
3113 1445
5554 1446
1447 1447
7222 1448
4245 1449
3051 1450
6094 1451
4020 1452
6844 1453
2920 1454
1187 1455
6407 1456
4617 1457
7478 1458
800 1459
4851 1460
5591 1461
5580 1462
3685 1463
2362 1464
2575 1465
1013 1466
1994 1467
6534 1468
6225 1469
4692 1470
2337 1471
3261 1472
5257 1473
1474 1474
2846 1475
4261 1476
1477 1477
1943 1478
1315 1479
36 1480
4562 1481
6157 1482
4149 1483
7139 1484
7005 1485
1486 1486
4076 1487
7263 1488
1691 1489
1490 1490
5853 1491
2431 1492
4254 1493
4137 1494
1495 1495
3386 1496
2436 1497
4290 1498
2392 1499
6015 1500
7413 1501
5707 1502
6940 1503
21 1504
1505 1505
4892 1506
955 1507
2372 1508
3027 1509
4589 1510
3012 1511
1578 1512
2248 1513
4082 1514
4259 1515
2026 1516
868 1517
1518 1518
34 1519
1730 1520
5040 1521
1522 1522
2910 1523
2125 1524
5048 1525
3544 1526
6747 1527
6158 1528
1529 1529
6100 1530
6032 1531
7142 1532
1533 1533
1647 1534
287 1535
3475 1536
2901 1537
7121 1538
5942 1539
2368 1540
2507 1541
1590 1542
2660 1543
181 1544
4559 1545
1105 1546
2259 1547
3179 1548
4161 1549
6486 1550
3549 1551
2859 1552
5386 1553
3353 1554
5121 1555
965 1556
4207 1557
5739 1558
5860 1559
736 1560
6163 1561
5337 1562
4269 1563
672 1564
2044 1565
1050 1566
5761 1567
4879 1568
3856 1569
1010 1570
1852 1571
799 1572
6698 1573
3154 1574
6289 1575
3058 1576
2291 1577
5528 1578
1803 1579
2718 1580
1581 1581
4565 1582
1424 1583
500 1584
2633 1585
3924 1586
3732 1587
3883 1588
2733 1589
5981 1590
1954 1591
5320 1592
3409 1593
100 1594
7035 1595
96 1596
7391 1597
5797 1598
2096 1599
5272 1600
7094 1601
1886 1602
6360 1603
6745 1604
6098 1605
320 1606
3891 1607
1747 1608
917 1609
6569 1610
4217 1611
416 1612
6466 1613
1614 1614
6254 1615
1984 1616
6154 1617
1618 1618
5640 1619
5927 1620
6649 1621
1622 1622
2289 1623
1510 1624
261 1625
2121 1626
5219 1627
1628 1628
3769 1629
4294 1630
1846 1631
5167 1632
3869 1633
2414 1634
3348 1635
1965 1636
2918 1637
5251 1638
2 1639
2344 1640
6825 1641
1049 1642
1213 1643
782 1644
5934 1645
2844 1646
4944 1647
3236 1648
7274 1649
524 1650
7027 1651
5819 1652
1138 1653
6150 1654
3576 1655
400 1656
1727 1657
1842 1658
6581 1659
5830 1660
1806 1661
1322 1662
4458 1663
3031 1664
87 1665
4847 1666
2834 1667
3593 1668
1930 1669
3210 1670
4658 1671
3129 1672
716 1673
1674 1674
477 1675
5757 1676
1535 1677
5148 1678
6772 1679
4801 1680
2755 1681
4469 1682
689 1683
5898 1684
3025 1685
6519 1686
5293 1687
4184 1688
263 1689
6191 1690
743 1691
4267 1692
4461 1693
4120 1694
5571 1695
4650 1696
5055 1697
844 1698
791 1699
6090 1700
3964 1701
5101 1702
3938 1703
1086 1704
7003 1705
1644 1706
6799 1707
1260 1708
2281 1709
4171 1710
3247 1711
3185 1712
4906 1713
3440 1714
1715 1715
2622 1716
1717 1717
78 1718
3270 1719
3959 1720
3583 1721
294 1722
2300 1723
250 1724
3957 1725
7133 1726
6051 1727
7085 1728
2923 1729
4232 1730
7428 1731
1732 1732
1780 1733
38 1734
3470 1735
7097 1736
1737 1737
588 1738
2250 1739
4684 1740
5256 1741
6678 1742
2079 1743
5412 1744
6707 1745
6750 1746
5296 1747
1295 1748
4719 1749
2830 1750
5887 1751
4852 1752
648 1753
1671 1754
4375 1755
289 1756
1757 1757
7216 1758
5963 1759
1377 1760
5291 1761
878 1762
5298 1763
794 1764
5947 1765
1398 1766
2164 1767
4463 1768
4310 1769
3643 1770
3123 1771
3700 1772
698 1773
770 1774
6719 1775
6919 1776
1777 1777
1485 1778
4145 1779
2221 1780
4870 1781
4200 1782
340 1783
1784 1784
6642 1785
1958 1786
4321 1787
1355 1788
7131 1789
3890 1790
3355 1791
1750 1792
2903 1793
577 1794
5513 1795
1796 1796
1831 1797
534 1798
2494 1799
922 1800
2862 1801
1802 1802
1408 1803
271 1804
1805 1805
5029 1806
3568 1807
7370 1808
343 1809
6672 1810
7084 1811
1427 1812
4804 1813
3719 1814
6873 1815
785 1816
1512 1817
1698 1818
1819 1819
918 1820
998 1821
4418 1822
2933 1823
5208 1824
3362 1825
4808 1826
3491 1827
4907 1828
3514 1829
2288 1830
835 1831
5010 1832
7256 1833
4645 1834
5316 1835
5015 1836
6325 1837
2330 1838
3714 1839
3429 1840
394 1841
6394 1842
7301 1843
2373 1844
2299 1845
5910 1846
6005 1847
2751 1848
4831 1849
6695 1850
1851 1851
6320 1852
7075 1853
4417 1854
2333 1855
5369 1856
1167 1857
2262 1858
2885 1859
4560 1860
5675 1861
3453 1862
4279 1863
4280 1864
1865 1865
6723 1866
5559 1867
104 1868
4544 1869
3212 1870
2046 1871
4676 1872
6892 1873
1874 1874
5648 1875
5834 1876
1877 1877
368 1878
6463 1879
4352 1880
5371 1881
220 1882
3675 1883
101 1884
2782 1885
4997 1886
307 1887
4282 1888
1561 1889
3512 1890
6927 1891
5748 1892
1893 1893
5217 1894
4741 1895
3817 1896
1311 1897
2090 1898
3108 1899
537 1900
5287 1901
5723 1902
5746 1903
6067 1904
823 1905
4036 1906
3579 1907
7018 1908
1386 1909
3831 1910
6535 1911
3198 1912
2218 1913
4113 1914
177 1915
2117 1916
7149 1917
4345 1918
775 1919
1584 1920
4799 1921
6402 1922
6763 1923
1924 1924
3165 1925
4683 1926
153 1927
6238 1928
239 1929
4404 1930
1540 1931
6832 1932
7329 1933
4286 1934
1935 1935
1936 1936
5486 1937
2398 1938
7112 1939
953 1940
4952 1941
76 1942
3112 1943
7028 1944
2131 1945
6009 1946
2928 1947
3796 1948
6593 1949
5426 1950
151 1951
5206 1952
1897 1953
607 1954
6633 1955
4599 1956
5687 1957
366 1958
5335 1959
2879 1960
355 1961
1301 1962
4615 1963
1964 1964
1636 1965
1966 1966
4376 1967
3632 1968
2285 1969
923 1970
69 1971
728 1972
1995 1973
3529 1974
5469 1975
2735 1976
1977 1977
1685 1978
5970 1979
6195 1980
2343 1981
2686 1982
4433 1983
1928 1984
2979 1985
6168 1986
1987 1987
2963 1988
2689 1989
2324 1990
6235 1991
5517 1992
1843 1993
867 1994
7065 1995
2876 1996
4606 1997
1217 1998
5886 1999
1665 2000
4848 2001
3827 2002
1520 2003
137 2004
6252 2005
5941 2006
2642 2007
2599 2008
7024 2009
6408 2010
6024 2011
4545 2012
6626 2013
6114 2014
7134 2015
2457 2016
3687 2017
443 2018
143 2019
3028 2020
2406 2021
7332 2022
5374 2023
2024 2024
6197 2025
5352 2026
650 2027
6368 2028
7317 2029
1619 2030
5842 2031
381 2032
3275 2033
1973 2034
676 2035
59 2036
7441 2037
11 2038
6219 2039
7374 2040
4235 2041
1472 2042
4080 2043
501 2044
1651 2045
2000 2046
3018 2047
7166 2048
1093 2049
3137 2050
3455 2051
1177 2052
879 2053
7145 2054
6365 2055
7378 2056
3222 2057
2049 2058
5600 2059
4330 2060
3304 2061
1648 2062
6518 2063
2007 2064
2065 2065
5899 2066
6292 2067
155 2068
4098 2069
2477 2070
5195 2071
410 2072
4718 2073
3178 2074
4748 2075
2076 2076
6700 2077
7406 2078
7050 2079
7195 2080
2802 2081
5359 2082
364 2083
4827 2084
3482 2085
5926 2086
3256 2087
339 2088
1541 2089
5824 2090
4791 2091
5845 2092
4401 2093
628 2094
6586 2095
3934 2096
434 2097
1163 2098
3404 2099
999 2100
4242 2101
2664 2102
6675 2103
2104 2104
2614 2105
2106 2106
3425 2107
3260 2108
4150 2109
6981 2110
4420 2111
723 2112
7124 2113
2874 2114
3498 2115
3246 2116
1306 2117
4685 2118
1663 2119
5613 2120
902 2121
5498 2122
6223 2123
2219 2124
703 2125
3439 2126
7358 2127
925 2128
3999 2129
1543 2130
1945 2131
3704 2132
1251 2133
3724 2134
3298 2135
3904 2136
1769 2137
4610 2138
7344 2139
5137 2140
367 2141
1109 2142
6724 2143
5480 2144
4311 2145
2681 2146
530 2147
3905 2148
1884 2149
5693 2150
6582 2151
5270 2152
940 2153
2906 2154
300 2155
3717 2156
2540 2157
2225 2158
2159 2159
4733 2160
4071 2161
5222 2162
1030 2163
6641 2164
5115 2165
2383 2166
2167 2167
511 2168
7315 2169
158 2170
3274 2171
4608 2172
2820 2173
2174 2174
4931 2175
616 2176
1390 2177
2115 2178
2108 2179
2745 2180
2668 2181
5800 2182
2183 2183
6217 2184
4934 2185
3400 2186
4956 2187
5747 2188
2959 2189
5053 2190
2191 2191
3797 2192
1853 2193
1423 2194
6771 2195
1132 2196
5130 2197
1531 2198
4857 2199
2703 2200
6702 2201
4735 2202
5184 2203
5472 2204
3634 2205
6213 2206
5919 2207
6828 2208
2209 2209
586 2210
585 2211
6654 2212
5300 2213
1721 2214
4948 2215
6753 2216
6793 2217
6741 2218
5985 2219
4011 2220
7171 2221
3206 2222
2353 2223
6949 2224
120 2225
5779 2226
3754 2227
2956 2228
2953 2229
6128 2230
6457 2231
4829 2232
4981 2233
1380 2234
4373 2235
2388 2236
2252 2237
2238 2238
4078 2239
738 2240
3506 2241
4159 2242
6861 2243
6344 2244
3316 2245
363 2246
2195 2247
715 2248
3911 2249
2855 2250
3678 2251
387 2252
7138 2253
3526 2254
2196 2255
3411 2256
2257 2257
1268 2258
6200 2259
2593 2260
4546 2261
3849 2262
2909 2263
2264 2264
519 2265
3892 2266
10 2267
2761 2268
2269 2269
7460 2270
4315 2271
694 2272
2794 2273
535 2274
4379 2275
6656 2276
1465 2277
4656 2278
809 2279
6599 2280
6963 2281
7088 2282
5164 2283
2284 2284
2930 2285
570 2286
5366 2287
1331 2288
1615 2289
227 2290
5462 2291
7459 2292
6922 2293
2385 2294
5331 2295
2296 2296
3771 2297
3570 2298
2505 2299
2864 2300
6080 2301
5878 2302
2377 2303
302 2304
4991 2305
2821 2306
995 2307
2741 2308
7064 2309
4498 2310
3680 2311
6096 2312
1788 2313
7074 2314
2943 2315
4384 2316
5706 2317
1227 2318
6870 2319
522 2320
3330 2321
3886 2322
2459 2323
5943 2324
5332 2325
2644 2326
7482 2327
627 2328
5856 2329
1956 2330
635 2331
5638 2332
1913 2333
3977 2334
7289 2335
370 2336
7214 2337
1416 2338
211 2339
499 2340
4919 2341
5516 2342
6643 2343
6605 2344
5066 2345
2346 2346
6508 2347
6570 2348
6986 2349
3349 2350
6374 2351
2904 2352
943 2353
4823 2354
3183 2355
6376 2356
4749 2357
1548 2358
6006 2359
2732 2360
1642 2361
3684 2362
4459 2363
424 2364
5007 2365
5390 2366
6812 2367
1643 2368
4611 2369
1282 2370
3092 2371
7224 2372
5403 2373
5901 2374
2747 2375
7100 2376
5201 2377
3370 2378
4826 2379
2631 2380
5735 2381
2382 2382
909 2383
1092 2384
2690 2385
1519 2386
4412 2387
7368 2388
5254 2389
4572 2390
80 2391
1433 2392
2393 2393
3670 2394
122 2395
7226 2396
6057 2397
118 2398
1285 2399
7299 2400
5967 2401
4628 2402
230 2403
6946 2404
2673 2405
7487 2406
4581 2407
3647 2408
4000 2409
409 2410
2411 2411
5661 2412
2413 2413
6083 2414
639 2415
932 2416
5815 2417
4383 2418
2813 2419
1410 2420
4729 2421
4763 2422
2019 2423
4138 2424
6833 2425
822 2426
2595 2427
2428 2428
4309 2429
5791 2430
4213 2431
3254 2432
6241 2433
3571 2434
6099 2435
139 2436
2883 2437
2543 2438
5361 2439
1060 2440
4880 2441
4925 2442
696 2443
895 2444
3539 2445
5583 2446
288 2447
2657 2448
2449 2449
3422 2450
6512 2451
6625 2452
3881 2453
4541 2454
4198 2455
4010 2456
3029 2457
2105 2458
1406 2459
2585 2460
6224 2461
6485 2462
2335 2463
3696 2464
6359 2465
5191 2466
5848 2467
6587 2468
207 2469
6878 2470
6281 2471
5474 2472
5902 2473
1155 2474
5570 2475
4296 2476
6382 2477
6737 2478
6042 2479
5402 2480
3850 2481
2482 2482
3449 2483
2484 2484
2485 2485
3553 2486
6268 2487
856 2488
1430 2489
2490 2490
147 2491
5187 2492
1261 2493
4513 2494
2495 2495
1195 2496
1367 2497
2899 2498
6555 2499
1191 2500
4636 2501
4405 2502
3293 2503
5355 2504
3177 2505
4736 2506
4414 2507
5013 2508
6982 2509
5650 2510
4512 2511
1657 2512
949 2513
2552 2514
2412 2515
1099 2516
4983 2517
5202 2518
3081 2519
1358 2520
2062 2521
661 2522
3944 2523
4635 2524
2500 2525
653 2526
1790 2527
2557 2528
4534 2529
1271 2530
620 2531
6050 2532
3962 2533
6549 2534
5460 2535
2536 2536
1455 2537
6924 2538
1527 2539
3130 2540
2541 2541
1133 2542
5921 2543
1589 2544
149 2545
2546 2546
2787 2547
5446 2548
2519 2549
3550 2550
2551 2551
941 2552
1005 2553
2861 2554
4040 2555
550 2556
6754 2557
4532 2558
2559 2559
4160 2560
266 2561
169 2562
4045 2563
1703 2564
663 2565
4766 2566
4357 2567
3739 2568
2905 2569
2929 2570
3629 2571
3459 2572
6801 2573
2848 2574
1940 2575
7151 2576
7137 2577
1173 2578
5157 2579
1645 2580
7373 2581
849 2582
1542 2583
318 2584
7098 2585
4191 2586
5030 2587
4406 2588
1515 2589
4836 2590
4547 2591
3249 2592
3584 2593
3186 2594
513 2595
638 2596
3943 2597
6727 2598
3879 2599
2301 2600
3342 2601
5025 2602
344 2603
7215 2604
7119 2605
3291 2606
5609 2607
5796 2608
538 2609
5314 2610
2611 2611
2612 2612
6564 2613
2178 2614
5534 2615
1555 2616
3852 2617
3046 2618
3496 2619
5837 2620
7023 2621
1478 2622
1289 2623
3235 2624
347 2625
1713 2626
1497 2627
5637 2628
2629 2629
6300 2630
1680 2631
2478 2632
3677 2633
7239 2634
1719 2635
5318 2636
2637 2637
5397 2638
2639 2639
866 2640
313 2641
4024 2642
3036 2643
6915 2644
6874 2645
6830 2646
6491 2647
2648 2648
624 2649
7480 2650
6520 2651
6347 2652
1591 2653
897 2654
3840 2655
4772 2656
2748 2657
1246 2658
3086 2659
5193 2660
2661 2661
2528 2662
3019 2663
2116 2664
4434 2665
2915 2666
5803 2667
2893 2668
2355 2669
6670 2670
6867 2671
2672 2672
1374 2673
1378 2674
7357 2675
6694 2676
6141 2677
5324 2678
2679 2679
5553 2680
2749 2681
993 2682
4014 2683
6740 2684
2483 2685
40 2686
3555 2687
5319 2688
6527 2689
6640 2690
7421 2691
3853 2692
6713 2693
4900 2694
668 2695
4314 2696
2030 2697
4452 2698
4265 2699
4698 2700
3377 2701
1392 2702
1188 2703
4372 2704
2705 2705
7135 2706
688 2707
3024 2708
2709 2709
1568 2710
768 2711
3290 2712
6704 2713
444 2714
7231 2715
1767 2716
5163 2717
7032 2718
6513 2719
4421 2720
6188 2721
6056 2722
4516 2723
2750 2724
1172 2725
7307 2726
6086 2727
5162 2728
3393 2729
260 2730
544 2731
3351 2732
6352 2733
3150 2734
6111 2735
3310 2736
1736 2737
4385 2738
1181 2739
6905 2740
857 2741
4853 2742
2743 2743
268 2744
1147 2745
2912 2746
6078 2747
7091 2748
2189 2749
1919 2750
969 2751
4755 2752
6008 2753
5801 2754
1826 2755
1074 2756
115 2757
3322 2758
2759 2759
3518 2760
644 2761
3462 2762
6988 2763
6616 2764
6318 2765
2766 2766
2767 2767
4164 2768
579 2769
2770 2770
911 2771
1356 2772
1722 2773
5710 2774
3120 2775
3851 2776
5783 2777
3749 2778
3605 2779
4336 2780
5794 2781
7363 2782
3345 2783
7235 2784
5795 2785
5197 2786
2867 2787
2138 2788
7073 2789
666 2790
1879 2791
2792 2792
6731 2793
2654 2794
291 2795
2273 2796
3091 2797
5683 2798
5890 2799
6129 2800
826 2801
200 2802
1999 2803
1431 2804
3507 2805
2806 2806
1944 2807
6532 2808
792 2809
2130 2810
1554 2811
7175 2812
3762 2813
2056 2814
4032 2815
1383 2816
887 2817
6523 2818
6680 2819
6837 2820
6636 2821
1061 2822
2823 2823
6370 2824
4742 2825
4951 2826
2517 2827
683 2828
5688 2829
3542 2830
5431 2831
4283 2832
1799 2833
2094 2834
2835 2835
6950 2836
2837 2837
1908 2838
3519 2839
7036 2840
71 2841
748 2842
5125 2843
2455 2844
1440 2845
5863 2846
3495 2847
5569 2848
2849 2849
2533 2850
2851 2851
5070 2852
7364 2853
1248 2854
1963 2855
4334 2856
3437 2857
7233 2858
1514 2859
4335 2860
4382 2861
1801 2862
138 2863
1330 2864
4304 2865
6367 2866
2177 2867
5612 2868
7221 2869
6975 2870
3443 2871
2872 2872
1223 2873
2114 2874
3758 2875
4980 2876
4941 2877
2350 2878
4237 2879
2461 2880
2881 2881
779 2882
6019 2883
3191 2884
6711 2885
3710 2886
446 2887
2888 2888
1594 2889
3098 2890
2607 2891
2829 2892
935 2893
5429 2894
6400 2895
5239 2896
3531 2897
3947 2898
4695 2899
124 2900
5756 2901
4930 2902
3558 2903
3238 2904
542 2905
5068 2906
5077 2907
5975 2908
717 2909
7243 2910
900 2911
7323 2912
2776 2913
1887 2914
5644 2915
1482 2916
6293 2917
1637 2918
167 2919
6965 2920
6416 2921
184 2922
5896 2923
2652 2924
1364 2925
4122 2926
1812 2927
5493 2928
1456 2929
4778 2930
2931 2931
463 2932
496 2933
7045 2934
1137 2935
3915 2936
6379 2937
4297 2938
4132 2939
2356 2940
6644 2941
2841 2942
3458 2943
916 2944
2847 2945
1504 2946
3705 2947
5974 2948
3987 2949
6806 2950
5610 2951
393 2952
1738 2953
2002 2954
4360 2955
3287 2956
4584 2957
3731 2958
5276 2959
1986 2960
2193 2961
2434 2962
2251 2963
3196 2964
1118 2965
7418 2966
5619 2967
6509 2968
235 2969
489 2970
2971 2971
2972 2972
7026 2973
1359 2974
6929 2975
5906 2976
2871 2977
7496 2978
4875 2979
2992 2980
1605 2981
4850 2982
1926 2983
4616 2984
6944 2985
2394 2986
6454 2987
6562 2988
2989 2989
2240 2990
2902 2991
3716 2992
7350 2993
1934 2994
6729 2995
1117 2996
156 2997
142 2998
7485 2999
784 3000
6822 3001
2201 3002
3306 3003
1813 3004
2951 3005
1598 3006
3007 3007
3008 3008
5669 3009
3620 3010
2814 3011
3366 3012
739 3013
126 3014
5156 3015
7484 3016
4295 3017
5299 3018
6305 3019
626 3020
3444 3021
5069 3022
5976 3023
3927 3024
2119 3025
7278 3026
3436 3027
1169 3028
3464 3029
1194 3030
5396 3031
3391 3032
4303 3033
418 3034
3035 3035
5169 3036
356 3037
4067 3038
3039 3039
6790 3040
3336 3041
2532 3042
6453 3043
3843 3044
6631 3045
5674 3046
3047 3047
7093 3048
2063 3049
7275 3050
4902 3051
5348 3052
3053 3053
4083 3054
3055 3055
5476 3056
3057 3057
4305 3058
2072 3059
3329 3060
3061 3061
5744 3062
2435 3063
6123 3064
6686 3065
6859 3066
4307 3067
4292 3068
1346 3069
3070 3070
871 3071
1947 3072
2241 3073
2308 3074
5243 3075
4731 3076
6898 3077
6120 3078
4095 3079
3080 3080
3991 3081
6848 3082
681 3083
1186 3084
4614 3085
3068 3086
3087 3087
3194 3088
3516 3089
1608 3090
2154 3091
7279 3092
5093 3093
1848 3094
1859 3095
90 3096
3097 3097
5461 3098
6964 3099
3100 3100
3281 3101
4104 3102
6341 3103
5241 3104
3917 3105
2416 3106
5227 3107
4055 3108
3157 3109
1783 3110
615 3111
4188 3112
1595 3113
4049 3114
4557 3115
2706 3116
4378 3117
2561 3118
3119 3119
4535 3120
5345 3121
3961 3122
5372 3123
6615 3124
3508 3125
1989 3126
1932 3127
1570 3128
1494 3129
5654 3130
6304 3131
671 3132
1885 3133
131 3134
37 3135
175 3136
2624 3137
1771 3138
4762 3139
4566 3140
4476 3141
4371 3142
5043 3143
3144 3144
172 3145
6992 3146
3434 3147
3148 3148
3639 3149
482 3150
5285 3151
2592 3152
2319 3153
2242 3154
7129 3155
2374 3156
2260 3157
2916 3158
6701 3159
861 3160
7067 3161
6629 3162
1560 3163
4957 3164
4701 3165
1039 3166
6794 3167
1332 3168
208 3169
2659 3170
1143 3171
5793 3172
6286 3173
3174 3174
4699 3175
2247 3176
4134 3177
5479 3178
3652 3179
7022 3180
2961 3181
4154 3182
5036 3183
3184 3184
6028 3185
6784 3186
4603 3187
2623 3188
4015 3189
4659 3190
4937 3191
4703 3192
3193 3193
4234 3194
7491 3195
679 3196
3432 3197
4531 3198
7165 3199
6791 3200
3056 3201
6310 3202
3492 3203
978 3204
6140 3205
547 3206
1646 3207
6437 3208
3788 3209
5786 3210
7158 3211
3617 3212
4466 3213
3528 3214
2425 3215
4797 3216
491 3217
1142 3218
2526 3219
4190 3220
2964 3221
4644 3222
5577 3223
3357 3224
712 3225
3846 3226
2410 3227
2486 3228
1772 3229
4945 3230
174 3231
2627 3232
850 3233
830 3234
6777 3235
64 3236
1313 3237
1040 3238
6108 3239
3240 3240
3494 3241
3299 3242
4949 3243
982 3244
4272 3245
1445 3246
3515 3247
630 3248
769 3249
1552 3250
5759 3251
966 3252
223 3253
3612 3254
3255 3255
2172 3256
2825 3257
7246 3258
6260 3259
2427 3260
146 3261
7276 3262
1033 3263
674 3264
3265 3265
4815 3266
462 3267
3268 3268
2017 3269
2334 3270
1538 3271
4622 3272
3835 3273
1818 3274
2033 3275
6674 3276
290 3277
1140 3278
5911 3279
2212 3280
1511 3281
5928 3282
4391 3283
93 3284
3285 3285
6630 3286
4499 3287
6497 3288
863 3289
5118 3290
86 3291
3877 3292
3471 3293
4811 3294
1196 3295
1861 3296
1083 3297
3777 3298
5002 3299
3300 3300
1609 3301
859 3302
2736 3303
1593 3304
197 3305
2052 3306
4605 3307
3308 3308
4670 3309
3252 3310
3311 3311
6330 3312
417 3313
3319 3314
6857 3315
5870 3316
4061 3317
3197 3318
6537 3319
1976 3320
1562 3321
168 3322
2701 3323
5430 3324
6074 3325
3326 3326
5997 3327
3747 3328
4757 3329
7334 3330
5828 3331
3509 3332
2475 3333
3334 3334
6943 3335
5762 3336
2245 3337
2711 3338
5141 3339
6214 3340
1267 3341
1574 3342
4730 3343
5839 3344
1464 3345
3277 3346
3346 3347
262 3348
6348 3349
2676 3350
6035 3351
5973 3352
5343 3353
1078 3354
5425 3355
6349 3356
1902 3357
148 3358
3312 3359
2513 3360
116 3361
1317 3362
3363 3363
4428 3364
7267 3365
502 3366
7463 3367
4993 3368
4632 3369
4233 3370
5994 3371
656 3372
3373 3373
57 3374
4715 3375
5576 3376
5231 3377
5732 3378
3446 3379
2156 3380
189 3381
2665 3382
3383 3383
6496 3384
939 3385
6194 3386
3406 3387
3984 3388
4525 3389
5694 3390
1740 3391
4932 3392
6547 3393
6208 3394
2737 3395
1741 3396
4556 3397
6628 3398
1952 3399
75 3400
283 3401
5883 3402
1446 3403
2860 3404
3405 3405
936 3406
2446 3407
3581 3408
5338 3409
3410 3410
6328 3411
4842 3412
6134 3413
2545 3414
371 3415
7288 3416
6666 3417
5499 3418
2091 3419
5601 3420
2051 3421
6421 3422
5490 3423
3896 3424
7080 3425
1286 3426
1638 3427
3428 3428
6744 3429
2192 3430
3133 3431
2699 3432
3433 3433
3082 3434
6863 3435
3250 3436
5428 3437
2914 3438
7280 3439
4262 3440
7037 3441
1744 3442
7415 3443
4367 3444
54 3445
1079 3446
7310 3447
3323 3448
7284 3449
5496 3450
5142 3451
3288 3452
1148 3453
6864 3454
6207 3455
5724 3456
6448 3457
5267 3458
7366 3459
2754 3460
6591 3461
2762 3462
3950 3463
5413 3464
3269 3465
7265 3466
5940 3467
5409 3468
3232 3469
6070 3470
3069 3471
4522 3472
3473 3473
4256 3474
186 3475
7380 3476
3414 3477
6800 3478
5284 3479
6921 3480
6923 3481
5067 3482
5099 3483
5986 3484
3485 3485
766 3486
234 3487
2510 3488
6285 3489
52 3490
2816 3491
326 3492
1735 3493
6151 3494
4316 3495
7316 3496
6524 3497
4103 3498
3598 3499
1362 3500
3408 3501
6814 3502
3503 3503
3888 3504
238 3505
2520 3506
29 3507
1695 3508
898 3509
166 3510
3511 3511
4495 3512
6210 3513
1829 3514
4193 3515
3169 3516
5353 3517
880 3518
1379 3519
3510 3520
4425 3521
2253 3522
1457 3523
4501 3524
3525 3525
3001 3526
2827 3527
6683 3528
16 3529
469 3530
574 3531
3910 3532
328 3533
6242 3534
3971 3535
3468 3536
3537 3537
7186 3538
5605 3539
7336 3540
4009 3541
4530 3542
4189 3543
3378 3544
4675 3545
3976 3546
6465 3547
4206 3548
581 3549
1939 3550
3713 3551
6322 3552
2548 3553
2778 3554
6687 3555
3556 3556
5020 3557
4203 3558
2710 3559
7409 3560
2576 3561
1470 3562
1676 3563
5375 3564
2481 3565
303 3566
1849 3567
2286 3568
5658 3569
72 3570
6178 3571
6901 3572
3573 3573
1450 3574
357 3575
1116 3576
3577 3577
6418 3578
1708 3579
2310 3580
1586 3581
3582 3582
5095 3583
5210 3584
3585 3585
3317 3586
1702 3587
3588 3588
14 3589
6809 3590
4477 3591
2369 3592
5785 3593
13 3594
3972 3595
5618 3596
1876 3597
7470 3598
1352 3599
686 3600
1046 3601
5212 3602
1496 3603
2190 3604
3614 3605
3606 3606
7234 3607
1012 3608
6324 3609
2006 3610
5840 3611
4268 3612
4578 3613
6180 3614
6939 3615
2437 3616
5367 3617
2568 3618
323 3619
3010 3620
7297 3621
2739 3622
4126 3623
2331 3624
3676 3625
1243 3626
732 3627
6427 3628
6979 3629
6906 3630
6697 3631
802 3632
3627 3633
6369 3634
3635 3635
213 3636
3332 3637
4220 3638
2562 3639
5034 3640
3641 3641
1165 3642
1448 3643
3644 3644
3416 3645
3394 3646
2205 3647
3374 3648
4998 3649
6087 3650
4668 3651
2213 3652
7160 3653
5091 3654
6623 3655
6618 3656
3657 3657
4714 3658
4480 3659
5799 3660
4108 3661
2361 3662
3663 3663
1373 3664
1558 3665
5544 3666
3667 3667
523 3668
3669 3669
6153 3670
3671 3671
3940 3672
3673 3673
2222 3674
162 3675
5004 3676
7340 3677
952 3678
3340 3679
1304 3680
3107 3681
5567 3682
2280 3683
904 3684
2128 3685
2287 3686
5133 3687
3688 3688
7148 3689
6855 3690
4253 3691
1042 3692
2298 3693
6542 3694
4626 3695
5798 3696
6366 3697
3545 3698
5630 3699
5380 3700
6116 3701
1366 3702
4662 3703
928 3704
4308 3705
1937 3706
643 3707
2567 3708
3292 3709
2886 3710
6027 3711
4750 3712
1683 3713
4722 3714
4708 3715
3920 3716
3906 3717
6401 3718
3418 3719
5269 3720
5775 3721
3722 3722
4781 3723
1058 3724
2890 3725
3802 3726
2304 3727
3832 3728
2197 3729
2387 3730
5085 3731
2797 3732
3770 3733
1081 3734
3735 3735
5730 3736
4178 3737
258 3738
4832 3739
4814 3740
2945 3741
3742 3742
3929 3743
6955 3744
3745 3745
5308 3746
6326 3747
3535 3748
3860 3749
7355 3750
2027 3751
7477 3752
1091 3753
4332 3754
562 3755
1765 3756
6271 3757
4558 3758
983 3759
1868 3760
4524 3761
5855 3762
2656 3763
4468 3764
5075 3765
1449 3766
5278 3767
7495 3768
4690 3769
5000 3770
3460 3771
2719 3772
6716 3773
7128 3774
4211 3775
2088 3776
4550 3777
6299 3778
6606 3779
7422 3780
1950 3781
4056 3782
2601 3783
4483 3784
4255 3785
6961 3786
219 3787
7426 3788
6676 3789
4380 3790
3791 3791
5556 3792
4841 3793
4812 3794
6121 3795
4226 3796
4549 3797
1855 3798
3390 3799
6473 3800
2102 3801
4876 3802
1310 3803
2294 3804
12 3805
3806 3806
3807 3807
7320 3808
3809 3809
2645 3810
3868 3811
5711 3812
1008 3813
6718 3814
6248 3815
3816 3816
1896 3817
6172 3818
5581 3819
4135 3820
5781 3821
3822 3822
6798 3823
3824 3824
4761 3825
3826 3826
4873 3827
974 3828
2940 3829
1825 3830
3955 3831
4369 3832
2858 3833
3834 3834
3694 3835
121 3836
6516 3837
2913 3838
3839 3839
7430 3840
3841 3841
2714 3842
3 3843
3693 3844
2580 3845
514 3846
3466 3847
6423 3848
6212 3849
495 3850
5632 3851
5449 3852
6521 3853
1487 3854
1710 3855
6450 3856
3521 3857
4600 3858
3859 3859
2857 3860
1573 3861
3073 3862
4494 3863
256 3864
5578 3865
4625 3866
1530 3867
4487 3868
5292 3869
2663 3870
4844 3871
1613 3872
7039 3873
5889 3874
4894 3875
5182 3876
6531 3877
1136 3878
6651 3879
573 3880
6290 3881
6398 3882
2932 3883
5032 3884
7095 3885
4904 3886
3887 3887
3488 3888
6471 3889
2527 3890
1425 3891
6962 3892
2845 3893
1880 3894
2547 3895
1279 3896
4273 3897
5627 3898
2370 3899
3878 3900
4127 3901
5253 3902
4053 3903
4579 3904
5540 3905
6307 3906
5268 3907
3908 3908
2468 3909
7296 3910
4810 3911
3327 3912
3283 3913
930 3914
2093 3915
2236 3916
4043 3917
4467 3918
3456 3919
3589 3920
1314 3921
3922 3922
6645 3923
5568 3924
2873 3925
4671 3926
7342 3927
6807 3928
5754 3929
2769 3930
3445 3931
4914 3932
46 3933
4915 3934
3874 3935
852 3936
2974 3937
5304 3938
3939 3939
1370 3940
252 3941
6405 3942
4882 3943
374 3944
1017 3945
3946 3946
5937 3947
1516 3948
1579 3949
2960 3950
1810 3951
3952 3952
6759 3953
2973 3954
4641 3955
6925 3956
3974 3957
3958 3958
2137 3959
6251 3960
7123 3961
7020 3962
245 3963
3785 3964
5823 3965
3662 3966
2118 3967
1627 3968
296 3969
3970 3970
4507 3971
6280 3972
3997 3973
3367 3974
1960 3975
2725 3976
1882 3977
5250 3978
740 3979
7402 3980
6893 3981
1473 3982
706 3983
6824 3984
2704 3985
1088 3986
6136 3987
1208 3988
5514 3989
4681 3990
6877 3991
1160 3992
5384 3993
6689 3994
362 3995
3996 3996
7055 3997
2441 3998
1961 3999
582 4000
4899 4001
7059 4002
2229 4003
4238 4004
2832 4005
1384 4006
5778 4007
3547 4008
5608 4009
209 4010
1007 4011
3136 4012
5042 4013
5391 4014
729 4015
6810 4016
6952 4017
1911 4018
559 4019
7306 4020
4471 4021
7488 4022
4866 4023
1506 4024
4343 4025
2360 4026
1468 4027
1112 4028
1002 4029
1178 4030
4031 4031
2626 4032
4033 4033
1341 4034
3728 4035
1906 4036
4037 4037
2041 4038
4039 4039
1372 4040
7389 4041
2497 4042
858 4043
1781 4044
7060 4045
7318 4046
310 4047
2828 4048
1102 4049
6624 4050
6957 4051
1597 4052
4721 4053
4337 4054
6769 4055
6045 4056
4413 4057
282 4058
6044 4059
4060 4060
820 4061
5784 4062
6938 4063
4064 4064
4918 4065
4066 4066
2200 4067
2317 4068
2309 4069
5073 4070
4518 4071
6891 4072
4073 4073
3854 4074
2462 4075
517 4076
2217 4077
4505 4078
6811 4079
4585 4080
498 4081
6245 4082
4399 4083
3243 4084
4533 4085
2426 4086
2127 4087
4088 4088
3766 4089
5951 4090
4091 4091
4542 4092
3333 4093
2140 4094
1283 4095
1513 4096
5189 4097
129 4098
2616 4099
5872 4100
7339 4101
1507 4102
2831 4103
3161 4104
1127 4105
6319 4106
6160 4107
3773 4108
6989 4109
1845 4110
4833 4111
7110 4112
6803 4113
426 4114
1405 4115
4229 4116
4920 4117
6109 4118
1544 4119
1509 4120
5558 4121
727 4122
4123 4123
726 4124
2900 4125
3591 4126
6609 4127
7456 4128
1697 4129
6487 4130
2340 4131
5330 4132
1429 4133
7202 4134
7008 4135
3065 4136
4773 4137
4351 4138
312 4139
3623 4140
6502 4141
5175 4142
2098 4143
217 4144
5820 4145
5411 4146
4278 4147
5657 4148
6404 4149
3502 4150
4151 4151
5113 4152
4455 4153
3182 4154
2636 4155
3517 4156
5188 4157
5589 4158
6920 4159
6203 4160
4720 4161
4162 4162
5401 4163
2013 4164
1144 4165
4166 4166
611 4167
2004 4168
4084 4169
1134 4170
5672 4171
4172 4172
2780 4173
5326 4174
7 4175
1623 4176
4619 4177
5027 4178
6279 4179
2111 4180
783 4181
7399 4182
6545 4183
6752 4184
4185 4185
3723 4186
2988 4187
3592 4188
1357 4189
5262 4190
1569 4191
5342 4192
1773 4193
5143 4194
3783 4195
6972 4196
5961 4197
890 4198
4199 4199
7101 4200
4201 4201
5441 4202
3640 4203
7212 4204
7258 4205
4869 4206
1557 4207
380 4208
5767 4209
4780 4210
6994 4211
4758 4212
5152 4213
954 4214
439 4215
2316 4216
2460 4217
3037 4218
4219 4219
6250 4220
7017 4221
1839 4222
920 4223
6354 4224
4225 4225
3847 4226
1326 4227
1827 4228
4116 4229
4197 4230
1629 4231
4609 4232
7241 4233
7283 4234
2504 4235
2223 4236
494 4237
3812 4238
2469 4239
2801 4240
2978 4241
5173 4242
6298 4243
3175 4244
2596 4245
1302 4246
1115 4247
7082 4248
4249 4249
6058 4250
5705 4251
386 4252
6117 4253
3522 4254
6047 4255
5001 4256
4074 4257
3536 4258
5132 4259
3563 4260
905 4261
4828 4262
2824 4263
3164 4264
5405 4265
1290 4266
4470 4267
4333 4268
3153 4269
5545 4270
6038 4271
924 4272
2399 4273
5317 4274
7313 4275
6340 4276
4769 4277
2429 4278
484 4279
1912 4280
6620 4281
7193 4282
1278 4283
1678 4284
4753 4285
506 4286
4966 4287
4587 4288
1686 4289
1915 4290
3646 4291
2605 4292
2796 4293
5667 4294
4667 4295
1156 4296
246 4297
3666 4298
6550 4299
4995 4300
531 4301
4302 4302
2772 4303
6353 4304
2869 4305
872 4306
1652 4307
1792 4308
1371 4309
4911 4310
4592 4311
2716 4312
5117 4313
7343 4314
5224 4315
3823 4316
108 4317
4318 4318
991 4319
4320 4320
854 4321
2083 4322
1983 4323
3631 4324
4030 4325
5327 4326
1582 4327
6133 4328
7228 4329
5515 4330
673 4331
1664 4332
7465 4333
1001 4334
225 4335
3894 4336
3248 4337
6033 4338
3379 4339
4929 4340
4341 4341
5019 4342
4029 4343
5456 4344
7069 4345
4802 4346
5174 4347
4348 4348
6953 4349
453 4350
6428 4351
7173 4352
4353 4353
6553 4354
6215 4355
4356 4356
6987 4357
92 4358
7443 4359
773 4360
6910 4361
5594 4362
7372 4363
5564 4364
5494 4365
6598 4366
4865 4367
6387 4368
157 4369
3149 4370
5912 4371
5126 4372
755 4373
4216 4374
472 4375
5930 4376
4689 4377
612 4378
2476 4379
4117 4380
1503 4381
1299 4382
2011 4383
3782 4384
6026 4385
675 4386
3803 4387
4388 4388
7302 4389
5242 4390
1920 4391
6831 4392
5738 4393
5399 4394
3030 4395
4139 4396
2234 4397
2696 4398
4085 4399
5903 4400
3844 4401
6130 4402
5758 4403
7040 4404
1193 4405
1241 4406
1394 4407
6384 4408
2868 4409
4845 4410
4411 4411
3072 4412
7230 4413
1714 4414
4479 4415
4686 4416
4846 4417
6041 4418
4419 4419
3276 4420
5817 4421
1113 4422
804 4423
4805 4424
4574 4425
6266 4426
5527 4427
4713 4428
765 4429
6577 4430
4431 4431
1022 4432
3586 4433
7188 4434
1716 4435
1996 4436
3741 4437
4047 4438
2271 4439
20 4440
89 4441
4442 4442
3973 4443
1443 4444
3580 4445
5092 4446
2684 4447
4607 4448
4299 4449
7178 4450
3776 4451
6306 4452
4893 4453
1571 4454
6607 4455
3134 4456
5547 4457
7106 4458
6291 4459
4460 4460
474 4461
3650 4462
58 4463
465 4464
4971 4465
6333 4466
6869 4467
6947 4468
2146 4469
2379 4470
3155 4471
2480 4472
4473 4473
5526 4474
2182 4475
5679 4476
304 4477
6879 4478
1276 4479
578 4480
7335 4481
6283 4482
3800 4483
3655 4484
6561 4485
5626 4486
4038 4487
4087 4488
5535 4489
3609 4490
3682 4491
5105 4492
4450 4493
32 4494
1135 4495
5551 4496
3651 4497
1479 4498
3980 4499
1914 4500
735 4501
5083 4502
6817 4503
480 4504
7473 4505
5668 4506
7464 4507
251 4508
3897 4509
7450 4510
3192 4511
2628 4512
4491 4513
4514 4514
4515 4515
1814 4516
4519 4517
7029 4518
1553 4519
3683 4520
3257 4521
18 4522
1149 4523
5623 4524
452 4525
6573 4526
4527 4527
6909 4528
4529 4529
4627 4530
7053 4531
5120 4532
5200 4533
1381 4534
6890 4535
1669 4536
4158 4537
6928 4538
53 4539
5833 4540
2994 4541
4035 4542
4543 4543
2423 4544
4623 4545
1746 4546
6655 4547
3626 4548
3208 4549
2318 4550
5382 4551
7432 4552
2132 4553
4155 4554
352 4555
7254 4556
6734 4557
5435 4558
4347 4559
4680 4560
4561 4561
5122 4562
4180 4563
2256 4564
6478 4565
5720 4566
6854 4567
3044 4568
6137 4569
4526 4570
7058 4571
311 4572
3142 4573
3767 4574
5584 4575
2407 4576
3090 4577
4059 4578
7466 4579
22 4580
3125 4581
6198 4582
3131 4583
6112 4584
1461 4585
3487 4586
6383 4587
3032 4588
4602 4589
1159 4590
1599 4591
6482 4592
827 4593
7497 4594
3562 4595
2839 4596
4597 4597
6665 4598
2793 4599
5501 4600
6578 4601
5094 4602
5929 4603
4604 4604
5453 4605
1720 4606
5054 4607
1910 4608
5192 4609
2542 4610
1889 4611
2896 4612
3280 4613
152 4614
7489 4615
3076 4616
6725 4617
4618 4618
7183 4619
4449 4620
2232 4621
2396 4622
6145 4623
4624 4624
1051 4625
1931 4626
4538 4627
753 4628
1284 4629
4630 4630
4631 4631
6875 4632
4633 4633
798 4634
3004 4635
6231 4636
1753 4637
1335 4638
1602 4639
5884 4640
5063 4641
4859 4642
6181 4643
512 4644
7324 4645
3936 4646
1815 4647
1090 4648
6575 4649
6600 4650
889 4651
1308 4652
2811 4653
914 4654
2662 4655
4387 4656
3251 4657
5249 4658
7181 4659
3083 4660
2008 4661
1263 4662
6479 4663
5275 4664
4554 4665
4809 4666
4969 4667
6351 4668
3138 4669
2530 4670
5502 4671
6173 4672
3467 4673
2715 4674
3341 4675
3337 4676
4246 4677
4432 4678
6614 4679
3602 4680
1226 4681
215 4682
4953 4683
327 4684
6103 4685
5915 4686
2214 4687
6489 4688
3481 4689
7452 4690
6391 4691
5050 4692
7321 4693
2059 4694
3798 4695
5659 4696
4153 4697
6424 4698
7062 4699
2563 4700
2292 4701
4702 4702
1689 4703
4704 4704
4493 4705
3587 4706
2293 4707
102 4708
3960 4709
654 4710
1110 4711
3737 4712
286 4713
4054 4714
2619 4715
5611 4716
1807 4717
7168 4718
4377 4719
1351 4720
687 4721
2144 4722
2061 4723
5128 4724
3403 4725
4726 4726
7004 4727
5909 4728
2421 4729
6894 4730
6492 4731
314 4732
5629 4733
1094 4734
4648 4735
1231 4736
4972 4737
5414 4738
4739 4739
642 4740
1376 4741
4251 4742
205 4743
790 4744
1145 4745
3231 4746
6765 4747
921 4748
4818 4749
2075 4750
3054 4751
1650 4752
2230 4753
2980 4754
5737 4755
2160 4756
708 4757
3407 4758
3707 4759
6054 4760
2080 4761
5726 4762
440 4763
2194 4764
3176 4765
7345 4766
6911 4767
3659 4768
3171 4769
4770 4770
5198 4771
1583 4772
2169 4773
3804 4774
3778 4775
5549 4776
4705 4777
5749 4778
4300 4779
5135 4780
5209 4781
5995 4782
5282 4783
6021 4784
4389 4785
1095 4786
3075 4787
214 4788
1028 4789
7240 4790
6945 4791
533 4792
7150 4793
414 4794
2255 4795
422 4796
6385 4797
106 4798
2724 4799
3554 4800
6595 4801
5780 4802
5771 4803
5165 4804
3876 4805
1203 4806
6956 4807
6559 4808
7420 4809
3674 4810
1770 4811
1670 4812
4813 4813
4205 4814
5519 4815
747 4816
601 4817
2391 4818
4819 4819
470 4820
4821 4821
325 4822
4779 4823
1399 4824
3289 4825
2691 4826
3750 4827
4112 4828
4474 4829
4830 4830
1610 4831
338 4832
4422 4833
3527 4834
5134 4835
111 4836
7102 4837
2578 4838
4552 4839
2036 4840
2025 4841
4016 4842
1634 4843
4170 4844
821 4845
2678 4846
1666 4847
3313 4848
5022 4849
6932 4850
1347 4851
7451 4852
5289 4853
2168 4854
5111 4855
7107 4856
3356 4857
6003 4858
7375 4859
5920 4860
6836 4861
1990 4862
2729 4863
4638 4864
5831 4865
4878 4866
5588 4867
2254 4868
254 4869
4577 4870
3781 4871
3597 4872
3787 4873
7211 4874
3420 4875
5419 4876
4081 4877
6557 4878
2646 4879
6954 4880
1164 4881
1892 4882
182 4883
2938 4884
2934 4885
6499 4886
3151 4887
5392 4888
3534 4889
5789 4890
5905 4891
972 4892
6020 4893
4111 4894
590 4895
6960 4896
3615 4897
4306 4898
1345 4899
1660 4900
1320 4901
3122 4902
4903 4903
354 4904
3297 4905
2085 4906
7360 4907
5378 4908
3956 4909
4257 4910
4218 4911
5666 4912
3413 4913
6082 4914
5736 4915
2891 4916
1068 4917
3901 4918
4285 4919
1161 4920
4576 4921
4922 4922
988 4923
6610 4924
6272 4925
3828 4926
4927 4927
178 4928
5972 4929
1152 4930
4065 4931
2447 4932
908 4933
4727 4934
625 4935
1466 4936
5990 4937
4891 4938
6732 4939
6476 4940
4800 4941
7309 4942
4072 4943
1409 4944
4317 4945
4202 4946
1045 4947
1596 4948
1632 4949
2524 4950
2203 4951
6218 4952
4397 4953
5039 4954
1483 4955
5373 4956
621 4957
3633 4958
5869 4959
4331 4960
2856 4961
7351 4962
801 4963
6866 4964
929 4965
1393 4966
4967 4967
2122 4968
6673 4969
3213 4970
5620 4971
5350 4972
4090 4973
2555 4974
3660 4975
1631 4976
4485 4977
4128 4978
4979 4979
7042 4980
1731 4981
3982 4982
6959 4983
4647 4984
4281 4985
3354 4986
2035 4987
1795 4988
6346 4989
412 4990
1245 4991
4992 4992
5533 4993
4994 4994
5686 4995
6459 4996
3038 4997
4069 4998
2969 4999
5809 5000
7056 5001
3551 5002
4973 5003
7444 5004
5005 5005
7143 5006
5204 5007
119 5008
5021 5009
26 5010
6895 5011
2068 5012
3273 5013
2422 5014
1658 5015
5016 5016
6795 5017
433 5018
5351 5019
5810 5020
1038 5021
2731 5022
6095 5023
5443 5024
1228 5025
1052 5026
5838 5027
5028 5028
504 5029
6681 5030
5031 5031
4409 5032
5854 5033
2023 5034
5035 5035
1272 5036
5315 5037
5038 5038
2444 5039
6652 5040
6566 5041
342 5042
130 5043
6966 5044
4130 5045
5046 5046
3530 5047
6990 5048
7401 5049
2556 5050
4789 5051
2509 5052
6144 5053
68 5054
3969 5055
2199 5056
1745 5057
1214 5058
2865 5059
6748 5060
2040 5061
4041 5062
1 5063
5052 5064
1139 5065
2986 5066
6937 5067
3988 5068
2018 5069
103 5070
2553 5071
7104 5072
3224 5073
376 5074
5422 5075
3109 5076
3727 5077
5078 5078
521 5079
5109 5080
4569 5081
7494 5082
2926 5083
6637 5084
960 5085
2671 5086
5014 5087
4883 5088
1234 5089
5138 5090
4361 5091
5116 5092
6230 5093
7398 5094
5037 5095
6234 5096
7174 5097
4523 5098
777 5099
5100 5100
6823 5101
4862 5102
3371 5103
2439 5104
3172 5105
5106 5106
4985 5107
5108 5108
2810 5109
3703 5110
6410 5111
28 5112
1881 5113
589 5114
2136 5115
7290 5116
7041 5117
97 5118
5119 5119
2084 5120
4539 5121
4908 5122
3228 5123
5124 5124
1353 5125
7205 5126
3483 5127
4402 5128
6977 5129
471 5130
5131 5131
6152 5132
3221 5133
3695 5134
3566 5135
3572 5136
6882 5137
2345 5138
4913 5139
5306 5140
6558 5141
3451 5142
6025 5143
604 5144
7252 5145
1824 5146
5057 5147
4403 5148
5365 5149
2921 5150
5151 5151
1734 5152
3266 5153
4241 5154
6064 5155
4121 5156
7201 5157
5158 5158
6115 5159
996 5160
5161 5161
7440 5162
2162 5163
5203 5164
2589 5165
1607 5166
2320 5167
1549 5168
413 5169
6335 5170
4368 5171
4582 5172
377 5173
1300 5174
563 5175
2870 5176
1419 5177
7001 5178
4568 5179
3099 5180
6049 5181
4386 5182
623 5183
5481 5184
4849 5185
4482 5186
7303 5187
2967 5188
6313 5189
4208 5190
741 5191
3772 5192
7207 5193
3978 5194
4796 5195
7471 5196
3708 5197
4798 5198
2047 5199
6022 5200
4660 5201
1130 5202
2338 5203
4448 5204
4707 5205
6504 5206
7019 5207
7092 5208
7070 5209
6826 5210
4976 5211
154 5212
6699 5213
2898 5214
44 5215
2493 5216
2016 5217
4601 5218
3343 5219
7071 5220
6743 5221
1904 5222
5223 5223
7411 5224
4349 5225
2803 5226
3889 5227
15 5228
6187 5229
5230 5230
2730 5231
5232 5232
876 5233
5234 5234
6996 5235
5236 5236
2569 5237
6560 5238
6563 5239
709 5240
233 5241
5102 5242
6596 5243
5244 5244
5323 5245
3665 5246
4291 5247
493 5248
6004 5249
7445 5250
2124 5251
4871 5252
3203 5253
4222 5254
1567 5255
5874 5256
1955 5257
3837 5258
2854 5259
3347 5260
5329 5261
6199 5262
4274 5263
2135 5264
6315 5265
4247 5266
6552 5267
3907 5268
7359 5269
3729 5270
133 5271
1600 5272
4277 5273
3094 5274
2034 5275
6355 5276
2952 5277
3697 5278
3387 5279
5607 5280
5 5281
1534 5282
2692 5283
2577 5284
4940 5285
4223 5286
7381 5287
5288 5288
3415 5289
2842 5290
5536 5291
2877 5292
7061 5293
6935 5294
1832 5295
3060 5296
5297 5297
6301 5298
4204 5299
1153 5300
4775 5301
3858 5302
5457 5303
756 5304
2039 5305
1184 5306
2003 5307
3968 5308
882 5309
3902 5310
962 5311
2389 5312
1816 5313
5729 5314
1863 5315
4240 5316
3873 5317
5418 5318
6149 5319
7457 5320
3396 5321
3818 5322
3215 5323
947 5324
5325 5325
5421 5326
2175 5327
1015 5328
3447 5329
7331 5330
6046 5331
745 5332
990 5333
2185 5334
3237 5335
5701 5336
4746 5337
2588 5338
5407 5339
5721 5340
1918 5341
4588 5342
2911 5343
7125 5344
4563 5345
2358 5346
3760 5347
4271 5348
337 5349
2625 5350
5520 5351
2417 5352
2053 5353
5170 5354
4026 5355
279 5356
713 5357
4933 5358
7021 5359
5199 5360
5691 5361
4358 5362
6011 5363
754 5364
1230 5365
6819 5366
2357 5367
4596 5368
1096 5369
2895 5370
4928 5371
6159 5372
7090 5373
4843 5374
4916 5375
2632 5376
1559 5377
1222 5378
3105 5379
4102 5380
5604 5381
6345 5382
2282 5383
3045 5384
1157 5385
3761 5386
2997 5387
3698 5388
605 5389
992 5390
3180 5391
3000 5392
4807 5393
4338 5394
6256 5395
3399 5396
6787 5397
7000 5398
2675 5399
5400 5400
3077 5401
1975 5402
4961 5403
7009 5404
1070 5405
6543 5406
5645 5407
6907 5408
4027 5409
6721 5410
7122 5411
1428 5412
421 5413
4230 5414
7264 5415
3124 5416
6976 5417
4839 5418
3730 5419
5420 5420
5776 5421
6639 5422
1929 5423
5424 5424
1712 5425
6762 5426
2936 5427
7034 5428
4790 5429
3324 5430
379 5431
5427 5432
567 5433
5434 5434
1700 5435
5697 5436
7425 5437
2386 5438
98 5439
3264 5440
7161 5441
967 5442
3559 5443
1942 5444
306 5445
1354 5446
4363 5447
6908 5448
6002 5449
6749 5450
1035 5451
4792 5452
4143 5453
4144 5454
4822 5455
5740 5456
232 5457
692 5458
5459 5459
2279 5460
1682 5461
6420 5462
3813 5463
5624 5464
6839 5465
1459 5466
5467 5467
5468 5468
2807 5469
1107 5470
6132 5471
4313 5472
3448 5473
3565 5474
267 5475
806 5476
2708 5477
2487 5478
1097 5479
1617 5480
762 5481
2243 5482
885 5483
1084 5484
4366 5485
979 5486
2448 5487
1182 5488
1998 5489
2781 5490
253 5491
2882 5492
1798 5493
4365 5494
1871 5495
3450 5496
2621 5497
566 5498
127 5499
3992 5500
3882 5501
6936 5502
1592 5503
6237 5504
5960 5505
1343 5506
210 5507
3706 5508
1711 5509
1909 5510
1978 5511
2408 5512
3523 5513
6422 5514
4129 5515
6540 5516
2590 5517
5082 5518
2756 5519
1210 5520
171 5521
1238 5522
6430 5523
4174 5524
6579 5525
691 5526
3990 5527
2220 5528
6494 5529
3484 5530
5531 5531
5216 5532
4697 5533
2176 5534
5049 5535
6295 5536
1633 5537
5563 5538
5539 5539
6464 5540
6746 5541
7325 5542
1104 5543
613 5544
1100 5545
1458 5546
5065 5547
5684 5548
4768 5549
6604 5550
669 5551
3560 5552
1661 5553
6406 5554
73 5555
1407 5556
5557 5557
1687 5558
4328 5559
945 5560
4075 5561
4936 5562
3838 5563
2443 5564
6403 5565
2258 5566
5745 5567
980 5568
6971 5569
5155 5570
667 5571
4147 5572
3375 5573
5574 5574
1677 5575
2161 5576
5700 5577
4146 5578
2742 5579
2419 5580
5647 5581
2001 5582
5084 5583
2206 5584
1858 5585
3214 5586
3842 5587
1200 5588
4665 5589
84 5590
2153 5591
7429 5592
4613 5593
201 5594
2925 5595
3216 5596
3808 5597
5598 5598
244 5599
3916 5600
382 5601
7260 5602
5603 5603
6186 5604
6170 5605
5321 5606
5636 5607
6169 5608
532 5609
2583 5610
4917 5611
5727 5612
5389 5613
5614 5614
218 5615
3864 5616
5617 5617
3541 5618
757 5619
4435 5620
7347 5621
3116 5622
436 5623
6126 5624
5625 5625
4486 5626
490 5627
6262 5628
5866 5629
1759 5630
5670 5631
2074 5632
5633 5633
2314 5634
6705 5635
3263 5636
5205 5637
1475 5638
6930 5639
1209 5640
4840 5641
3385 5642
4339 5643
4392 5644
3017 5645
4258 5646
6356 5647
4901 5648
6435 5649
1707 5650
1253 5651
5774 5652
4063 5653
1319 5654
5655 5655
3912 5656
7410 5657
6970 5658
814 5659
518 5660
4196 5661
4553 5662
5663 5663
1391 5664
2667 5665
5466 5666
2109 5667
2354 5668
4887 5669
3158 5670
5671 5671
2598 5672
5880 5673
3953 5674
6871 5675
1901 5676
1997 5677
5678 5678
3071 5679
7220 5680
873 5681
1047 5682
5360 5683
1080 5684
1262 5685
3074 5686
848 5687
3937 5688
3078 5689
6311 5690
4400 5691
3504 5692
1667 5693
1463 5694
6327 5695
2937 5696
1201 5697
1844 5698
2378 5699
836 5700
4877 5701
145 5702
6958 5703
4861 5704
95 5705
5311 5706
3649 5707
3692 5708
2763 5709
855 5710
5766 5711
1129 5712
5271 5713
5714 5714
5062 5715
7349 5716
5717 5717
2650 5718
1435 5719
5487 5720
2352 5721
5060 5722
429 5723
3190 5724
2070 5725
2050 5726
832 5727
5728 5728
2908 5729
6339 5730
4354 5731
5523 5732
5463 5733
3309 5734
4264 5735
5873 5736
3258 5737
1036 5738
82 5739
1981 5740
1471 5741
1062 5742
276 5743
6608 5744
3096 5745
6412 5746
7369 5747
6148 5748
2786 5749
1168 5750
5751 5751
4228 5752
6887 5753
395 5754
2479 5755
6715 5756
5980 5757
551 5758
4694 5759
5760 5760
2798 5761
2573 5762
4457 5763
5764 5764
5150 5765
7063 5766
795 5767
695 5768
5769 5769
5770 5770
1258 5771
6055 5772
3241 5773
1257 5774
4329 5775
5812 5776
2609 5777
6884 5778
575 5779
7200 5780
346 5781
2263 5782
6397 5783
5237 5784
7442 5785
3501 5786
1969 5787
5871 5788
541 5789
2534 5790
6023 5791
2142 5792
2880 5793
1340 5794
5485 5795
4006 5796
2087 5797
6751 5798
4975 5799
3284 5800
67 5801
2785 5802
6896 5803
1526 5804
427 5805
7232 5806
3234 5807
4489 5808
5440 5809
7209 5810
4100 5811
2150 5812
1755 5813
3603 5814
6490 5815
5816 5816
3454 5817
2976 5818
4266 5819
2110 5820
1763 5821
6013 5822
2523 5823
1502 5824
2564 5825
6706 5826
3926 5827
5579 5828
1368 5829
5895 5830
1797 5831
3189 5832
3690 5833
1611 5834
3325 5835
6146 5836
2620 5837
4874 5838
557 5839
1126 5840
3595 5841
3156 5842
6541 5843
5939 5844
5213 5845
5846 5846
1072 5847
3986 5848
4484 5849
742 5850
2290 5851
2336 5852
6171 5853
3242 5854
4289 5855
4537 5856
5857 5857
1726 5858
3765 5859
5989 5860
6273 5861
3865 5862
3490 5863
2887 5864
6119 5865
6016 5866
5144 5867
4816 5868
5676 5869
2924 5870
6409 5871
3768 5872
3295 5873
134 5874
5782 5875
5876 5876
2608 5877
3637 5878
5879 5879
6147 5880
3143 5881
5484 5882
5681 5883
161 5884
2101 5885
1420 5886
3013 5887
6059 5888
6073 5889
2981 5890
6653 5891
3933 5892
568 5893
4231 5894
6742 5895
2043 5896
3118 5897
3478 5898
5294 5899
7179 5900
212 5901
7483 5902
3239 5903
4657 5904
6323 5905
618 5906
6399 5907
2235 5908
1728 5909
5881 5910
5347 5911
5891 5912
5395 5913
7156 5914
3438 5915
5916 5916
7012 5917
5716 5918
4990 5919
7096 5920
3170 5921
622 5922
3613 5923
614 5924
49 5925
5950 5926
2329 5927
1151 5928
6726 5929
6337 5930
5931 5931
2604 5932
5059 5933
8 5934
5935 5935
5936 5936
5518 5937
3465 5938
2670 5939
3967 5940
1604 5941
5802 5942
6236 5943
5944 5944
5945 5945
4052 5946
4868 5947
2875 5948
5988 5949
4176 5950
272 5951
348 5952
6065 5953
6303 5954
3790 5955
4025 5956
1041 5957
886 5958
372 5959
3763 5960
3654 5961
5962 5962
6804 5963
4970 5964
2658 5965
2207 5966
609 5967
6229 5968
5969 5969
185 5970
3430 5971
6838 5972
7365 5973
4723 5974
2805 5975
7054 5976
5248 5977
6525 5978
1923 5979
1547 5980
910 5981
5982 5982
5983 5983
3867 5984
5818 5985
1264 5986
956 5987
6991 5988
4759 5989
1011 5990
5089 5991
5177 5992
3932 5993
5088 5994
2833 5995
3925 5996
4825 5997
4005 5998
3307 5999
526 6000
4050 6001
4598 6002
3064 6003
6860 6004
7271 6005
4327 6006
265 6007
5634 6008
7379 6009
6264 6010
4725 6011
3780 6012
4594 6013
1247 6014
3023 6015
2744 6016
2198 6017
4408 6018
1250 6019
3893 6020
1089 6021
3872 6022
2149 6023
5290 6024
1808 6025
6139 6026
2151 6027
520 6028
1684 6029
6778 6030
6495 6031
6852 6032
4935 6033
6034 6034
1077 6035
3424 6036
3162 6037
406 6038
6039 6039
187 6040
5258 6041
4835 6042
4099 6043
3945 6044
1778 6045
1014 6046
834 6047
6048 6048
6546 6049
4637 6050
4884 6051
4996 6052
6053 6053
384 6054
5146 6055
6717 6056
3195 6057
4510 6058
5561 6059
2261 6060
2187 6061
1662 6062
476 6063
5646 6064
4096 6065
957 6066
5281 6067
4954 6068
5924 6069
5894 6070
4326 6071
5438 6072
1575 6073
1111 6074
6425 6075
4999 6076
631 6077
710 6078
2311 6079
2274 6080
3381 6081
934 6082
6903 6083
226 6084
1501 6085
3033 6086
1067 6087
1791 6088
6089 6089
1991 6090
5768 6091
6211 6092
6522 6093
6269 6094
5023 6095
4785 6096
2610 6097
5811 6098
3126 6099
7007 6100
6101 6101
4437 6102
1870 6103
1649 6104
6105 6105
2326 6106
4897 6107
1369 6108
5991 6109
961 6110
5999 6111
1890 6112
4194 6113
4621 6114
1128 6115
4764 6116
3328 6117
6118 6118
3034 6119
2005 6120
637 6121
247 6122
2812 6123
128 6124
5168 6125
2515 6126
3930 6127
7352 6128
764 6129
6062 6130
5061 6131
1298 6132
4511 6133
411 6134
6165 6135
3601 6136
807 6137
140 6138
5333 6139
2570 6140
117 6141
1087 6142
2165 6143
1006 6144
1297 6145
6693 6146
4492 6147
3041 6148
7354 6149
7038 6150
6797 6151
4239 6152
1907 6153
2572 6154
746 6155
4157 6156
1064 6157
5713 6158
1545 6159
5455 6160
5835 6161
204 6162
3621 6163
1034 6164
3321 6165
6166 6166
6167 6167
7479 6168
3474 6169
5006 6170
2055 6171
3245 6172
6820 6173
810 6174
4350 6175
6862 6176
7407 6177
1927 6178
6179 6179
3101 6180
6782 6181
3220 6182
2328 6183
27 6184
2966 6185
5992 6186
633 6187
5702 6188
1809 6189
3995 6190
1323 6191
4465 6192
9 6193
662 6194
281 6195
6189 6196
1630 6197
5436 6198
2048 6199
5215 6200
7449 6201
334 6202
5914 6203
6913 6204
6613 6205
4988 6206
1176 6207
2647 6208
6544 6209
441 6210
3200 6211
4453 6212
1840 6213
2239 6214
4275 6215
3286 6216
1804 6217
1758 6218
3836 6219
5090 6220
221 6221
4070 6222
6842 6223
6388 6224
1469 6225
2777 6226
6227 6227
3810 6228
1270 6229
968 6230
4001 6231
2058 6232
164 6233
1492 6234
6232 6235
5537 6236
206 6237
4548 6238
3358 6239
1760 6240
1233 6241
6770 6242
7013 6243
4978 6244
2147 6245
3821 6246
6247 6247
6274 6248
5882 6249
6079 6250
4673 6251
4416 6252
6253 6253
5685 6254
397 6255
5593 6256
958 6257
3918 6258
6259 6259
7157 6260
6261 6261
5178 6262
378 6263
5953 6264
4381 6265
5867 6266
2501 6267
831 6268
5003 6269
4910 6270
1696 6271
6785 6272
7223 6273
3786 6274
7187 6275
1480 6276
7227 6277
839 6278
862 6279
617 6280
2471 6281
1833 6282
2765 6283
1434 6284
4221 6285
1190 6286
3604 6287
1236 6288
845 6289
6031 6290
4173 6291
6576 6292
7089 6293
1624 6294
2784 6295
5442 6296
2795 6297
7261 6298
5491 6299
2790 6300
6375 6301
6302 6302
4464 6303
5416 6304
5488 6305
150 6306
6677 6307
5938 6308
6309 6309
761 6310
2987 6311
6312 6312
6135 6313
6029 6314
5228 6315
6316 6316
5012 6317
1941 6318
2306 6319
4427 6320
6321 6321
5998 6322
1342 6323
3575 6324
1982 6325
3095 6326
5622 6327
6018 6328
1992 6329
4390 6330
6331 6331
1235 6332
2738 6333
4187 6334
5946 6335
5773 6336
7400 6337
6338 6338
3642 6339
110 6340
913 6341
4118 6342
6343 6343
1328 6344
6102 6345
3921 6346
7311 6347
7083 6348
437 6349
6350 6350
6583 6351
5017 6352
7108 6353
507 6354
4784 6355
6071 6356
6106 6357
3279 6358
6244 6359
1962 6360
6998 6361
1048 6362
2082 6363
2560 6364
5259 6365
125 6366
5475 6367
4570 6368
5530 6369
2917 6370
6371 6371
1993 6372
6196 6373
7356 6374
1183 6375
6764 6376
5952 6377
2009 6378
5722 6379
3338 6380
1566 6381
1229 6382
449 6383
2173 6384
5741 6385
3253 6386
6885 6387
1587 6388
1499 6389
6390 6390
3625 6391
6392 6392
950 6393
4595 6394
5145 6395
5602 6396
2843 6397
1899 6398
4716 6399
2968 6400
231 6401
3167 6402
3121 6403
3748 6404
3733 6405
4688 6406
7052 6407
45 6408
2014 6409
942 6410
788 6411
891 6412
3477 6413
5482 6414
4651 6415
3225 6416
6417 6417
324 6418
2999 6419
196 6420
5562 6421
2695 6422
5954 6423
6477 6424
5056 6425
5180 6426
4724 6427
4106 6428
546 6429
6462 6430
6431 6431
5045 6432
5008 6433
79 6434
2615 6435
6255 6436
1786 6437
4284 6438
2514 6439
1254 6440
198 6441
636 6442
3819 6443
5804 6444
43 6445
2181 6446
6692 6447
3607 6448
5695 6449
1021 6450
6451 6451
3885 6452
4706 6453
6663 6454
3779 6455
2655 6456
6000 6457
7184 6458
1820 6459
6460 6460
2894 6461
3497 6462
5370 6463
2584 6464
7424 6465
896 6466
548 6467
2817 6468
6469 6469
6470 6470
828 6471
5385 6472
4958 6473
41 6474
5140 6475
2949 6476
3594 6477
2643 6478
481 6479
1817 6480
1204 6481
4182 6482
2506 6483
6484 6484
2954 6485
1862 6486
5814 6487
6183 6488
6761 6489
4175 6490
6449 6491
5104 6492
2134 6493
5255 6494
3981 6495
815 6496
468 6497
447 6498
3052 6499
4131 6500
2565 6501
5925 6502
6007 6503
4520 6504
5448 6505
4496 6506
6443 6507
4287 6508
3006 6509
398 6510
6511 6511
2312 6512
4744 6513
3720 6514
31 6515
5792 6516
5852 6517
4787 6518
5252 6519
1412 6520
7213 6521
5885 6522
6813 6523
3369 6524
4912 6525
4863 6526
893 6527
2723 6528
6529 6529
3638 6530
4340 6531
5341 6532
6948 6533
4728 6534
6995 6535
6536 6536
5696 6537
808 6538
242 6539
1121 6540
1639 6541
1725 6542
451 6543
113 6544
4183 6545
1071 6546
4886 6547
6682 6548
5226 6549
2640 6550
606 6551
818 6552
275 6553
6554 6554
5112 6555
1968 6556
5586 6557
2451 6558
3003 6559
4324 6560
6043 6561
5858 6562
5541 6563
5176 6564
6565 6565
4192 6566
6635 6567
3900 6568
5340 6569
5709 6570
3132 6571
3569 6572
1197 6573
7051 6574
4649 6575
2067 6576
5363 6577
3417 6578
7312 6579
5011 6580
301 6581
2402 6582
3089 6583
1216 6584
1026 6585
4244 6586
6176 6587
5458 6588
3022 6589
2171 6590
2420 6591
236 6592
6918 6593
6386 6594
987 6595
6091 6596
135 6597
2702 6598
2231 6599
5260 6600
4415 6601
5922 6602
341 6603
4984 6604
3820 6605
7044 6606
6294 6607
2698 6608
2233 6609
2635 6610
6017 6611
6426 6612
1232 6613
4374 6614
1933 6615
2445 6616
6934 6617
1916 6618
5103 6619
2531 6620
5277 6621
6110 6622
464 6623
6411 6624
3799 6625
6434 6626
5772 6627
5755 6628
7326 6629
4042 6630
7169 6631
3712 6632
2919 6633
3775 6634
4058 6635
3166 6636
6358 6637
2791 6638
1000 6639
403 6640
2826 6641
1524 6642
5524 6643
1705 6644
3923 6645
6646 6646
5186 6647
4451 6648
6010 6649
670 6650
4885 6651
4838 6652
6684 6653
1925 6654
1782 6655
529 6656
5546 6657
6658 6658
4756 6659
2746 6660
877 6661
6662 6662
6481 6663
7170 6664
646 6665
5246 6666
6667 6667
4783 6668
837 6669
933 6670
6671 6671
1037 6672
6131 6673
1389 6674
7439 6675
5080 6676
5708 6677
1742 6678
6679 6679
5718 6680
3564 6681
5368 6682
3679 6683
4677 6684
6685 6685
1418 6686
6174 6687
1748 6688
385 6689
6690 6690
5114 6691
4743 6692
3262 6693
3764 6694
6515 6695
2788 6696
6899 6697
5592 6698
1493 6699
194 6700
5153 6701
3278 6702
6703 6703
5265 6704
4962 6705
744 6706
6204 6707
2143 6708
1949 6709
2148 6710
389 6711
5483 6712
4301 6713
3895 6714
5753 6715
7204 6716
1417 6717
5844 6718
4803 6719
1709 6720
1073 6721
3752 6722
3050 6723
6722 6724
2538 6725
2537 6726
7499 6727
3016 6728
888 6729
3244 6730
3513 6731
1653 6732
6216 6733
2783 6734
4506 6735
2458 6736
5387 6737
5041 6738
6142 6739
5642 6740
5808 6741
6092 6742
1348 6743
3469 6744
971 6745
5139 6746
6501 6747
3388 6748
5743 6749
1654 6750
5051 6751
6888 6752
3628 6753
2998 6754
6603 6755
3301 6756
7427 6757
6758 6758
7111 6759
4236 6760
5652 6761
6760 6762
2012 6763
6068 6764
2502 6765
6766 6766
6767 6767
906 6768
1206 6769
6634 6770
4710 6771
3928 6772
6773 6773
458 6774
6775 6775
6776 6776
6821 6777
428 6778
4503 6779
6780 6780
5511 6781
3951 6782
2779 6783
722 6784
4734 6785
1500 6786
2693 6787
2123 6788
5673 6789
4046 6790
6201 6791
24 6792
4021 6793
1202 6794
7414 6795
2726 6796
1603 6797
1640 6798
3861 6799
3862 6800
2995 6801
6792 6802
2957 6803
7393 6804
6805 6805
56 6806
6439 6807
1108 6808
5510 6809
7446 6810
2651 6811
1044 6812
2804 6813
6503 6814
6815 6815
1350 6816
7049 6817
6818 6818
4590 6819
3870 6820
4214 6821
5417 6822
7481 6823
1053 6824
3267 6825
7438 6826
5827 6827
5965 6828
6829 6829
7099 6830
2892 6831
986 6832
66 6833
1537 6834
392 6835
6127 6836
6985 6837
7322 6838
81 6839
3624 6840
7337 6841
6373 6842
6843 6843
3793 6844
6845 6845
6084 6846
3645 6847
2042 6848
1946 6849
2850 6850
1333 6851
4438 6852
6853 6853
3759 6854
4820 6855
2376 6856
2211 6857
825 6858
3721 6859
305 6860
1938 6861
3111 6862
5864 6863
937 6864
1620 6865
5393 6866
584 6867
298 6868
7225 6869
1437 6870
1180 6871
448 6872
5918 6873
3368 6874
1240 6875
1869 6876
6858 6877
2442 6878
793 6879
6880 6880
3489 6881
6060 6882
817 6883
4454 6884
3159 6885
6538 6886
3331 6887
3998 6888
1528 6889
1488 6890
684 6891
6933 6892
5432 6893
7467 6894
2057 6895
7281 6896
6897 6897
6378 6898
4661 6899
1921 6900
707 6901
2315 6902
141 6903
6551 6904
1462 6905
5240 6906
5599 6907
7190 6908
5149 6909
3903 6910
4639 6911
6912 6912
4776 6913
6914 6914
3062 6915
4664 6916
1265 6917
981 6918
6619 6919
2466 6920
4669 6921
4359 6922
6455 6923
5221 6924
6500 6925
3500 6926
718 6927
5836 6928
2099 6929
5966 6930
2141 6931
2021 6932
2927 6933
5312 6934
4441 6935
2031 6936
1211 6937
60 6938
4968 6939
6617 6940
1903 6941
6287 6942
2853 6943
3141 6944
6850 6945
816 6946
3884 6947
2970 6948
2028 6949
2216 6950
6951 6951
6364 6952
693 6953
1436 6954
5733 6955
1426 6956
5194 6957
241 6958
2037 6959
6192 6960
6917 6961
332 6962
5813 6963
188 6964
23 6965
3015 6966
6967 6967
6968 6968
4700 6969
7435 6970
4747 6971
565 6972
6973 6973
6999 6974
3899 6975
4646 6976
1523 6977
1606 6978
3282 6979
4555 6980
3792 6981
5635 6982
2249 6983
5129 6984
6849 6985
7208 6986
5734 6987
6611 6988
4567 6989
6361 6990
1065 6991
3397 6992
6993 6993
2390 6994
5183 6995
7115 6996
5893 6997
1857 6998
3392 6999
5978 7000
2600 7001
5394 7002
2107 7003
2283 7004
3227 7005
7006 7006
4794 7007
6030 7008
1800 7009
7010 7010
6202 7011
1974 7012
4774 7013
7014 7014
711 7015
7396 7016
7132 7017
1414 7018
7386 7019
7117 7020
2760 7021
3452 7022
649 7023
170 7024
7025 7025
594 7026
2983 7027
6184 7028
6779 7029
7030 7030
7031 7031
4963 7032
6868 7033
1756 7034
5703 7035
3880 7036
7072 7037
5699 7038
2809 7039
6415 7040
603 7041
4989 7042
4019 7043
3085 7044
4946 7045
3863 7046
6708 7047
2022 7048
1699 7049
4528 7050
1318 7051
4312 7052
3042 7053
2941 7054
5356 7055
329 7056
569 7057
99 7058
797 7059
912 7060
6883 7061
5313 7062
6984 7063
3005 7064
6585 7065
1895 7066
3789 7067
7068 7068
5731 7069
7237 7070
5505 7071
3152 7072
6445 7073
2525 7074
6650 7075
7076 7076
5742 7077
4003 7078
2594 7079
4370 7080
5538 7081
1588 7082
2950 7083
4057 7084
2403 7085
6571 7086
6872 7087
1481 7088
3014 7089
1823 7090
383 7091
5439 7092
3048 7093
7341 7094
5079 7095
4860 7096
5949 7097
1850 7098
6164 7099
2405 7100
1387 7101
1307 7102
4394 7103
6997 7104
2700 7105
4788 7106
3871 7107
3757 7108
285 7109
634 7110
497 7111
2955 7112
970 7113
3711 7114
5616 7115
5225 7116
7367 7117
7286 7118
629 7119
1980 7120
6660 7121
4 7122
361 7123
3160 7124
358 7125
3063 7126
819 7127
2472 7128
6052 7129
7431 7130
5841 7131
6317 7132
5643 7133
4115 7134
1517 7135
874 7136
315 7137
3540 7138
2066 7139
2073 7140
7141 7141
2371 7142
259 7143
1403 7144
5147 7145
811 7146
763 7147
4652 7148
5362 7149
4793 7150
7333 7151
6228 7152
2170 7153
50 7154
25 7155
353 7156
4754 7157
552 7158
7159 7159
2991 7160
3315 7161
4679 7162
5266 7163
6847 7164
1131 7165
6107 7166
62 7167
3352 7168
984 7169
774 7170
4344 7171
5136 7172
2492 7173
5575 7174
6668 7175
7382 7176
7177 7177
1242 7178
273 7179
6533 7180
5662 7181
7338 7182
3181 7183
4500 7184
3135 7185
5033 7186
6275 7187
7118 7188
3746 7189
5690 7190
4048 7191
7192 7192
5525 7193
7194 7194
5665 7195
6757 7196
6530 7197
6733 7198
5264 7199
6983 7200
2808 7201
2275 7202
7203 7203
7474 7204
4443 7205
2351 7206
2685 7207
3567 7208
714 7209
7210 7210
5573 7211
5826 7212
2897 7213
528 7214
2113 7215
6768 7216
3608 7217
583 7218
3457 7219
2215 7220
2327 7221
4444 7222
3188 7223
7291 7224
1764 7225
2180 7226
946 7227
5542 7228
7229 7229
4986 7230
2582 7231
516 7232
2303 7233
5725 7234
3701 7235
4396 7236
4342 7237
599 7238
6526 7239
2491 7240
4445 7241
7242 7242
1724 7243
7244 7244
5821 7245
5750 7246
3919 7247
5181 7248
1900 7249
5322 7250
2270 7251
1361 7252
7462 7253
6267 7254
7255 7255
5641 7256
4905 7257
7395 7258
7259 7259
6627 7260
7308 7261
1411 7262
6472 7263
7384 7264
847 7265
7266 7266
7397 7267
7285 7268
7269 7269
5504 7270
3230 7271
7272 7272
3106 7273
3463 7274
6265 7275
1259 7276
1205 7277
3026 7278
927 7279
3557 7280
6592 7281
6396 7282
350 7283
2188 7284
1075 7285
6037 7286
3658 7287
7348 7288
7113 7289
3596 7290
4987 7291
6075 7292
1382 7293
7294 7294
7295 7295
2267 7296
587 7297
4407 7298
445 7299
335 7300
3303 7301
6480 7302
1905 7303
5047 7304
6432 7305
7300 7306
1296 7307
3610 7308
4889 7309
3412 7310
7448 7311
4564 7312
1402 7313
5843 7314
2208 7315
3740 7316
5892 7317
6506 7318
4013 7319
3833 7320
6076 7321
2946 7322
2078 7323
4212 7324
391 7325
2322 7326
3493 7327
4323 7328
5787 7329
5229 7330
5489 7331
5179 7332
1119 7333
224 7334
3983 7335
4430 7336
107 7337
3229 7338
5024 7339
869 7340
4395 7341
4007 7342
3272 7343
5098 7344
4243 7345
1337 7346
4270 7347
1360 7348
3805 7349
1891 7350
3128 7351
1192 7352
5968 7353
4319 7354
1754 7355
1082 7356
6447 7357
5507 7358
1043 7359
2982 7360
7086 7361
1508 7362
2166 7363
2349 7364
6085 7365
6239 7366
2617 7367
4767 7368
7461 7369
1655 7370
7371 7371
6393 7372
851 7373
690 7374
4653 7375
591 7376
3011 7377
4817 7378
6226 7379
2498 7380
700 7381
5849 7382
5127 7383
4926 7384
7385 7385
1768 7386
1675 7387
180 7388
7033 7389
2100 7390
1521 7391
2364 7392
3965 7393
7394 7394
3147 7395
1123 7396
3480 7397
6414 7398
7433 7399
632 7400
7250 7401
4765 7402
7403 7403
3302 7404
7405 7405
3774 7406
4168 7407
1274 7408
2465 7409
4782 7410
2586 7411
3218 7412
7198 7413
3689 7414
6572 7415
5996 7416
1556 7417
3117 7418
7419 7419
6452 7420
243 7421
6728 7422
5185 7423
5984 7424
4586 7425
4867 7426
7361 7427
7416 7428
3734 7429
6276 7430
3668 7431
2401 7432
6493 7433
2204 7434
2038 7435
5859 7436
7437 7437
4446 7438
6270 7439
7408 7440
6161 7441
4215 7442
1576 7443
4133 7444
2375 7445
1957 7446
6182 7447
293 7448
3909 7449
5763 7450
7016 7451
2511 7452
4771 7453
7454 7454
4012 7455
3209 7456
1198 7457
6691 7458
4195 7459
7185 7460
4263 7461
1690 7462
1063 7463
7277 7464
1363 7465
6104 7466
6438 7467
6851 7468
6456 7469
5274 7470
5822 7471
915 7472
2089 7473
5238 7474
1856 7475
7476 7476
5096 7477
4355 7478
240 7479
88 7480
4738 7481
5715 7482
4276 7483
1484 7484
1141 7485
7486 7486
112 7487
2634 7488
5354 7489
7127 7490
6221 7491
2591 7492
2529 7493
7472 7494
7154 7495
7455 7496
4593 7497
7498 7498
2680 7499
2453 7500
