6748 1
2806 2
5964 3
4717 4
5504 5
3625 6
2942 7
291 8
3941 9
2715 10
7292 11
7276 12
1456 13
1315 14
3760 15
6231 16
6742 17
6021 18
7042 19
4105 20
1003 21
4146 22
2808 23
980 24
7419 25
5144 26
1188 27
990 28
3729 29
615 30
3410 31
1781 32
174 33
1060 34
2434 35
6683 36
2678 37
2479 38
5130 39
40 40
343 41
5567 42
1018 43
1043 44
2098 45
3885 46
6848 47
48 48
7328 49
50 50
2443 51
2246 52
5715 53
3899 54
3691 55
5338 56
57 57
6161 58
6327 59
5106 60
4420 61
4273 62
1856 63
2373 64
1306 65
74 66
3158 67
3310 68
109 69
4723 70
815 71
7426 72
1860 73
4230 74
7427 75
2914 76
6248 77
1837 78
79 79
3648 80
3156 81
4425 82
3379 83
84 84
4794 85
86 86
6559 87
1969 88
5916 89
5852 90
1229 91
6211 92
2105 93
1300 94
95 95
4895 96
5335 97
2506 98
4684 99
618 100
445 101
2106 102
1499 103
1812 104
5764 105
7277 106
6435 107
7093 108
1294 109
110 110
111 111
5257 112
1277 113
2429 114
6118 115
116 116
3115 117
4984 118
5859 119
3103 120
4603 121
3486 122
3986 123
4499 124
2989 125
6103 126
1473 127
437 128
1416 129
130 130
4656 131
4646 132
552 133
3808 134
6272 135
6492 136
237 137
3179 138
139 139
3218 140
5303 141
3605 142
5767 143
5685 144
2908 145
45 146
2213 147
898 148
138 149
1450 150
6988 151
152 152
4361 153
4720 154
7255 155
867 156
3217 157
4134 158
1089 159
3187 160
2569 161
162 162
549 163
1869 164
4063 165
166 166
627 167
39 168
5721 169
5195 170
6938 171
6452 172
1449 173
2576 174
1199 175
486 176
4863 177
5296 178
6460 179
3164 180
181 181
5361 182
250 183
6716 184
5619 185
186 186
187 187
4363 188
6171 189
5565 190
5691 191
624 192
5659 193
6531 194
4518 195
2085 196
380 197
198 198
6859 199
200 200
409 201
3430 202
1977 203
4934 204
6331 205
5975 206
5318 207
929 208
3444 209
5495 210
621 211
2589 212
2470 213
5946 214
4511 215
4414 216
71 217
4864 218
1622 219
403 220
3936 221
4917 222
2633 223
4461 224
3499 225
3009 226
959 227
4575 228
4150 229
1681 230
2844 231
327 232
2801 233
4228 234
235 235
1081 236
6900 237
1177 238
6934 239
240 240
6688 241
4668 242
4694 243
5053 244
4194 245
2406 246
553 247
3724 248
5526 249
1214 250
3615 251
1233 252
2054 253
5823 254
4937 255
7193 256
5051 257
5394 258
2060 259
6073 260
7166 261
4286 262
1699 263
264 264
4824 265
747 266
140 267
2123 268
6829 269
5768 270
6024 271
3518 272
1212 273
358 274
2549 275
2395 276
4067 277
6194 278
2343 279
1771 280
2022 281
282 282
744 283
3578 284
285 285
286 286
6714 287
6405 288
5104 289
3514 290
4685 291
676 292
7171 293
5587 294
413 295
1019 296
4358 297
1040 298
5732 299
6433 300
4122 301
302 302
2526 303
5758 304
5458 305
4139 306
3687 307
6237 308
3948 309
310 310
7196 311
312 312
313 313
314 314
886 315
1562 316
6807 317
4869 318
275 319
6718 320
2323 321
4364 322
323 323
4671 324
2846 325
508 326
1529 327
1993 328
1755 329
7061 330
2581 331
4759 332
6771 333
4078 334
774 335
336 336
2410 337
1425 338
2835 339
3812 340
121 341
7486 342
1648 343
4838 344
5925 345
7001 346
5947 347
1477 348
873 349
6968 350
2634 351
6230 352
3199 353
1298 354
2521 355
5807 356
4382 357
4632 358
1542 359
4308 360
2670 361
4362 362
333 363
4523 364
3485 365
6781 366
2645 367
3589 368
1357 369
7407 370
274 371
7345 372
2663 373
3840 374
4103 375
2205 376
3661 377
6181 378
6808 379
6394 380
7499 381
7182 382
3914 383
3601 384
3784 385
3148 386
4935 387
5409 388
7296 389
6984 390
391 391
6406 392
5525 393
2239 394
2206 395
5150 396
397 397
5084 398
2969 399
1173 400
6544 401
5397 402
671 403
1842 404
5177 405
3169 406
5218 407
408 408
6800 409
5350 410
4823 411
6571 412
3669 413
2700 414
3135 415
3743 416
2726 417
7341 418
7347 419
4076 420
4791 421
5499 422
2431 423
5001 424
1682 425
192 426
269 427
721 428
220 429
6185 430
431 431
5800 432
6725 433
4508 434
6906 435
1046 436
4218 437
3990 438
439 439
2640 440
7352 441
65 442
443 443
7494 444
6623 445
4682 446
3150 447
2913 448
449 449
587 450
3685 451
5496 452
502 453
3238 454
7074 455
4957 456
5333 457
1927 458
928 459
6787 460
1805 461
2651 462
646 463
2486 464
1250 465
6124 466
1078 467
878 468
3120 469
6868 470
6969 471
1140 472
2256 473
2266 474
247 475
1690 476
5328 477
1741 478
6175 479
600 480
1717 481
3416 482
2823 483
7412 484
1446 485
230 486
3994 487
488 488
2899 489
5219 490
7360 491
7396 492
472 493
2440 494
6993 495
5170 496
4607 497
5221 498
3977 499
2644 500
1796 501
3830 502
707 503
4652 504
5263 505
5578 506
5194 507
1217 508
4981 509
3580 510
2780 511
2073 512
4307 513
652 514
1309 515
6687 516
4010 517
5393 518
3704 519
3680 520
219 521
1504 522
6140 523
2729 524
6794 525
2673 526
5576 527
6093 528
7306 529
317 530
5636 531
1539 532
4744 533
5351 534
2432 535
5906 536
2065 537
5488 538
7002 539
399 540
1187 541
542 542
2318 543
3083 544
208 545
6357 546
5255 547
3121 548
4909 549
5789 550
4643 551
6099 552
475 553
668 554
555 555
2660 556
1624 557
5188 558
6439 559
4057 560
5516 561
7435 562
563 563
5867 564
4541 565
1022 566
4612 567
2698 568
2181 569
4811 570
4796 571
4027 572
4539 573
1399 574
3586 575
3684 576
3695 577
4188 578
1769 579
5486 580
6809 581
6162 582
2040 583
5826 584
236 585
3841 586
6992 587
5726 588
4222 589
4776 590
591 591
6030 592
7439 593
6173 594
3311 595
901 596
597 597
534 598
6484 599
2739 600
601 601
5962 602
5766 603
1030 604
7110 605
3417 606
3463 607
608 608
1151 609
5872 610
3 611
3372 612
6837 613
1899 614
6639 615
6640 616
3644 617
1733 618
3020 619
6702 620
5249 621
7052 622
5584 623
7157 624
7372 625
4116 626
3442 627
1400 628
3642 629
2491 630
4578 631
5465 632
7035 633
1556 634
374 635
6071 636
3974 637
6041 638
1132 639
3726 640
2810 641
2669 642
4691 643
2805 644
216 645
2646 646
4098 647
6195 648
4280 649
4840 650
7425 651
1324 652
6283 653
4187 654
6245 655
5841 656
1476 657
1429 658
6822 659
2821 660
808 661
1200 662
663 663
5181 664
6901 665
644 666
196 667
7077 668
669 669
4763 670
407 671
6356 672
2762 673
1487 674
5918 675
4440 676
6379 677
5306 678
679 679
1570 680
1266 681
1301 682
3232 683
5703 684
4715 685
5692 686
687 687
4666 688
1944 689
7014 690
3006 691
692 692
3838 693
4919 694
3286 695
1082 696
7310 697
6545 698
3951 699
5899 700
266 701
3304 702
570 703
903 704
2710 705
706 706
1958 707
427 708
3409 709
4330 710
4756 711
5799 712
2469 713
2439 714
1555 715
3365 716
3438 717
7472 718
5439 719
666 720
5729 721
173 722
5601 723
3498 724
7478 725
7337 726
6149 727
5203 728
1942 729
1548 730
787 731
2459 732
1475 733
558 734
6547 735
656 736
2601 737
2147 738
6203 739
1665 740
741 741
6652 742
4350 743
6294 744
238 745
4974 746
3016 747
6218 748
5748 749
750 750
6665 751
7109 752
5952 753
4314 754
3552 755
7178 756
957 757
5391 758
3181 759
1190 760
1639 761
762 762
1328 763
436 764
6851 765
5737 766
7461 767
6058 768
6836 769
4858 770
3619 771
5323 772
4733 773
87 774
5983 775
2833 776
4704 777
2551 778
53 779
5645 780
3818 781
239 782
4846 783
1873 784
3064 785
7378 786
4454 787
888 788
6419 789
5260 790
5472 791
4430 792
635 793
4292 794
4634 795
6568 796
2636 797
3507 798
4978 799
1748 800
4432 801
6382 802
803 803
4579 804
2554 805
5346 806
5032 807
6481 808
1632 809
5322 810
3219 811
6068 812
1763 813
5608 814
2916 815
699 816
1701 817
2050 818
2879 819
5330 820
27 821
822 822
4581 823
1159 824
4620 825
6791 826
6500 827
3247 828
4502 829
3404 830
577 831
3538 832
5358 833
1426 834
835 835
3889 836
4017 837
1384 838
839 839
5074 840
5237 841
6821 842
5332 843
6741 844
5326 845
3065 846
1136 847
6563 848
1752 849
932 850
7355 851
4778 852
3987 853
7369 854
448 855
5231 856
1852 857
5717 858
4582 859
7340 860
2269 861
3958 862
863 863
3301 864
3713 865
2062 866
3464 867
1257 868
3611 869
1311 870
7100 871
2977 872
349 873
5043 874
875 875
1491 876
1998 877
3973 878
1598 879
5894 880
6504 881
1651 882
883 883
5266 884
5828 885
7088 886
4912 887
60 888
7146 889
5686 890
4258 891
892 892
2195 893
790 894
1884 895
2289 896
4032 897
1895 898
1055 899
1032 900
2377 901
7237 902
5949 903
457 904
6408 905
5356 906
2585 907
1951 908
4555 909
5407 910
1986 911
946 912
913 913
2096 914
5003 915
163 916
4710 917
893 918
1801 919
920 920
2139 921
1912 922
2717 923
1971 924
1114 925
545 926
5714 927
769 928
5558 929
7108 930
4784 931
5316 932
6948 933
840 934
1535 935
6731 936
5206 937
1896 938
704 939
6641 940
941 941
1295 942
943 943
1174 944
3971 945
1531 946
1721 947
6155 948
4366 949
6109 950
951 951
613 952
657 953
954 954
1292 955
1970 956
3173 957
6310 958
6698 959
2771 960
1947 961
962 962
4033 963
4609 964
7032 965
4374 966
3570 967
968 968
5898 969
2935 970
971 971
3317 972
4690 973
3400 974
6882 975
294 976
2711 977
6373 978
6284 979
4451 980
981 981
4497 982
3002 983
1708 984
1434 985
512 986
4487 987
4048 988
6548 989
5693 990
6514 991
1110 992
537 993
6308 994
813 995
6550 996
2402 997
776 998
3333 999
5464 1000
1423 1001
6042 1002
7030 1003
3297 1004
3337 1005
1987 1006
2080 1007
2280 1008
7389 1009
3114 1010
4625 1011
4478 1012
5907 1013
4097 1014
1015 1015
5905 1016
1404 1017
2433 1018
6280 1019
7191 1020
491 1021
4942 1022
2536 1023
360 1024
5179 1025
1374 1026
7398 1027
2390 1028
1451 1029
1586 1030
5324 1031
4952 1032
5937 1033
6749 1034
1035 1035
3959 1036
7224 1037
3339 1038
1366 1039
438 1040
1041 1041
942 1042
3712 1043
1044 1044
2966 1045
1659 1046
1011 1047
7404 1048
4961 1049
6301 1050
5485 1051
1346 1052
26 1053
5069 1054
6001 1055
1617 1056
1472 1057
2278 1058
5554 1059
1578 1060
3414 1061
849 1062
906 1063
6677 1064
3234 1065
827 1066
3730 1067
2902 1068
1069 1069
205 1070
1071 1071
1599 1072
1362 1073
6015 1074
3078 1075
6463 1076
4136 1077
2398 1078
5092 1079
245 1080
1077 1081
4779 1082
7152 1083
1086 1084
5343 1085
590 1086
2707 1087
4107 1088
2650 1089
3261 1090
7221 1091
5344 1092
616 1093
7417 1094
5575 1095
5933 1096
7076 1097
4565 1098
5533 1099
899 1100
6538 1101
6468 1102
5945 1103
6599 1104
846 1105
5287 1106
2463 1107
3617 1108
1960 1109
4227 1110
5519 1111
73 1112
5076 1113
5432 1114
5663 1115
316 1116
5913 1117
783 1118
4524 1119
3465 1120
3189 1121
1122 1122
1413 1123
2380 1124
7400 1125
101 1126
2231 1127
6580 1128
122 1129
6912 1130
4378 1131
4580 1132
300 1133
3291 1134
1135 1135
2028 1136
4936 1137
3717 1138
1822 1139
5342 1140
4387 1141
5755 1142
2140 1143
4649 1144
3817 1145
7490 1146
4337 1147
1148 1148
2267 1149
5217 1150
2363 1151
6711 1152
3373 1153
4554 1154
6838 1155
718 1156
5665 1157
2405 1158
923 1159
674 1160
5264 1161
5632 1162
463 1163
1164 1164
2185 1165
4608 1166
4079 1167
7201 1168
3567 1169
3345 1170
7267 1171
1172 1172
2692 1173
4385 1174
5233 1175
3571 1176
1258 1177
1536 1178
3466 1179
7214 1180
4693 1181
550 1182
4317 1183
5978 1184
3110 1185
7026 1186
7101 1187
933 1188
6780 1189
6739 1190
3924 1191
7361 1192
2557 1193
1194 1194
5310 1195
2059 1196
5290 1197
5417 1198
1560 1199
1871 1200
1201 1201
4132 1202
2372 1203
3350 1204
1181 1205
5914 1206
2089 1207
3353 1208
6051 1209
1521 1210
5168 1211
5050 1212
2226 1213
2867 1214
3752 1215
3511 1216
2055 1217
3749 1218
1700 1219
278 1220
1221 1221
569 1222
6258 1223
2616 1224
6496 1225
1179 1226
4160 1227
7429 1228
1118 1229
4802 1230
4429 1231
5415 1232
7281 1233
2593 1234
7095 1235
6935 1236
4204 1237
1238 1238
5853 1239
1330 1240
1716 1241
5777 1242
338 1243
4995 1244
1245 1245
2842 1246
4016 1247
5798 1248
2243 1249
2604 1250
2389 1251
1005 1252
6462 1253
7460 1254
4540 1255
7375 1256
2305 1257
3534 1258
7066 1259
1260 1260
1891 1261
1262 1262
725 1263
6105 1264
1265 1265
476 1266
4994 1267
4862 1268
6396 1269
460 1270
1094 1271
382 1272
4882 1273
5705 1274
3082 1275
5098 1276
419 1277
6313 1278
504 1279
3284 1280
5668 1281
5727 1282
7384 1283
3631 1284
4415 1285
1286 1286
2165 1287
7047 1288
879 1289
786 1290
2368 1291
2477 1292
7249 1293
1787 1294
2321 1295
2529 1296
3573 1297
1462 1298
2144 1299
1355 1300
573 1301
6942 1302
5598 1303
4990 1304
2418 1305
5384 1306
3072 1307
1308 1308
5315 1309
2346 1310
3315 1311
6423 1312
526 1313
1168 1314
6250 1315
6404 1316
1253 1317
1318 1318
2081 1319
6717 1320
3785 1321
2101 1322
1323 1323
777 1324
484 1325
444 1326
6584 1327
5116 1328
1329 1329
4985 1330
1999 1331
7096 1332
6637 1333
6863 1334
694 1335
1336 1336
1337 1337
1338 1338
2905 1339
4285 1340
5689 1341
5396 1342
1278 1343
4491 1344
2230 1345
2815 1346
4202 1347
3489 1348
2302 1349
3058 1350
1351 1351
5589 1352
5214 1353
1354 1354
2592 1355
3582 1356
4987 1357
6198 1358
5959 1359
7039 1360
6503 1361
1420 1362
3989 1363
1364 1364
5251 1365
2502 1366
1817 1367
6087 1368
1369 1369
6113 1370
4208 1371
3581 1372
4748 1373
1520 1374
1910 1375
2255 1376
996 1377
6803 1378
1014 1379
4096 1380
1381 1381
1146 1382
7111 1383
765 1384
2727 1385
2320 1386
2992 1387
7295 1388
1389 1389
299 1390
1785 1391
1392 1392
1393 1393
1376 1394
2590 1395
6618 1396
2277 1397
599 1398
7070 1399
5125 1400
5974 1401
3598 1402
4221 1403
6342 1404
2357 1405
1406 1406
1157 1407
2018 1408
461 1409
5666 1410
2335 1411
5205 1412
1284 1413
1414 1414
4590 1415
642 1416
4675 1417
1026 1418
4533 1419
6910 1420
1421 1421
6850 1422
4638 1423
2094 1424
3702 1425
2971 1426
3926 1427
3117 1428
3495 1429
4592 1430
5025 1431
7299 1432
1433 1433
3689 1434
5284 1435
2763 1436
3970 1437
6116 1438
3982 1439
4469 1440
6732 1441
6680 1442
5367 1443
4498 1444
1454 1445
2511 1446
3389 1447
4108 1448
2904 1449
3836 1450
4325 1451
6823 1452
834 1453
1445 1454
969 1455
869 1456
1865 1457
3436 1458
1459 1459
6367 1460
3143 1461
4445 1462
4334 1463
4421 1464
1465 1465
5027 1466
1702 1467
2564 1468
3668 1469
51 1470
2630 1471
1458 1472
6221 1473
3768 1474
6778 1475
4260 1476
1968 1477
331 1478
137 1479
2720 1480
1331 1481
114 1482
6872 1483
2863 1484
3805 1485
3920 1486
5349 1487
1607 1488
6070 1489
5101 1490
2273 1491
3931 1492
2896 1493
1422 1494
5066 1495
5112 1496
4198 1497
6134 1498
103 1499
3454 1500
4928 1501
2956 1502
961 1503
4737 1504
5915 1505
387 1506
1507 1507
6532 1508
1900 1509
1510 1510
1272 1511
6874 1512
4435 1513
5031 1514
5621 1515
4436 1516
2628 1517
6770 1518
541 1519
3476 1520
246 1521
1890 1522
5375 1523
7087 1524
451 1525
4749 1526
3756 1527
6826 1528
5493 1529
227 1530
6560 1531
2379 1532
5889 1533
1902 1534
2859 1535
5422 1536
6542 1537
753 1538
5460 1539
6963 1540
4845 1541
147 1542
1085 1543
7138 1544
2364 1545
3448 1546
2661 1547
5113 1548
6255 1549
6981 1550
1332 1551
3093 1552
4397 1553
5184 1554
4571 1555
1883 1556
1557 1557
2084 1558
3797 1559
6692 1560
1000 1561
712 1562
3897 1563
6300 1564
2265 1565
1566 1566
1955 1567
7058 1568
225 1569
4370 1570
726 1571
3568 1572
4235 1573
4102 1574
1575 1575
458 1576
1577 1577
2887 1578
4965 1579
7212 1580
7393 1581
290 1582
6643 1583
3966 1584
3824 1585
1215 1586
4164 1587
993 1588
6186 1589
3063 1590
5547 1591
7497 1592
566 1593
5232 1594
5599 1595
1371 1596
4099 1597
7496 1598
2158 1599
1600 1600
6418 1601
3396 1602
2580 1603
2624 1604
4272 1605
2927 1606
5477 1607
117 1608
1123 1609
3214 1610
3170 1611
3249 1612
330 1613
1061 1614
5551 1615
4389 1616
1065 1617
2785 1618
112 1619
2116 1620
7121 1621
6524 1622
3753 1623
7319 1624
5399 1625
7230 1626
5148 1627
7189 1628
7394 1629
4055 1630
4665 1631
1875 1632
1010 1633
1634 1634
767 1635
6827 1636
2903 1637
3019 1638
77 1639
7303 1640
7388 1641
5199 1642
7140 1643
2615 1644
3928 1645
4456 1646
2020 1647
2495 1648
6371 1649
3658 1650
4926 1651
481 1652
1303 1653
2608 1654
3603 1655
210 1656
5778 1657
1658 1658
3324 1659
3086 1660
1661 1661
1495 1662
1363 1663
4479 1664
373 1665
5868 1666
115 1667
6086 1668
1825 1669
1893 1670
5166 1671
1985 1672
2382 1673
6792 1674
1675 1675
7368 1676
4950 1677
5635 1678
5586 1679
1680 1680
1401 1681
1630 1682
3062 1683
2221 1684
3855 1685
3406 1686
5102 1687
4670 1688
7073 1689
5738 1690
4616 1691
3356 1692
1478 1693
2783 1694
3241 1695
2301 1696
6600 1697
4821 1698
2890 1699
2025 1700
1319 1701
6150 1702
2455 1703
4480 1704
4246 1705
6764 1706
5931 1707
5408 1708
7044 1709
4266 1710
107 1711
1219 1712
1929 1713
6387 1714
4525 1715
2437 1716
3250 1717
5934 1718
2097 1719
1720 1720
4192 1721
1408 1722
2183 1723
3641 1724
1008 1725
64 1726
1727 1727
6573 1728
5114 1729
3283 1730
5573 1731
6096 1732
737 1733
3627 1734
3895 1735
2442 1736
4653 1737
6328 1738
6241 1739
5590 1740
2307 1741
2788 1742
168 1743
4247 1744
3325 1745
3331 1746
4819 1747
4915 1748
4722 1749
5424 1750
682 1751
2248 1752
6224 1753
5564 1754
1418 1755
6760 1756
2408 1757
2396 1758
1823 1759
3423 1760
5450 1761
5684 1762
3865 1763
1729 1764
1765 1765
3975 1766
1561 1767
4339 1768
1158 1769
4825 1770
5746 1771
2435 1772
708 1773
4483 1774
5292 1775
421 1776
4095 1777
3149 1778
1923 1779
1780 1780
3281 1781
6389 1782
5776 1783
6886 1784
4959 1785
4880 1786
6561 1787
2090 1788
4070 1789
543 1790
1543 1791
855 1792
5761 1793
3445 1794
5763 1795
4707 1796
6887 1797
1695 1798
5654 1799
2451 1800
5405 1801
1802 1802
912 1803
521 1804
2112 1805
3755 1806
6429 1807
1808 1808
2152 1809
5048 1810
1811 1811
7338 1812
1813 1813
1719 1814
61 1815
1285 1816
3671 1817
1818 1818
3754 1819
5545 1820
3874 1821
3039 1822
1616 1823
7312 1824
7228 1825
3791 1826
1827 1827
4145 1828
1709 1829
6066 1830
2897 1831
1832 1832
3397 1833
554 1834
4402 1835
1467 1836
5479 1837
4719 1838
3892 1839
7354 1840
404 1841
4564 1842
2750 1843
1844 1844
6029 1845
7211 1846
283 1847
2690 1848
177 1849
1635 1850
2110 1851
5958 1852
5744 1853
1469 1854
4433 1855
3174 1856
572 1857
628 1858
307 1859
145 1860
7469 1861
5660 1862
5879 1863
5374 1864
467 1865
930 1866
4792 1867
189 1868
6662 1869
5009 1870
2610 1871
1872 1872
3673 1873
3988 1874
7480 1875
3081 1876
1877 1877
2514 1878
854 1879
3403 1880
1881 1881
1831 1882
5806 1883
2072 1884
7085 1885
500 1886
963 1887
38 1888
7420 1889
2332 1890
6953 1891
2039 1892
104 1893
842 1894
1829 1895
2414 1896
1816 1897
1898 1898
2848 1899
3962 1900
6091 1901
4195 1902
1526 1903
4903 1904
622 1905
3255 1906
5813 1907
979 1908
4410 1909
1375 1910
6340 1911
4729 1912
916 1913
3075 1914
4081 1915
1916 1916
7438 1917
578 1918
1919 1919
6369 1920
1067 1921
3295 1922
1170 1923
6156 1924
2326 1925
1133 1926
2981 1927
6494 1928
42 1929
1930 1930
3510 1931
6888 1932
1508 1933
6570 1934
1935 1935
6417 1936
4462 1937
2532 1938
1506 1939
1800 1940
3025 1941
3031 1942
4231 1943
3155 1944
1855 1945
1691 1946
5462 1947
4109 1948
1949 1949
4514 1950
1516 1951
5772 1952
1953 1953
1954 1954
4877 1955
1009 1956
6507 1957
970 1958
5846 1959
3381 1960
4327 1961
1962 1962
1963 1963
2083 1964
6642 1965
1213 1966
1182 1967
5662 1968
897 1969
983 1970
6553 1971
1972 1972
1246 1973
6115 1974
921 1975
3140 1976
918 1977
3991 1978
3562 1979
4225 1980
7155 1981
212 1982
3623 1983
2900 1984
2834 1985
6775 1986
7247 1987
1186 1988
1989 1989
7135 1990
5624 1991
171 1992
4365 1993
3624 1994
3133 1995
4357 1996
5191 1997
1460 1998
4052 1999
180 2000
1287 2001
5833 2002
241 2003
5198 2004
2005 2005
4313 2006
5742 2007
2008 2008
6152 2009
7411 2010
2445 2011
2012 2012
2228 2013
35 2014
4941 2015
1786 2016
4695 2017
2880 2018
2019 2019
1312 2020
2021 2021
4949 2022
5433 2023
2457 2024
3033 2025
2155 2026
6297 2027
574 2028
6219 2029
6282 2030
2907 2031
1664 2032
4734 2033
810 2034
1310 2035
2329 2036
2006 2037
6978 2038
131 2039
6311 2040
6235 2041
3095 2042
4849 2043
6661 2044
1738 2045
7010 2046
1693 2047
5497 2048
5637 2049
3677 2050
5378 2051
2820 2052
1373 2053
5950 2054
4836 2055
3786 2056
1327 2057
21 2058
6158 2059
259 2060
123 2061
1603 2062
4841 2063
4929 2064
3259 2065
248 2066
2067 2067
1394 2068
6921 2069
2070 2070
2071 2071
3190 2072
4015 2073
2792 2074
7366 2075
5801 2076
3979 2077
142 2078
2079 2079
7215 2080
6047 2081
5986 2082
1249 2083
2232 2084
4360 2085
6598 2086
1670 2087
6065 2088
5190 2089
5655 2090
2986 2091
1497 2092
2744 2093
568 2094
4128 2095
2539 2096
1453 2097
5209 2098
4372 2099
4267 2100
4311 2101
3827 2102
4914 2103
1059 2104
3795 2105
3017 2106
6338 2107
4262 2108
2109 2109
5845 2110
557 2111
2142 2112
2760 2113
3927 2114
7454 2115
2784 2116
2091 2117
1261 2118
2702 2119
1042 2120
125 2121
3225 2122
2074 2123
2124 2124
7350 2125
5055 2126
3392 2127
7273 2128
361 2129
1853 2130
4174 2131
5740 2132
5673 2133
2516 2134
456 2135
4828 2136
3475 2137
2138 2138
647 2139
1592 2140
5653 2141
5029 2142
1770 2143
1038 2144
4624 2145
1474 2146
7235 2147
3208 2148
4007 2149
6180 2150
4782 2151
2561 2152
452 2153
2154 2154
5072 2155
3550 2156
6666 2157
3526 2158
6017 2159
2160 2160
2471 2161
2162 2162
2397 2163
2387 2164
329 2165
3107 2166
6671 2167
5020 2168
3938 2169
6467 2170
4500 2171
2841 2172
1644 2173
2174 2174
1655 2175
5638 2176
2599 2177
1121 2178
7025 2179
6546 2180
3313 2181
7027 2182
2819 2183
2184 2184
3293 2185
2888 2186
3267 2187
7330 2188
3367 2189
263 2190
5782 2191
2192 2192
3747 2193
1938 2194
94 2195
1878 2196
6801 2197
2041 2198
5857 2199
1139 2200
3688 2201
1857 2202
2203 2203
2828 2204
5372 2205
3600 2206
6952 2207
5153 2208
6611 2209
6846 2210
560 2211
6016 2212
688 2213
5045 2214
3099 2215
6913 2216
1358 2217
1492 2218
5060 2219
7119 2220
6179 2221
135 2222
4689 2223
15 2224
2509 2225
5300 2226
1208 2227
4444 2228
4426 2229
6064 2230
6575 2231
2666 2232
6628 2233
3398 2234
3432 2235
1984 2236
4699 2237
4133 2238
3461 2239
4004 2240
190 2241
3944 2242
1533 2243
2855 2244
2548 2245
5929 2246
1271 2247
3675 2248
2807 2249
5483 2250
2827 2251
5728 2252
5562 2253
7167 2254
5073 2255
3996 2256
1240 2257
6033 2258
5534 2259
6777 2260
5057 2261
3940 2262
4075 2263
7092 2264
3696 2265
1673 2266
5228 2267
6013 2268
5647 2269
3634 2270
2654 2271
2272 2272
6490 2273
5018 2274
3508 2275
318 2276
4663 2277
775 2278
2279 2279
157 2280
5294 2281
4561 2282
1957 2283
352 2284
3972 2285
2734 2286
3090 2287
4423 2288
1905 2289
2290 2290
5760 2291
2235 2292
643 2293
2027 2294
2797 2295
4270 2296
7105 2297
2298 2298
5137 2299
2300 2300
4556 2301
1618 2302
1154 2303
1584 2304
479 2305
2446 2306
2093 2307
6025 2308
416 2309
321 2310
7081 2311
4291 2312
6944 2313
3359 2314
2197 2315
4537 2316
1345 2317
5080 2318
1087 2319
5240 2320
2722 2321
1550 2322
6622 2323
6505 2324
4245 2325
874 2326
5607 2327
5002 2328
2078 2329
5810 2330
738 2331
1810 2332
6010 2333
5308 2334
1656 2335
6552 2336
3705 2337
517 2338
6911 2339
7067 2340
441 2341
2809 2342
3566 2343
6627 2344
6710 2345
6776 2346
1627 2347
2858 2348
7320 2349
1926 2350
4741 2351
1571 2352
2926 2353
3105 2354
2355 2355
6126 2356
7463 2357
1611 2358
6506 2359
4023 2360
1774 2361
6274 2362
1220 2363
4886 2364
3530 2365
2366 2366
853 2367
5542 2368
5854 2369
4437 2370
3921 2371
3922 2372
4993 2373
6428 2374
6368 2375
2598 2376
3109 2377
7197 2378
1826 2379
6434 2380
426 2381
3408 2382
2626 2383
5754 2384
3969 2385
6961 2386
6469 2387
5152 2388
4302 2389
1415 2390
2296 2391
2832 2392
6329 2393
3918 2394
1933 2395
6409 2396
3316 2397
6802 2398
2886 2399
4535 2400
562 2401
802 2402
3021 2403
4531 2404
6022 2405
7487 2406
4039 2407
5034 2408
4519 2409
4797 2410
1115 2411
3420 2412
6761 2413
773 2414
2415 2415
480 2416
6196 2417
5281 2418
2893 2419
1029 2420
1353 2421
6849 2422
418 2423
159 2424
6448 2425
2438 2426
3750 2427
6508 2428
3205 2429
2430 2430
3227 2431
559 2432
2799 2433
1144 2434
5530 2435
4085 2436
214 2437
4964 2438
6127 2439
494 2440
680 2441
4546 2442
4482 2443
3665 2444
6999 2445
3806 2446
610 2447
6167 2448
82 2449
5435 2450
3118 2451
2452 2452
2453 2453
4614 2454
850 2455
2657 2456
5019 2457
5030 2458
6516 2459
3513 2460
1764 2461
7260 2462
434 2463
3621 2464
3875 2465
2466 2466
4069 2467
5927 2468
1587 2469
6431 2470
2462 2471
584 2472
5548 2473
1636 2474
6905 2475
3399 2476
2167 2477
3160 2478
5448 2479
346 2480
3997 2481
1768 2482
3473 2483
6916 2484
1378 2485
7325 2486
5605 2487
2488 2488
4980 2489
6244 2490
6972 2491
2441 2492
3263 2493
2169 2494
4700 2495
3757 2496
4406 2497
4045 2498
6858 2499
2829 2500
6437 2501
5745 2502
2503 2503
2504 2504
1489 2505
2555 2506
5463 2507
2874 2508
4515 2509
2285 2510
3521 2511
2512 2512
3327 2513
2392 2514
5831 2515
2627 2516
7128 2517
2518 2518
4654 2519
1195 2520
2202 2521
7359 2522
6866 2523
821 2524
5386 2525
5840 2526
2527 2527
2030 2528
6612 2529
3697 2530
2531 2531
4807 2532
5355 2533
7364 2534
1620 2535
1023 2536
2537 2537
1903 2538
4505 2539
2606 2540
2541 2541
1112 2542
6572 2543
2544 2544
2545 2545
2812 2546
7072 2547
7289 2548
779 2549
4755 2550
3363 2551
2552 2552
2553 2553
4253 2554
410 2555
4752 2556
2177 2557
3092 2558
6395 2559
5340 2560
4548 2561
52 2562
5720 2563
1468 2564
6411 2565
3312 2566
3500 2567
6097 2568
6806 2569
5995 2570
7373 2571
7363 2572
2088 2573
2574 2574
6333 2575
7116 2576
4407 2577
2578 2578
7241 2579
3563 2580
7079 2581
6865 2582
5452 2583
2943 2584
5282 2585
4615 2586
2817 2587
7489 2588
3572 2589
5229 2590
5932 2591
93 2592
7086 2593
2594 2594
3419 2595
1653 2596
5295 2597
6603 2598
8 2599
3553 2600
5658 2601
2573 2602
3000 2603
4970 2604
7422 2605
7008 2606
2607 2607
6212 2608
2609 2609
6191 2610
3411 2611
5006 2612
6914 2613
1017 2614
6930 2615
817 2616
2351 2617
3847 2618
5628 2619
6459 2620
2210 2621
2622 2622
2623 2623
729 2624
7227 2625
2444 2626
7440 2627
2157 2628
2468 2629
7353 2630
68 2631
522 2632
4130 2633
233 2634
1815 2635
1051 2636
2480 2637
3285 2638
5641 2639
3230 2640
5722 2641
1782 2642
7291 2643
2404 2644
2637 2645
6655 2646
2647 2647
3029 2648
2007 2649
4842 2650
5192 2651
3435 2652
3011 2653
5261 2654
4594 2655
4637 2656
5790 2657
2658 2658
1806 2659
5200 2660
653 2661
2662 2662
4024 2663
4333 2664
2665 2665
6346 2666
2135 2667
6143 2668
288 2669
3956 2670
2671 2671
4501 2672
757 2673
2674 2674
4264 2675
2048 2676
3059 2677
6651 2678
5963 2679
1698 2680
17 2681
1668 2682
2964 2683
4453 2684
2685 2685
3807 2686
5035 2687
5213 2688
2188 2689
2354 2690
1666 2691
4161 2692
5920 2693
977 2694
2201 2695
2523 2696
2697 2697
709 2698
4521 2699
1638 2700
5110 2701
611 2702
1339 2703
2061 2704
6240 2705
2706 2706
2737 2707
3576 2708
447 2709
6750 2710
6263 2711
3901 2712
3736 2713
3194 2714
6270 2715
6253 2716
1105 2717
1979 2718
5909 2719
1952 2720
6927 2721
2957 2722
4019 2723
2724 2724
7481 2725
1066 2726
1320 2727
7018 2728
376 2729
3470 2730
1573 2731
3052 2732
3050 2733
3256 2734
2735 2735
3710 2736
85 2737
1161 2738
4962 2739
3832 2740
4118 2741
6084 2742
6926 2743
953 2744
3535 2745
306 2746
6624 2747
530 2748
1347 2749
5049 2750
342 2751
2752 2752
4301 2753
1718 2754
1247 2755
5107 2756
4708 2757
3878 2758
3456 2759
5068 2760
752 2761
3776 2762
5966 2763
4898 2764
2765 2765
3491 2766
1939 2767
6844 2768
6588 2769
862 2770
7164 2771
7106 2772
3185 2773
4336 2774
5067 2775
6869 2776
5389 2777
72 2778
4232 2779
5780 2780
3667 2781
7445 2782
1448 2783
1226 2784
6510 2785
3853 2786
3007 2787
7402 2788
1395 2789
4040 2790
3536 2791
3341 2792
2057 2793
4443 2794
1697 2795
311 2796
5140 2797
5555 2798
833 2799
2449 2800
5996 2801
234 2802
5451 2803
1269 2804
1734 2805
1940 2806
2068 2807
4761 2808
5538 2809
4144 2810
7335 2811
201 2812
5128 2813
2384 2814
6201 2815
199 2816
700 2817
3602 2818
6432 2819
5341 2820
31 2821
2119 2822
483 2823
3457 2824
1031 2825
3745 2826
927 2827
4332 2828
698 2829
7054 2830
1455 2831
3960 2832
831 2833
1396 2834
3701 2835
1103 2836
3450 2837
1313 2838
4992 2839
356 2840
544 2841
3923 2842
2843 2843
7452 2844
3699 2845
1803 2846
6659 2847
6236 2848
5814 2849
5993 2850
446 2851
907 2852
745 2853
4896 2854
6982 2855
872 2856
6602 2857
3384 2858
5848 2859
5821 2860
4282 2861
2862 2862
3131 2863
1207 2864
6586 2865
4528 2866
1558 2867
4418 2868
1505 2869
2906 2870
1109 2871
3371 2872
7428 2873
4764 2874
1886 2875
2876 2876
2087 2877
3596 2878
1663 2879
5146 2880
991 2881
2193 2882
2778 2883
1621 2884
4269 2885
188 2886
3868 2887
2186 2888
2889 2889
5269 2890
736 2891
5629 2892
5824 2893
2728 2894
2782 2895
4438 2896
398 2897
3540 2898
7386 2899
3930 2900
2901 2901
3358 2902
1839 2903
3674 2904
3393 2905
2113 2906
710 2907
6609 2908
6349 2909
1304 2910
2911 2911
6965 2912
2251 2913
1283 2914
2049 2915
4179 2916
3533 2917
4326 2918
2919 2919
5874 2920
5010 2921
3516 2922
2475 2923
2620 2924
4196 2925
4890 2926
6855 2927
2928 2928
796 2929
375 2930
92 2931
3512 2932
2933 2933
4417 2934
1983 2935
4976 2936
252 2937
2938 2938
2998 2939
1744 2940
2941 2941
2813 2942
3618 2943
3666 2944
3732 2945
105 2946
2596 2947
3328 2948
2949 2949
2950 2950
1430 2951
4237 2952
6954 2953
3223 2954
3907 2955
7226 2956
3003 2957
7011 2958
3046 2959
2960 2960
2961 2961
2297 2962
5054 2963
2489 2964
4960 2965
4249 2966
5687 2967
2687 2968
390 2969
894 2970
4588 2971
763 2972
6330 2973
5313 2974
2975 2975
4660 2976
442 2977
1192 2978
3947 2979
5062 2980
3851 2981
4157 2982
293 2983
2584 2984
2716 2985
6130 2986
2987 2987
357 2988
4891 2989
3252 2990
533 2991
3300 2992
5425 2993
868 2994
4536 2995
5309 2996
2997 2997
195 2998
367 2999
4798 3000
3001 3001
4229 3002
523 3003
4560 3004
1907 3005
4550 3006
4294 3007
4711 3008
4681 3009
3010 3010
4657 3011
2376 3012
2383 3013
3798 3014
5711 3015
1409 3016
5577 3017
3091 3018
6318 3019
5580 3020
7172 3021
6077 3022
6269 3023
3731 3024
3112 3025
7176 3026
2385 3027
4155 3028
6289 3029
3993 3030
598 3031
5275 3032
1964 3033
4086 3034
3910 3035
5016 3036
3539 3037
1070 3038
1074 3039
3040 3040
3608 3041
3108 3042
3043 3043
455 3044
2077 3045
7161 3046
6412 3047
5613 3048
7016 3049
4927 3050
2037 3051
4930 3052
724 3053
3054 3054
5090 3055
612 3056
2313 3057
3607 3058
5713 3059
1235 3060
3042 3061
7413 3062
254 3063
985 3064
7143 3065
3066 3066
4534 3067
603 3068
7151 3069
938 3070
4329 3071
6141 3072
3012 3073
1725 3074
1914 3075
5286 3076
5243 3077
1255 3078
1106 3079
4997 3080
2749 3081
4943 3082
4477 3083
1248 3084
1020 3085
4490 3086
7147 3087
6734 3088
3089 3089
5437 3090
153 3091
6197 3092
7156 3093
6220 3094
2936 3095
2883 3096
3862 3097
2315 3098
6366 3099
7377 3100
3850 3101
6812 3102
6043 3103
4585 3104
7094 3105
5855 3106
788 3107
3215 3108
2991 3109
6296 3110
3309 3111
7056 3112
3113 3113
4142 3114
6233 3115
3116 3116
6054 3117
2086 3118
70 3119
3891 3120
7483 3121
7219 3122
3177 3123
6265 3124
6225 3125
5529 3126
4517 3127
6994 3128
6466 3129
841 3130
5561 3131
4902 3132
6053 3133
4834 3134
3405 3135
3220 3136
6593 3137
4677 3138
10 3139
6166 3140
1995 3141
967 3142
4001 3143
5893 3144
6291 3145
6072 3146
1799 3147
386 3148
4678 3149
1163 3150
3383 3151
6206 3152
4215 3153
7300 3154
595 3155
1025 3156
3074 3157
6990 3158
1316 3159
2288 3160
2725 3161
1713 3162
3163 3163
654 3164
6398 3165
6125 3166
277 3167
6766 3168
5581 3169
4613 3170
1789 3171
1647 3172
6769 3173
5603 3174
7414 3175
7084 3176
1798 3177
1496 3178
6746 3179
2416 3180
1849 3181
6376 3182
4077 3183
5656 3184
6784 3185
3186 3186
459 3187
5028 3188
7208 3189
2159 3190
1334 3191
204 3192
22 3193
7150 3194
3023 3195
6052 3196
7007 3197
6924 3198
2732 3199
3555 3200
3900 3201
5827 3202
6817 3203
6527 3204
5803 3205
4240 3206
1629 3207
134 3208
3047 3209
6816 3210
3211 3211
5388 3212
2369 3213
7294 3214
328 3215
6595 3216
4390 3217
4186 3218
760 3219
7488 3220
662 3221
3427 3222
470 3223
6681 3224
6601 3225
3961 3226
2092 3227
4041 3228
5543 3229
3870 3230
3231 3231
7190 3232
2703 3233
2746 3234
7466 3235
7187 3236
5165 3237
6626 3238
2705 3239
5878 3240
260 3241
368 3242
3243 3243
3494 3244
3245 3245
4530 3246
7252 3247
5151 3248
6035 3249
6691 3250
3643 3251
5835 3252
7275 3253
2465 3254
2194 3255
468 3256
3257 3257
4396 3258
3652 3259
507 3260
6260 3261
2954 3262
4274 3263
5429 3264
1858 3265
474 3266
6604 3267
2179 3268
1662 3269
5623 3270
5131 3271
1994 3272
3273 3273
4786 3274
3759 3275
1892 3276
2547 3277
1442 3278
5664 3279
5873 3280
7390 3281
3388 3282
6388 3283
4367 3284
3203 3285
7302 3286
4124 3287
614 3288
1838 3289
6081 3290
33 3291
5825 3292
76 3293
5926 3294
3716 3295
6316 3296
3963 3297
2714 3298
6833 3299
3287 3300
2209 3301
3302 3302
202 3303
2487 3304
7397 3305
5370 3306
2790 3307
3433 3308
1095 3309
3452 3310
6045 3311
516 3312
1925 3313
1595 3314
3191 3315
2764 3316
3167 3317
1740 3318
3221 3319
6753 3320
465 3321
5471 3322
7274 3323
7322 3324
2543 3325
3796 3326
365 3327
2386 3328
1745 3329
271 3330
4304 3331
3101 3332
5216 3333
5976 3334
3335 3335
2635 3336
2909 3337
6877 3338
6881 3339
594 3340
3558 3341
3741 3342
4641 3343
5359 3344
5246 3345
2517 3346
3276 3347
2247 3348
7005 3349
3735 3350
4013 3351
4736 3352
3849 3353
6257 3354
3355 3355
2328 3356
2053 3357
3945 3358
167 3359
3777 3360
2586 3361
3111 3362
1936 3363
5244 3364
3856 3365
3366 3366
7409 3367
4805 3368
2811 3369
6002 3370
2995 3371
2426 3372
3857 3373
1609 3374
6482 3375
4393 3376
1696 3377
7059 3378
2953 3379
756 3380
7357 3381
1992 3382
5955 3383
4470 3384
3385 3385
3386 3386
6465 3387
4259 3388
1243 3389
4769 3390
2643 3391
5582 3392
3820 3393
5380 3394
1791 3395
4104 3396
6256 3397
5622 3398
6693 3399
995 3400
7112 3401
2822 3402
3869 3403
5064 3404
7057 3405
6427 3406
4692 3407
6008 3408
3821 3409
7022 3410
5400 3411
3412 3412
1793 3413
3949 3414
3145 3415
2258 3416
2242 3417
4673 3418
1601 3419
5779 3420
3421 3421
3422 3422
5126 3423
3424 3424
1688 3425
1431 3426
596 3427
1728 3428
6830 3429
2560 3430
369 3431
83 3432
3451 3433
1052 3434
7089 3435
6184 3436
2153 3437
5594 3438
1807 3439
5646 3440
308 3441
6104 3442
6183 3443
7091 3444
4866 3445
1206 3446
5118 3447
478 3448
2370 3449
5327 3450
4766 3451
4809 3452
1672 3453
5688 3454
7104 3455
3790 3456
3660 3457
4855 3458
4120 3459
5220 3460
3484 3461
1108 3462
6312 3463
424 3464
2229 3465
3985 3466
7269 3467
5704 3468
3703 3469
5501 3470
49 3471
1291 3472
2483 3473
2605 3474
6936 3475
7223 3476
6026 3477
7064 3478
713 3479
1267 3480
7231 3481
2611 3482
7051 3483
5550 3484
3823 3485
5224 3486
2161 3487
1021 3488
5242 3489
1464 3490
2260 3491
231 3492
3493 3493
7004 3494
1833 3495
1241 3496
4774 3497
3929 3498
6204 3499
7455 3500
3501 3501
1119 3502
6685 3503
5419 3504
6501 3505
3506 3506
2852 3507
6909 3508
5093 3509
1572 3510
3441 3511
705 3512
4757 3513
4263 3514
3269 3515
7179 3516
5039 3517
3549 3518
223 3519
1007 3520
3212 3521
5741 3522
1305 3523
6483 3524
7317 3525
884 3526
1189 3527
4392 3528
3529 3529
2043 3530
6176 3531
5491 3532
1120 3533
2776 3534
5234 3535
1846 3536
7124 3537
3320 3538
4212 3539
477 3540
1117 3541
6278 3542
3543 3543
7097 3544
7031 3545
6989 3546
4348 3547
6696 3548
5254 3549
4771 3550
124 3551
5890 3552
2102 3553
3554 3554
2381 3555
5630 3556
2642 3557
6925 3558
5478 3559
5644 3560
4012 3561
2146 3562
2683 3563
3679 3564
3240 3565
4954 3566
5606 3567
7144 3568
2013 3569
5617 3570
5938 3571
3976 3572
6724 3573
141 3574
6067 3575
6227 3576
2713 3577
7243 3578
12 3579
1002 3580
6876 3581
7356 3582
3583 3583
5696 3584
335 3585
5475 3586
7456 3587
1080 3588
2137 3589
3590 3590
782 3591
2294 3592
675 3593
4465 3594
4220 3595
658 3596
4543 3597
3606 3598
4203 3599
1512 3600
1231 3601
7107 3602
2044 3603
2795 3604
4494 3605
6788 3606
5904 3607
2884 3608
4066 3609
2694 3610
4053 3611
3216 3612
4644 3613
2481 3614
7301 3615
6039 3616
3460 3617
4867 3618
1227 3619
3045 3620
1228 3621
5749 3622
6262 3623
4544 3624
2075 3625
3479 3626
3342 3627
120 3628
5176 3629
3630 3630
394 3631
7160 3632
7500 3633
6831 3634
7233 3635
6370 3636
7136 3637
6951 3638
5518 3639
4170 3640
3129 3641
1024 3642
5892 3643
3647 3644
108 3645
56 3646
493 3647
6832 3648
209 3649
3814 3650
6656 3651
6648 3652
4878 3653
7474 3654
1232 3655
3656 3656
4897 3657
5679 3658
3659 3659
6579 3660
1824 3661
4664 3662
183 3663
2353 3664
639 3665
976 3666
5202 3667
1509 3668
96 3669
5427 3670
4138 3671
3672 3672
3282 3673
5277 3674
3165 3675
2283 3676
1083 3677
1402 3678
4424 3679
2190 3680
3681 3681
3474 3682
4727 3683
3130 3684
6653 3685
510 3686
66 3687
3864 3688
6146 3689
3594 3690
2217 3691
2237 3692
2000 3693
3694 3694
579 3695
7036 3696
2423 3697
4447 3698
6738 3699
6138 3700
3262 3701
2365 3702
4405 3703
7139 3704
2150 3705
2704 3706
4369 3707
6375 3708
3709 3709
793 3710
5197 3711
4591 3712
4963 3713
5100 3714
1372 3715
2861 3716
5822 3717
6973 3718
2499 3719
1254 3720
7204 3721
6834 3722
7471 3723
279 3724
2556 3725
2316 3726
4210 3727
6037 3728
344 3729
5849 3730
3207 3731
5642 3732
2618 3733
4705 3734
5985 3735
3318 3736
3737 3737
4875 3738
6686 3739
4338 3740
5895 3741
586 3742
689 3743
3744 3744
2350 3745
5288 3746
7324 3747
5058 3748
5600 3749
651 3750
5535 3751
5382 3752
364 3753
1367 3754
1775 3755
4342 3756
4999 3757
3758 3758
4026 3759
4284 3760
1053 3761
1988 3762
4165 3763
3764 3764
6305 3765
347 3766
6132 3767
4806 3768
146 3769
2375 3770
3676 3771
6828 3772
5881 3773
3774 3774
2825 3775
4576 3776
6735 3777
3778 3778
7153 3779
6364 3780
6585 3781
5620 3782
4468 3783
3171 3784
221 3785
3788 3786
1751 3787
2420 3788
5083 3789
151 3790
6605 3791
6728 3792
3027 3793
262 3794
3664 3795
4751 3796
28 3797
7013 3798
4328 3799
2865 3800
6239 3801
1757 3802
740 3803
3804 3804
2322 3805
915 3806
3127 3807
3780 3808
2338 3809
3886 3810
4175 3811
6386 3812
5718 3813
4973 3814
2104 3815
5510 3816
59 3817
5337 3818
3292 3819
5135 3820
3209 3821
251 3822
799 3823
2921 3824
3825 3825
1223 3826
6457 3827
4969 3828
5331 3829
1234 3830
4119 3831
1143 3832
6304 3833
99 3834
3835 3835
1722 3836
2412 3837
7216 3838
6499 3839
5865 3840
4868 3841
7376 3842
3843 3843
5743 3844
5736 3845
3434 3846
2695 3847
528 3848
5676 3849
7183 3850
7123 3851
4092 3852
4633 3853
106 3854
940 3855
6137 3856
2130 3857
6645 3858
3574 3859
5771 3860
683 3861
3455 3862
6453 3863
257 3864
924 3865
1854 3866
3867 3867
6444 3868
7068 3869
1705 3870
5597 3871
3682 3872
5896 3873
1145 3874
5038 3875
3876 3876
3251 3877
3242 3878
5838 3879
7311 3880
4721 3881
4306 3882
7120 3883
5241 3884
1180 3885
4340 3886
3887 3887
3482 3888
6046 3889
2652 3890
6074 3891
6119 3892
1128 3893
2837 3894
2718 3895
3896 3896
6055 3897
6471 3898
6799 3899
4861 3900
754 3901
6556 3902
1036 3903
5075 3904
1710 3905
5013 3906
3980 3907
5941 3908
3909 3909
1901 3910
3911 3911
5956 3912
6737 3913
1498 3914
2931 3915
3916 3916
6667 3917
6517 3918
6511 3919
3584 3920
7475 3921
4074 3922
5362 3923
3839 3924
826 3925
5474 3926
4712 3927
6106 3928
5769 3929
5061 3930
2856 3931
4529 3932
6804 3933
3934 3934
6209 3935
7129 3936
4492 3937
6200 3938
3939 3939
4344 3940
496 3941
3407 3942
143 3943
7250 3944
5531 3945
2034 3946
2550 3947
2675 3948
2567 3949
381 3950
5690 3951
3952 3952
6522 3953
1615 3954
5682 3955
6589 3956
1437 3957
1379 3958
5843 3959
5077 3960
623 3961
3531 3962
1754 3963
126 3964
3418 3965
133 3966
7060 3967
6773 3968
2076 3969
6424 3970
3462 3971
6334 3972
6729 3973
3068 3974
7285 3975
3196 3976
6238 3977
3845 3978
5230 3979
6551 3980
838 3981
3957 3982
1732 3983
2882 3984
5141 3985
5258 3986
1033 3987
4900 3988
1350 3989
154 3990
3168 3991
3881 3992
6615 3993
7195 3994
3323 3995
5387 3996
1758 3997
371 3998
4398 3999
1289 4000
378 4001
1127 4002
4568 4003
1341 4004
3222 4005
514 4006
3564 4007
7282 4008
2777 4009
4156 4010
4352 4011
2100 4012
4599 4013
4014 4014
3332 4015
6110 4016
6402 4017
1882 4018
6530 4019
5500 4020
2664 4021
3139 4022
2360 4023
7476 4024
7043 4025
4870 4026
7142 4027
686 4028
161 4029
272 4030
7117 4031
5345 4032
3953 4033
5862 4034
6991 4035
792 4036
5454 4037
3913 4038
5466 4039
5571 4040
807 4041
4042 4042
2125 4043
3770 4044
4816 4045
5980 4046
2575 4047
2984 4048
1224 4049
4642 4050
2173 4051
4747 4052
1712 4053
7003 4054
3587 4055
4056 4056
1198 4057
950 4058
4059 4059
3024 4060
609 4061
6558 4062
1183 4063
4084 4064
4065 4065
1282 4066
5757 4067
4442 4068
1677 4069
1889 4070
1483 4071
4072 4072
4153 4073
5710 4074
355 4075
3137 4076
4131 4077
749 4078
2779 4079
5919 4080
3237 4081
4400 4082
4083 4083
5363 4084
4009 4085
5099 4086
3879 4087
4088 4088
5817 4089
4090 4090
778 4091
3546 4092
4093 4093
910 4094
1156 4095
6625 4096
2741 4097
6135 4098
3319 4099
5299 4100
4117 4101
3502 4102
6145 4103
1527 4104
6920 4105
4106 4106
4549 4107
379 4108
3094 4109
5739 4110
1107 4111
1689 4112
6343 4113
4913 4114
6520 4115
2781 4116
5615 4117
5671 4118
5702 4119
548 4120
7479 4121
891 4122
1191 4123
5430 4124
3935 4125
7457 4126
1290 4127
1637 4128
5376 4129
7217 4130
972 4131
7203 4132
7000 4133
1590 4134
2208 4135
3545 4136
5618 4137
1795 4138
837 4139
5187 4140
7434 4141
2878 4142
3635 4143
1141 4144
5227 4145
2467 4146
2042 4147
5936 4148
1538 4149
6078 4150
2772 4151
1126 4152
281 4153
1859 4154
5568 4155
5706 4156
5201 4157
509 4158
1870 4159
4467 4160
2299 4161
3106 4162
6847 4163
5971 4164
5081 4165
4166 4166
4411 4167
6966 4168
667 4169
102 4170
3904 4171
6979 4172
4173 4173
6441 4174
7251 4175
5712 4176
345 4177
4584 4178
6378 4179
4180 4180
1202 4181
1532 4182
4183 4183
5301 4184
2132 4185
1589 4186
5091 4187
5174 4188
3742 4189
4190 4190
871 4191
435 4192
2667 4193
4922 4194
1888 4195
2816 4196
6974 4197
3523 4198
2701 4199
3347 4200
4201 4201
3686 4202
4552 4203
1302 4204
2983 4205
6709 4206
4207 4207
2214 4208
2767 4209
7257 4210
6136 4211
4510 4212
2839 4213
2052 4214
6226 4215
2562 4216
4724 4217
5289 4218
7131 4219
6159 4220
1862 4221
6229 4222
4223 4223
303 4224
7037 4225
3551 4226
3180 4227
4545 4228
5007 4229
4044 4230
5795 4231
6502 4232
6789 4233
3352 4234
5026 4235
6755 4236
5572 4237
3369 4238
5517 4239
551 4240
1340 4241
4303 4242
4243 4243
3153 4244
3721 4245
5325 4246
5984 4247
1486 4248
5142 4249
5885 4250
6733 4251
2356 4252
5633 4253
6383 4254
3036 4255
5455 4256
4289 4257
1851 4258
5968 4259
1585 4260
5476 4261
3308 4262
7199 4263
2798 4264
4265 4265
3905 4266
1150 4267
7082 4268
2944 4269
4551 4270
2570 4271
2413 4272
2755 4273
1868 4274
4596 4275
1646 4276
520 4277
5461 4278
5544 4279
1222 4280
5267 4281
3718 4282
5944 4283
1522 4284
6430 4285
2046 4286
6341 4287
4288 4288
5508 4289
4290 4290
4354 4291
1707 4292
370 4293
2565 4294
4295 4295
4058 4296
3005 4297
6410 4298
2010 4299
3848 4300
4967 4301
6337 4302
6443 4303
812 4304
32 4305
3882 4306
5369 4307
4441 4308
6393 4309
1129 4310
6480 4311
4312 4312
6486 4313
6472 4314
6987 4315
411 4316
3614 4317
3415 4318
1403 4319
4320 4320
3271 4321
7207 4322
2830 4323
2649 4324
4852 4325
3998 4326
4298 4327
6892 4328
5381 4329
4241 4330
2804 4331
7046 4332
1314 4333
649 4334
3763 4335
7462 4336
6247 4337
2425 4338
2915 4339
4028 4340
4488 4341
1850 4342
270 4343
6964 4344
6857 4345
6937 4346
4318 4347
7055 4348
6613 4349
5494 4350
5390 4351
3981 4352
6491 4353
2312 4354
2303 4355
4256 4356
7433 4357
244 4358
4299 4359
7023 4360
2436 4361
4182 4362
935 4363
870 4364
540 4365
401 4366
5592 4367
1928 4368
54 4369
5524 4370
2973 4371
4820 4372
4484 4373
5884 4374
1480 4375
5999 4376
7374 4377
2751 4378
3828 4379
5570 4380
881 4381
6946 4382
811 4383
4305 4384
6890 4385
3487 4386
5366 4387
4371 4388
5436 4389
388 4390
684 4391
6080 4392
5887 4393
4394 4394
711 4395
351 4396
6023 4397
5503 4398
4399 4399
2122 4400
7163 4401
6797 4402
7498 4403
2668 4404
2967 4405
3751 4406
1591 4407
5735 4408
3395 4409
1588 4410
4595 4411
4141 4412
525 4413
5467 4414
4283 4415
5549 4416
3816 4417
3654 4418
7342 4419
4674 4420
2001 4421
5815 4422
1678 4423
1343 4424
1049 4425
4496 4426
7334 4427
3557 4428
2980 4429
6940 4430
3210 4431
34 4432
5059 4433
4489 4434
1652 4435
4557 4436
1537 4437
3206 4438
4261 4439
4343 4440
273 4441
4598 4442
2794 4443
2134 4444
7447 4445
6169 4446
2004 4447
7218 4448
4449 4449
1236 4450
5044 4451
801 4452
6597 4453
4129 4454
3391 4455
7262 4456
4457 4457
1485 4458
1210 4459
4460 4460
6805 4461
2249 4462
1230 4463
2974 4464
5160 4465
4466 4466
7012 4467
2117 4468
5395 4469
2003 4470
3193 4471
2409 4472
1549 4473
2238 4474
6723 4475
3431 4476
292 4477
3098 4478
242 4479
1391 4480
2993 4481
4683 4482
1076 4483
2066 4484
5775 4485
748 4486
3361 4487
1427 4488
6326 4489
194 4490
423 4491
5404 4492
41 4493
1 4494
5557 4495
5171 4496
2860 4497
3013 4498
3354 4499
4043 4500
5398 4501
7165 4502
7283 4503
4504 4504
3789 4505
4506 4506
4768 4507
315 4508
3837 4509
7436 4510
215 4511
5175 4512
7141 4513
3492 4514
629 4515
450 4516
7 4517
4725 4518
155 4519
5021 4520
7379 4521
4050 4522
3919 4523
2227 4524
3662 4525
4526 4526
4051 4527
415 4528
3932 4529
2535 4530
4485 4531
4680 4532
1419 4533
11 4534
46 4535
6307 4536
7331 4537
982 4538
158 4539
4758 4540
3260 4541
4542 4542
2796 4543
5756 4544
6871 4545
2758 4546
5651 4547
2254 4548
6919 4549
731 4550
655 4551
6476 4552
6222 4553
3858 4554
5235 4555
3154 4556
6928 4557
4558 4558
4559 4559
531 4560
4785 4561
3057 4562
1932 4563
505 4564
1503 4565
350 4566
2540 4567
4810 4568
3069 4569
4570 4570
6321 4571
5923 4572
2587 4573
7287 4574
5421 4575
2172 4576
4577 4577
3964 4578
6945 4579
2340 4580
6557 4581
1843 4582
4583 4583
7467 4584
3147 4585
673 4586
7063 4587
515 4588
6825 4589
5716 4590
3157 4591
7268 4592
2766 4593
2563 4594
4403 4595
4101 4596
2421 4597
2831 4598
4899 4599
3306 4600
7244 4601
4113 4602
1706 4603
1756 4604
3343 4605
4885 4606
4790 4607
6164 4608
964 4609
5650 4610
2985 4611
3524 4612
4275 4613
5522 4614
3346 4615
6678 4616
6399 4617
6290 4618
4520 4619
3942 4620
18 4621
4622 4622
1579 4623
3226 4624
6199 4625
6362 4626
1047 4627
3176 4628
5339 4629
7403 4630
4631 4631
3425 4632
4605 4633
7188 4634
3044 4635
4975 4636
2367 4637
3182 4638
2163 4639
6862 4640
4925 4641
4213 4642
6660 4643
6668 4644
4901 4645
3443 4646
3955 4647
2114 4648
2546 4649
1349 4650
5566 4651
6193 4652
660 4653
4650 4654
5759 4655
4698 4656
1583 4657
3277 4658
4804 4659
4569 4660
4661 4661
2310 4662
4380 4663
3329 4664
453 4665
43 4666
4503 4667
1296 4668
1104 4669
3213 4670
4573 4671
908 4672
2063 4673
6120 4674
402 4675
2814 4676
7248 4677
2602 4678
3278 4679
5832 4680
926 4681
1370 4682
6616 4683
7137 4684
4049 4685
4686 4686
5056 4687
5797 4688
2476 4689
3374 4690
5951 4691
2851 4692
1281 4693
2149 4694
3761 4695
2976 4696
1099 4697
2881 4698
7232 4699
3693 4700
4701 4701
6523 4702
4655 4703
3201 4704
1821 4705
5897 4706
2478 4707
2212 4708
527 4709
547 4710
966 4711
1950 4712
7198 4713
4206 4714
6114 4715
1096 4716
4989 4717
6303 4718
395 4719
6413 4720
719 4721
1211 4722
1643 4723
2566 4724
5014 4725
5917 4726
1407 4727
4728 4728
1631 4729
6879 4730
7410 4731
4347 4732
1564 4733
630 4734
3034 4735
5839 4736
3505 4737
4762 4738
3088 4739
55 4740
6720 4741
5011 4742
1322 4743
6512 4744
4601 4745
4746 4746
3561 4747
1703 4748
6587 4749
4082 4750
1130 4751
6168 4752
2038 4753
2107 4754
23 4755
4848 4756
3793 4757
5954 4758
2571 4759
2164 4760
6549 4761
2937 4762
2533 4763
149 4764
4765 4765
1178 4766
3387 4767
1885 4768
490 4769
723 4770
2745 4771
4832 4772
4773 4773
1906 4774
4197 4775
4368 4776
276 4777
2892 4778
6839 4779
4780 4780
7019 4781
4873 4782
978 4783
4355 4784
1626 4785
6390 4786
1581 4787
1841 4788
2872 4789
3344 4790
3141 4791
3364 4792
6840 4793
1028 4794
631 4795
422 4796
2240 4797
3515 4798
4799 4799
5469 4800
4516 4801
4463 4802
4152 4803
567 4804
6873 4805
1155 4806
3125 4807
6754 4808
2619 4809
3640 4810
6271 4811
7430 4812
6261 4813
4726 4814
5626 4815
4944 4816
4953 4817
4648 4818
6144 4819
2270 4820
2136 4821
218 4822
2528 4823
7258 4824
4600 4825
4409 4826
518 4827
127 4828
3852 4829
902 4830
2099 4831
6286 4832
2774 4833
3134 4834
4835 4835
14 4836
2378 4837
2411 4838
4839 4839
5298 4840
4923 4841
3632 4842
4843 4843
7484 4844
3233 4845
1090 4846
1167 4847
589 4848
7192 4849
2276 4850
58 4851
2456 4852
4853 4853
2244 4854
6420 4855
1068 4856
7048 4857
1991 4858
4859 4859
6958 4860
6277 4861
5701 4862
1730 4863
843 4864
2461 4865
372 4866
3084 4867
3811 4868
425 4869
1438 4870
5147 4871
641 4872
2151 4873
4874 4874
1830 4875
4876 4876
5040 4877
2920 4878
5794 4879
2274 4880
4061 4881
193 4882
2317 4883
1724 4884
3525 4885
1645 4886
4887 4887
4888 4888
5506 4889
4011 4890
4538 4891
4020 4892
6856 4893
824 4894
648 4895
119 4896
6795 4897
7392 4898
2033 4899
2223 4900
4645 4901
3132 4902
4031 4903
6479 4904
1660 4905
1704 4906
7229 4907
3229 4908
1753 4909
2180 4910
4911 4911
4331 4912
4956 4913
1669 4914
1479 4915
113 4916
771 4917
640 4918
5276 4919
2015 4920
4036 4921
1525 4922
1056 4923
1073 4924
3903 4925
6415 4926
4353 4927
5278 4928
5574 4929
304 4930
4507 4931
4932 4932
1016 4933
2371 4934
4149 4935
7245 4936
6232 4937
7416 4938
144 4939
3813 4940
4920 4941
3490 4942
2912 4943
4176 4944
4945 4945
5383 4946
626 4947
3458 4948
6040 4949
6243 4950
4296 4951
268 4952
4080 4953
6324 4954
3943 4955
3488 4956
4647 4957
3429 4958
3360 4959
4910 4960
806 4961
4629 4962
2394 4963
7115 4964
890 4965
1619 4966
3175 4967
4968 4968
2875 4969
2759 4970
4730 4971
4972 4972
1387 4973
4850 4974
1185 4975
412 4976
6487 4977
2417 4978
2391 4979
1288 4980
6129 4981
7009 4982
3049 4983
4171 4984
4252 4985
4413 4986
685 4987
4988 4988
3846 4989
6841 4990
1216 4991
3362 4992
2241 4993
535 4994
1244 4995
2349 4996
4310 4997
3162 4998
5004 4999
3073 5000
3636 5001
2103 5002
3772 5003
5226 5004
5005 5005
6101 5006
1075 5007
5008 5008
5552 5009
3338 5010
5143 5011
5591 5012
546 5013
6700 5014
5015 5015
1500 5016
6569 5017
5625 5018
2348 5019
4321 5020
3715 5021
305 5022
1596 5023
265 5024
1534 5025
6610 5026
4029 5027
2496 5028
6699 5029
2263 5030
6715 5031
3096 5032
2056 5033
5446 5034
3014 5035
2753 5036
320 5037
3854 5038
2930 5039
4431 5040
3497 5041
4713 5042
1386 5043
3351 5044
3906 5045
880 5046
6884 5047
887 5048
3126 5049
5484 5050
735 5051
3239 5052
6151 5053
2331 5054
6011 5055
1411 5056
6485 5057
2768 5058
5670 5059
3504 5060
6690 5061
2538 5062
665 5063
939 5064
519 5065
354 5066
3792 5067
1380 5068
3503 5069
4739 5070
2286 5071
5994 5072
5649 5073
1766 5074
1593 5075
1037 5076
585 5077
1743 5078
1471 5079
3202 5080
5250 5081
383 5082
5593 5083
2252 5084
6495 5085
1761 5086
5793 5087
3829 5088
5109 5089
3831 5090
5163 5091
6768 5092
4123 5093
2002 5094
405 5095
2603 5096
5097 5097
6767 5098
3762 5099
4931 5100
2295 5101
5138 5102
255 5103
417 5104
4373 5105
3426 5106
6774 5107
6447 5108
1457 5109
4030 5110
5111 5111
3087 5112
1344 5113
2733 5114
6464 5115
1012 5116
5117 5117
2952 5118
6918 5119
4346 5120
2800 5121
7118 5122
2219 5123
4883 5124
1528 5125
2493 5126
2148 5127
3481 5128
4754 5129
7253 5130
80 5131
1193 5132
3166 5133
5134 5134
6765 5135
3440 5136
3769 5137
5875 5138
5139 5139
3541 5140
4687 5141
947 5142
7451 5143
1814 5144
592 5145
5563 5146
7114 5147
7090 5148
3428 5149
2334 5150
1062 5151
5444 5152
2422 5153
7240 5154
6163 5155
4676 5156
1750 5157
1686 5158
3628 5159
6213 5160
7370 5161
5162 5162
3722 5163
2399 5164
3775 5165
1784 5166
5553 5167
4495 5168
5928 5169
5981 5170
1079 5171
69 5172
1608 5173
5979 5174
4278 5175
3650 5176
2170 5177
5770 5178
428 5179
2761 5180
4395 5181
5910 5182
2291 5183
561 5184
6541 5185
5186 5186
4140 5187
986 5188
934 5189
5259 5190
334 5191
2959 5192
5022 5193
5403 5194
3368 5195
362 5196
5121 5197
3517 5198
4383 5199
3984 5200
169 5201
4185 5202
3629 5203
2127 5204
791 5205
6646 5206
5583 5207
7485 5208
165 5209
5579 5210
6122 5211
5459 5212
3663 5213
2016 5214
3898 5215
5639 5216
2245 5217
3733 5218
1116 5219
2362 5220
5441 5221
2017 5222
1412 5223
2347 5224
5225 5225
1568 5226
532 5227
3844 5228
4439 5229
4114 5230
2225 5231
6998 5232
6985 5233
1961 5234
5869 5235
5365 5236
604 5237
6539 5238
2196 5239
6170 5240
6619 5241
3056 5242
1828 5243
97 5244
5245 5245
1904 5246
5247 5247
4777 5248
492 5249
2473 5250
5515 5251
363 5252
5490 5253
1777 5254
2736 5255
2579 5256
988 5257
3653 5258
6082 5259
6416 5260
5071 5261
1160 5262
1909 5263
6707 5264
5788 5265
6845 5266
90 5267
513 5268
1921 5269
1360 5270
3248 5271
1326 5272
229 5273
5379 5274
6400 5275
2972 5276
2891 5277
3119 5278
3888 5279
4619 5280
3890 5281
800 5282
7239 5283
5046 5284
3015 5285
5773 5286
4781 5287
2448 5288
2769 5289
3026 5290
1594 5291
5844 5292
6608 5293
2359 5294
6705 5295
178 5296
5977 5297
1147 5298
6620 5299
2330 5300
4255 5301
1913 5302
4464 5303
5304 5304
4795 5305
4750 5306
1088 5307
1368 5308
1976 5309
1834 5310
5988 5311
3748 5312
5911 5313
3690 5314
6449 5315
7169 5316
5683 5317
6950 5318
511 5319
5320 5320
5321 5321
4159 5322
4623 5323
5311 5324
3893 5325
4427 5326
5588 5327
4238 5328
1382 5329
4112 5330
2918 5331
3336 5332
4021 5333
5207 5334
6455 5335
5336 5336
1517 5337
5903 5338
6079 5339
4279 5340
2024 5341
3348 5342
6752 5343
1835 5344
2233 5345
5900 5346
830 5347
5115 5348
6332 5349
3296 5350
4815 5351
88 5352
5353 5353
5354 5354
429 5355
1484 5356
3560 5357
5024 5358
3728 5359
6360 5360
7323 5361
1569 5362
2121 5363
3244 5364
5811 5365
5888 5366
377 5367
2877 5368
2802 5369
5829 5370
4982 5371
6032 5372
366 5373
1259 5374
1731 5375
2171 5376
2838 5377
5886 5378
7406 5379
6451 5380
7297 5381
5402 5382
2583 5383
3022 5384
1276 5385
2672 5386
3048 5387
2689 5388
267 5389
7174 5390
67 5391
5392 5392
7446 5393
4921 5394
2568 5395
1270 5396
7316 5397
2069 5398
1519 5399
5215 5400
5017 5401
5095 5402
4151 5403
4738 5404
2688 5405
5753 5406
4094 5407
2847 5408
6325 5409
4604 5410
5411 5411
4829 5412
2145 5413
5751 5414
3028 5415
3467 5416
7421 5417
4948 5418
3746 5419
4567 5420
7149 5421
25 5422
5423 5423
5871 5424
3124 5425
1996 5426
3288 5427
5108 5428
7315 5429
2374 5430
36 5431
75 5432
4037 5433
7256 5434
1397 5435
5661 5436
3290 5437
44 5438
3522 5439
5440 5440
4589 5441
5442 5442
1063 5443
1325 5444
7078 5445
6044 5446
4860 5447
6657 5448
5882 5449
4125 5450
197 5451
6796 5452
5248 5453
2259 5454
6743 5455
965 5456
1124 5457
6986 5458
6352 5459
6056 5460
6811 5461
6157 5462
5420 5463
5786 5464
5136 5465
6004 5466
605 5467
5357 5468
789 5469
1714 5470
794 5471
7318 5472
4512 5473
2036 5474
2996 5475
6489 5476
5445 5477
5096 5478
7069 5479
6894 5480
5694 5481
5265 5482
5866 5483
184 5484
2525 5485
5774 5486
2515 5487
4767 5488
5489 5489
693 5490
5569 5491
6363 5492
326 5493
497 5494
2324 5495
7371 5496
5596 5497
6381 5498
571 5499
2648 5500
5033 5501
3633 5502
5132 5503
4214 5504
4553 5505
1039 5506
5307 5507
6147 5508
5373 5509
348 5510
5119 5511
678 5512
1863 5513
6208 5514
3725 5515
4844 5516
6634 5517
4162 5518
780 5519
3999 5520
6385 5521
4907 5522
1405 5523
6997 5524
5747 5525
2793 5526
2143 5527
5528 5528
2978 5529
5818 5530
4986 5531
5156 5532
1922 5533
3471 5534
4158 5535
2818 5536
5185 5537
3620 5538
3060 5539
1385 5540
4351 5541
7263 5542
471 5543
19 5544
385 5545
6361 5546
4025 5547
6251 5548
4408 5549
5418 5550
3258 5551
4448 5552
1279 5553
4224 5554
3268 5555
7441 5556
2870 5557
5967 5558
6128 5559
6854 5560
7246 5561
7154 5562
414 5563
6726 5564
489 5565
6354 5566
6365 5567
931 5568
758 5569
2708 5570
3061 5571
6980 5572
5252 5573
6719 5574
3707 5575
1551 5576
4871 5577
1342 5578
3280 5579
4669 5580
6098 5581
4248 5582
4250 5583
4924 5584
1001 5585
661 5586
2929 5587
730 5588
3071 5589
3638 5590
2253 5591
580 5592
6878 5593
2454 5594
6904 5595
1027 5596
2474 5597
5155 5598
2638 5599
832 5600
2748 5601
6810 5602
2419 5603
353 5604
2534 5605
5652 5606
1553 5607
62 5608
2845 5609
5610 5610
4628 5611
4172 5612
4169 5613
5614 5614
1034 5615
6813 5616
734 5617
2558 5618
3453 5619
2582 5620
7200 5621
4446 5622
696 5623
5540 5624
997 5625
24 5626
1848 5627
2133 5628
5785 5629
690 5630
3783 5631
3983 5632
6875 5633
5634 5634
917 5635
2388 5636
2128 5637
889 5638
911 5639
4217 5640
3307 5641
944 5642
4918 5643
6515 5644
6478 5645
4703 5646
2268 5647
2524 5648
3298 5649
6306 5650
1428 5651
1876 5652
1685 5653
3626 5654
6003 5655
5364 5656
5657 5657
4375 5658
6896 5659
6727 5660
1676 5661
524 5662
6353 5663
7401 5664
5864 5665
6172 5666
5041 5667
6898 5668
4732 5669
2337 5670
814 5671
2595 5672
4452 5673
2216 5674
5675 5675
2275 5676
5677 5677
5129 5678
4022 5679
3380 5680
5681 5681
3100 5682
7329 5683
7272 5684
2617 5685
2559 5686
5725 5687
2492 5688
1057 5689
5297 5690
5643 5691
6117 5692
4341 5693
2850 5694
3917 5695
1794 5696
284 5697
6852 5698
2970 5699
4391 5700
2200 5701
5935 5702
2641 5703
1867 5704
5123 5705
5348 5706
2994 5707
5708 5708
6446 5709
5809 5710
1203 5711
7298 5712
2058 5713
5085 5714
5103 5715
4847 5716
1739 5717
4189 5718
3018 5719
2910 5720
406 5721
3719 5722
5723 5723
5648 5724
6578 5725
6442 5726
3995 5727
6246 5728
2234 5729
7304 5730
1605 5731
4617 5732
2542 5733
6139 5734
3575 5735
3480 5736
6663 5737
3079 5738
185 5739
4618 5740
2988 5741
7449 5742
7234 5743
2924 5744
132 5745
280 5746
20 5747
1978 5748
2775 5749
6943 5750
6757 5751
7381 5752
2866 5753
3097 5754
503 5755
945 5756
6712 5757
2917 5758
3055 5759
2336 5760
816 5761
5239 5762
4563 5763
3264 5764
5765 5765
4787 5766
3708 5767
5609 5768
6027 5769
4991 5770
5314 5771
1432 5772
2262 5773
6893 5774
5989 5775
634 5776
5480 5777
3198 5778
848 5779
3037 5780
4979 5781
3104 5782
2284 5783
1470 5784
341 5785
5781 5786
7286 5787
440 5788
4814 5789
2946 5790
1169 5791
6292 5792
228 5793
5268 5794
4636 5795
5796 5796
1650 5797
4281 5798
1252 5799
6123 5800
2498 5801
4998 5802
1554 5803
1924 5804
5805 5805
5178 5806
2614 5807
6747 5808
3472 5809
1383 5810
6970 5811
5812 5812
1742 5813
5127 5814
7186 5815
2198 5816
4509 5817
6933 5818
1778 5819
2176 5820
3542 5821
5631 5822
179 5823
4335 5824
2045 5825
7148 5826
5222 5827
3727 5828
3265 5829
1142 5830
2757 5831
3279 5832
2965 5833
1264 5834
1982 5835
5836 5836
5982 5837
211 5838
2490 5839
5487 5840
3767 5841
7133 5842
896 5843
6931 5844
4621 5845
249 5846
1424 5847
619 5848
4716 5849
3822 5850
5851 5851
6835 5852
5262 5853
2352 5854
6348 5855
5443 5856
5088 5857
4034 5858
4234 5859
5860 5860
4319 5861
3612 5862
581 5863
6644 5864
1058 5865
6962 5866
4837 5867
7444 5868
253 5869
7495 5870
5669 5871
3877 5872
4000 5873
7367 5874
3946 5875
3330 5876
5877 5877
1441 5878
5273 5879
5880 5880
5640 5881
6870 5882
5883 5883
325 5884
4938 5885
5858 5886
6977 5887
1918 5888
7385 5889
3188 5890
5556 5891
2482 5892
6019 5893
4983 5894
992 5895
1321 5896
2314 5897
858 5898
4872 5899
852 5900
5901 5901
6907 5902
3146 5903
1612 5904
3449 5905
3289 5906
6131 5907
3128 5908
1684 5909
1836 5910
100 5911
5334 5912
4386 5913
3859 5914
2770 5915
4905 5916
5401 5917
1610 5918
3766 5919
501 5920
5921 5921
583 5922
702 5923
948 5924
3437 5925
6062 5926
3275 5927
4046 5928
469 5929
5802 5930
4242 5931
4376 5932
956 5933
2306 5934
1747 5935
5196 5936
1361 5937
207 5938
5939 5939
5940 5940
5750 5941
6922 5942
2958 5943
6632 5944
900 5945
3051 5946
3651 5947
6426 5948
1348 5949
1482 5950
3152 5951
6971 5952
5953 5953
3041 5954
5428 5955
3912 5956
2311 5957
6903 5958
6020 5959
5960 5960
5961 5961
6089 5962
5159 5963
1377 5964
1943 5965
6889 5966
150 5967
7336 5968
5969 5969
4184 5970
1481 5971
7432 5972
5973 5973
2304 5974
2271 5975
952 5976
4471 5977
5271 5978
1209 5979
5834 5980
638 5981
4812 5982
3809 5983
3161 5984
1779 5985
5291 5986
2009 5987
4946 5988
2613 5989
5990 5990
3401 5991
7271 5992
6317 5993
6721 5994
9 5995
5274 5996
5997 5997
1072 5998
296 5999
7431 6000
2500 6001
701 6002
5210 6003
4199 6004
1711 6005
2681 6006
6007 6007
2120 6008
6009 6009
999 6010
3765 6011
7021 6012
2990 6013
5912 6014
7259 6015
6273 6016
5094 6017
4377 6018
974 6019
7134 6020
466 6021
4813 6022
430 6023
6223 6024
2709 6025
2786 6026
6160 6027
1641 6028
3548 6029
6995 6030
6031 6031
4856 6032
6380 6033
5602 6034
5 6035
6036 6036
3178 6037
6038 6038
4735 6039
2191 6040
7288 6041
4770 6042
4679 6043
6254 6044
1544 6045
5457 6046
3413 6047
6048 6048
4412 6049
319 6050
6339 6051
2118 6052
6592 6053
6567 6054
1563 6055
1654 6056
6295 6057
2721 6058
3246 6059
672 6060
4706 6061
2682 6062
2951 6063
454 6064
866 6065
1197 6066
5820 6067
5253 6068
6069 6069
6537 6070
7443 6071
4702 6072
1760 6073
340 6074
6075 6075
3565 6076
6947 6077
5616 6078
2427 6079
6192 6080
5505 6081
1111 6082
485 6083
7278 6084
5970 6085
3274 6086
5792 6087
1625 6088
805 6089
6355 6090
5470 6091
7184 6092
1642 6093
6094 6094
3076 6095
6535 6096
3787 6097
1997 6098
2655 6099
7168 6100
1762 6101
2743 6102
6577 6103
766 6104
1494 6105
6536 6106
2840 6107
1623 6108
1845 6109
3123 6110
258 6111
6112 6112
2341 6113
5285 6114
7266 6115
3861 6116
949 6117
6674 6118
3122 6119
4474 6120
1225 6121
6783 6122
1153 6123
5087 6124
3483 6125
1948 6126
6772 6127
823 6128
861 6129
602 6130
4416 6131
632 6132
7365 6133
975 6134
1218 6135
1530 6136
4450 6137
3700 6138
5595 6139
2803 6140
2963 6141
5329 6142
5172 6143
1613 6144
5559 6145
7405 6146
2756 6147
6148 6148
2011 6149
3978 6150
785 6151
3645 6152
148 6153
2501 6154
1956 6155
7346 6156
4745 6157
3390 6158
1847 6159
6182 6160
4300 6161
4268 6162
1894 6163
3826 6164
5193 6165
1759 6166
5943 6167
987 6168
4315 6169
3604 6170
6085 6171
536 6172
1864 6173
4277 6174
3794 6175
3477 6176
6177 6177
6178 6178
2754 6179
4803 6180
1576 6181
1937 6182
4287 6183
7145 6184
3894 6185
4627 6186
6060 6187
6188 6188
6189 6189
6190 6190
4572 6191
81 6192
6207 6193
7162 6194
6217 6195
1102 6196
6676 6197
6279 6198
7028 6199
4697 6200
633 6201
6939 6202
717 6203
4388 6204
6205 6205
6477 6206
5876 6207
4060 6208
1204 6209
6475 6210
759 6211
7399 6212
5124 6213
6214 6214
4018 6215
973 6216
7175 6217
2281 6218
3067 6219
5145 6220
5183 6221
1840 6222
1388 6223
4955 6224
2182 6225
7015 6226
4251 6227
6228 6228
4951 6229
5164 6230
6154 6231
1667 6232
6842 6233
6018 6234
7270 6235
5158 6236
1359 6237
4209 6238
2588 6239
681 6240
4826 6241
582 6242
1965 6243
4667 6244
2510 6245
2686 6246
1045 6247
7062 6248
6650 6249
6929 6250
4939 6251
498 6252
6908 6253
6607 6254
4062 6255
955 6256
170 6257
1263 6258
6259 6259
4455 6260
7180 6261
3639 6262
1580 6263
2895 6264
3322 6265
5808 6266
1911 6267
3537 6268
1064 6269
1874 6270
3968 6271
6288 6272
670 6273
5987 6274
6275 6275
1297 6276
3779 6277
1967 6278
6392 6279
2325 6280
6281 6281
4345 6282
2773 6283
3588 6284
3236 6285
7222 6286
4916 6287
3077 6288
4783 6289
2612 6290
7395 6291
7307 6292
5302 6293
1790 6294
6694 6295
3159 6296
6497 6297
2327 6298
176 6299
1131 6300
1439 6301
6594 6302
1162 6303
3833 6304
5733 6305
2308 6306
7130 6307
4830 6308
6309 6309
755 6310
3032 6311
2204 6312
2932 6313
6525 6314
2458 6315
7343 6316
2656 6317
4379 6318
1735 6319
7408 6320
2979 6321
7321 6322
1138 6323
2948 6324
6566 6325
3714 6326
695 6327
3950 6328
1679 6329
6526 6330
5612 6331
3183 6332
7424 6333
3908 6334
1444 6335
3378 6336
3734 6337
2189 6338
2621 6339
4881 6340
5105 6341
5036 6342
936 6343
6344 6344
905 6345
7053 6346
1990 6347
1604 6348
2731 6349
1275 6350
4148 6351
3270 6352
78 6353
4659 6354
89 6355
3569 6356
6092 6357
4110 6358
3197 6359
5360 6360
164 6361
5481 6362
5492 6363
3321 6364
3965 6365
2885 6366
958 6367
3872 6368
3272 6369
877 6370
2572 6371
5283 6372
3609 6373
6374 6374
118 6375
1518 6376
6758 6377
4493 6378
4801 6379
6533 6380
5498 6381
5734 6382
2696 6383
6202 6384
5521 6385
2730 6386
6923 6387
2309 6388
2869 6389
232 6390
6818 6391
1931 6392
3459 6393
3334 6394
3599 6395
1975 6396
6786 6397
7125 6398
2747 6399
2494 6400
6401 6401
3577 6402
6403 6403
922 6404
4322 6405
2871 6406
5674 6407
2791 6408
5089 6409
4323 6410
5410 6411
2719 6412
743 6413
2129 6414
864 6415
3871 6416
5211 6417
1866 6418
5520 6419
784 6420
4894 6421
7177 6422
1307 6423
1819 6424
2115 6425
5052 6426
6635 6427
3035 6428
2178 6429
6174 6430
6543 6431
1165 6432
4718 6433
1880 6434
3528 6435
3842 6436
860 6437
818 6438
3738 6439
2131 6440
650 6441
588 6442
606 6443
7423 6444
6779 6445
6456 6446
925 6447
1980 6448
3556 6449
6450 6450
6631 6451
4822 6452
5167 6453
1335 6454
1897 6455
804 6456
6319 6457
6458 6458
7465 6459
5042 6460
6461 6461
5482 6462
5972 6463
7213 6464
7442 6465
3873 6466
1352 6467
2156 6468
4906 6469
7045 6470
4817 6471
6133 6472
2082 6473
6474 6474
5279 6475
1541 6476
1946 6477
5957 6478
4904 6479
2519 6480
420 6481
4640 6482
4459 6483
6314 6484
4696 6485
98 6486
4977 6487
5473 6488
6636 6489
1054 6490
768 6491
3136 6492
2014 6493
2955 6494
1746 6495
1861 6496
4087 6497
6102 6498
1488 6499
4742 6500
2485 6501
1887 6502
4002 6503
6730 6504
4884 6505
7071 6506
4127 6507
5413 6508
909 6509
3357 6510
6885 6511
620 6512
3803 6513
2693 6514
4216 6515
6493 6516
1268 6517
1547 6518
4047 6519
2898 6520
6397 6521
2849 6522
5256 6523
3070 6524
5850 6525
5449 6526
4143 6527
6528 6528
5236 6529
1176 6530
4772 6531
659 6532
6562 6533
6534 6534
3592 6535
6377 6536
6621 6537
3532 6538
3954 6539
3080 6540
4731 6541
2513 6542
6529 6543
4626 6544
5133 6545
1606 6546
6708 6547
989 6548
3253 6549
6165 6550
2597 6551
7468 6552
885 6553
1006 6554
4422 6555
256 6556
1461 6557
739 6558
1273 6559
7099 6560
3860 6561
6596 6562
1050 6563
937 6564
6565 6565
5305 6566
2508 6567
5173 6568
6798 6569
4111 6570
1908 6571
2400 6572
2407 6573
4672 6574
6756 6575
6576 6576
2344 6577
7185 6578
482 6579
2224 6580
6581 6581
6582 6582
3204 6583
5189 6584
7344 6585
3622 6586
5149 6587
1013 6588
5546 6589
1293 6590
3030 6591
5724 6592
2836 6593
6302 6594
1545 6595
3815 6596
4639 6597
5079 6598
844 6599
2023 6600
6108 6601
3376 6602
359 6603
845 6604
4316 6605
3235 6606
2787 6607
1365 6608
5000 6609
1973 6610
3698 6611
677 6612
2497 6613
6682 6614
5783 6615
2522 6616
6617 6617
2740 6618
2939 6619
5784 6620
919 6621
4 6622
2894 6623
7038 6624
3740 6625
1493 6626
4688 6627
1447 6628
203 6629
529 6630
1100 6631
1152 6632
1582 6633
859 6634
3394 6635
6684 6636
3200 6637
6638 6638
2333 6639
5161 6640
6759 6641
6633 6642
3004 6643
4236 6644
6470 6645
4714 6646
761 6647
1776 6648
1256 6649
6249 6650
3915 6651
3810 6652
7308 6653
6654 6654
2287 6655
6315 6656
5507 6657
6658 6658
1879 6659
6391 6660
3008 6661
2187 6662
5731 6663
6664 6664
5512 6665
2659 6666
1523 6667
2530 6668
4662 6669
7127 6670
2236 6671
7453 6672
2679 6673
4566 6674
2854 6675
392 6676
1966 6677
1546 6678
1687 6679
1540 6680
1466 6681
337 6682
2507 6683
5514 6684
1783 6685
1175 6686
2250 6687
1333 6688
6689 6689
1959 6690
297 6691
3781 6692
4458 6693
175 6694
6695 6695
3834 6696
4472 6697
6242 6698
5063 6699
1440 6700
6701 6701
4244 6702
6703 6703
5611 6704
5992 6705
1614 6706
5070 6707
7225 6708
4522 6709
5924 6710
6793 6711
4005 6712
7391 6713
5371 6714
1514 6715
222 6716
6425 6717
3138 6718
6673 6719
206 6720
3883 6721
6722 6722
4475 6723
5752 6724
1723 6725
2873 6726
3802 6727
3819 6728
5023 6729
6012 6730
3349 6731
6762 6732
6336 6733
6454 6734
1205 6735
7264 6736
1097 6737
4827 6738
6704 6739
2342 6740
4889 6741
3902 6742
4135 6743
6744 6744
798 6745
3720 6746
4271 6747
2653 6748
6629 6749
1317 6750
6751 6751
5791 6752
1299 6753
1004 6754
2934 6755
6606 6756
5182 6757
324 6758
6049 6759
2738 6760
3646 6761
6359 6762
1773 6763
5453 6764
1501 6765
2940 6766
3142 6767
5468 6768
3637 6769
5697 6770
2051 6771
309 6772
2282 6773
3649 6774
6614 6775
960 6776
7170 6777
4035 6778
2261 6779
3192 6780
7020 6781
6782 6782
2472 6783
2257 6784
6785 6785
1920 6786
856 6787
7458 6788
6121 6789
3655 6790
128 6791
3195 6792
6861 6793
4593 6794
3527 6795
6521 6796
7358 6797
7034 6798
2047 6799
820 6800
5709 6801
6285 6802
3520 6803
7033 6804
2403 6805
5667 6806
4091 6807
5414 6808
6345 6809
432 6810
7083 6811
4404 6812
91 6813
7236 6814
6815 6815
2999 6816
4167 6817
1915 6818
4211 6819
5426 6820
2175 6821
7415 6822
539 6823
6824 6824
1628 6825
2450 6826
6996 6827
1524 6828
2035 6829
770 6830
5804 6831
2211 6832
5847 6833
1640 6834
617 6835
339 6836
4833 6837
6090 6838
5787 6839
4793 6840
6111 6841
576 6842
5223 6843
7102 6844
63 6845
857 6846
4137 6847
2345 6848
2699 6849
3610 6850
2424 6851
1515 6852
6853 6853
7473 6854
6440 6855
3593 6856
6142 6857
5280 6858
4562 6859
4401 6860
1452 6861
6107 6862
2460 6863
593 6864
2464 6865
1093 6866
6867 6867
6864 6868
4740 6869
4434 6870
1809 6871
1166 6872
1511 6873
6267 6874
5347 6875
2032 6876
1736 6877
3692 6878
5447 6879
6880 6880
994 6881
2222 6882
4586 6883
5047 6884
6790 6885
1084 6886
1797 6887
1934 6888
6583 6889
1749 6890
4276 6891
772 6892
2215 6893
1242 6894
3224 6895
5819 6896
6897 6897
714 6898
5830 6899
3439 6900
1820 6901
6902 6902
5037 6903
6320 6904
3616 6905
4958 6906
4384 6907
5930 6908
5431 6909
4200 6910
691 6911
4760 6912
7209 6913
742 6914
6915 6915
47 6916
6917 6917
3294 6918
1737 6919
6216 6920
5698 6921
2789 6922
6005 6923
6299 6924
4610 6925
1239 6926
914 6927
213 6928
2864 6929
7284 6930
998 6931
2600 6932
7450 6933
2108 6934
3771 6935
751 6936
5412 6937
6252 6938
6153 6939
4257 6940
1683 6941
5204 6942
733 6943
5695 6944
1101 6945
636 6946
16 6947
829 6948
6949 6949
5385 6950
6679 6951
3559 6952
5861 6953
6860 6954
6955 6955
6956 6956
6957 6957
6323 6958
6959 6959
6960 6960
4309 6961
7265 6962
3102 6963
3657 6964
3228 6965
3469 6966
3597 6967
5627 6968
1567 6969
5509 6970
851 6971
715 6972
1513 6973
3509 6974
4851 6975
5434 6976
4808 6977
2031 6978
7491 6979
5902 6980
1196 6981
3340 6982
6983 6983
2505 6984
5272 6985
7313 6986
5352 6987
7279 6988
3933 6989
3038 6990
5169 6991
322 6992
3382 6993
3967 6994
1184 6995
7159 6996
3711 6997
6266 6998
4947 6999
6647 7000
3085 7001
7382 7002
637 7003
495 7004
3053 7005
7006 7006
6941 7007
764 7008
4486 7009
2591 7010
1048 7011
4239 7012
3595 7013
6100 7014
5541 7015
156 7016
7017 7017
191 7018
1602 7019
1134 7020
6820 7021
3375 7022
2625 7023
6215 7024
825 7025
4349 7026
4611 7027
6372 7028
7029 7029
797 7030
4606 7031
6736 7032
6843 7033
3706 7034
2639 7035
396 7036
2982 7037
4359 7038
7194 7039
7040 7040
7041 7041
6422 7042
5678 7043
7280 7044
1565 7045
4854 7046
3670 7047
487 7048
7049 7049
7050 7050
2923 7051
2292 7052
3591 7053
4971 7054
2684 7055
1274 7056
6276 7057
5513 7058
2339 7059
5065 7060
5585 7061
2868 7062
4587 7063
2968 7064
7065 7065
1113 7066
3184 7067
4966 7068
556 7069
1410 7070
3447 7071
1694 7072
7122 7073
6745 7074
6591 7075
7126 7076
4428 7077
6014 7078
4006 7079
7080 7080
6513 7081
6670 7082
5891 7083
3377 7084
607 7085
7132 7086
5762 7087
1356 7088
4003 7089
2447 7090
4789 7091
5700 7092
2029 7093
1674 7094
3937 7095
172 7096
3678 7097
1974 7098
3739 7099
3305 7100
7309 7101
5238 7102
7103 7103
1767 7104
2962 7105
847 7106
4775 7107
224 7108
6000 7109
2520 7110
243 7111
2141 7112
2095 7113
6891 7114
4635 7115
5270 7116
6819 7117
5122 7118
2220 7119
828 7120
4893 7121
4163 7122
5537 7123
3266 7124
1436 7125
6445 7126
289 7127
5532 7128
5699 7129
6473 7130
4219 7131
2168 7132
4191 7133
2631 7134
6347 7135
4254 7136
1091 7137
1715 7138
720 7139
3326 7140
6763 7141
3478 7142
716 7143
1788 7144
160 7145
393 7146
261 7147
6095 7148
6083 7149
836 7150
7349 7151
5154 7152
1417 7153
5012 7154
1981 7155
876 7156
3496 7157
7158 7158
2676 7159
4788 7160
6706 7161
5212 7162
4008 7163
1597 7164
3773 7165
499 7166
4513 7167
4996 7168
29 7169
226 7170
5078 7171
4865 7172
7173 7173
4089 7174
1490 7175
2677 7176
4481 7177
2428 7178
2922 7179
6967 7180
7181 7181
3468 7182
6488 7183
6697 7184
2026 7185
2264 7186
400 7187
1574 7188
565 7189
722 7190
5406 7191
4908 7192
2712 7193
1398 7194
5837 7195
2826 7196
3800 7197
3547 7198
1251 7199
4473 7200
6590 7201
7202 7202
6028 7203
1098 7204
7205 7205
7206 7206
6883 7207
6187 7208
1502 7209
1917 7210
4879 7211
4857 7212
6407 7213
2723 7214
2691 7215
4709 7216
6034 7217
1772 7218
5180 7219
7220 7220
217 7221
1237 7222
2680 7223
2947 7224
5293 7225
6438 7226
4753 7227
6555 7228
5719 7229
5707 7230
1692 7231
2319 7232
6234 7233
564 7234
4892 7235
1559 7236
6006 7237
7238 7238
4532 7239
1149 7240
6669 7241
298 7242
2393 7243
6540 7244
5604 7245
136 7246
5368 7247
4054 7248
6554 7249
6630 7250
384 7251
575 7252
6649 7253
2742 7254
7210 7255
2 7256
6268 7257
4800 7258
4226 7259
4071 7260
7261 7261
1792 7262
3544 7263
2824 7264
1649 7265
5922 7266
3992 7267
5863 7268
1671 7269
7098 7270
4602 7271
6814 7272
6210 7273
3613 7274
1390 7275
5816 7276
5965 7277
6414 7278
5511 7279
2218 7280
6498 7281
7113 7282
332 7283
625 7284
5998 7285
727 7286
4574 7287
5991 7288
6358 7289
7290 7290
6287 7291
4181 7292
7293 7293
6076 7294
7387 7295
389 7296
2925 7297
1092 7298
7470 7299
6298 7300
1435 7301
6050 7302
6351 7303
4068 7304
5948 7305
6976 7306
3151 7307
4115 7308
904 7309
697 7310
4233 7311
301 7312
4381 7313
7314 7314
6713 7315
6436 7316
2293 7317
2207 7318
4818 7319
4651 7320
4419 7321
3799 7322
182 7323
809 7324
7418 7325
7326 7326
7327 7327
882 7328
4193 7329
5523 7330
984 7331
7332 7332
7333 7333
3579 7334
1633 7335
3144 7336
6335 7337
728 7338
7339 7339
3402 7340
2064 7341
2632 7342
6350 7343
2577 7344
6518 7345
1941 7346
5942 7347
7024 7348
4831 7349
5317 7350
6509 7351
4933 7352
3801 7353
3782 7354
4205 7355
5319 7356
6059 7357
5120 7358
3683 7359
7242 7360
6932 7361
7362 7362
3925 7363
645 7364
1657 7365
5560 7366
3314 7367
4356 7368
3370 7369
4293 7370
1280 7371
732 7372
746 7373
4630 7374
295 7375
538 7376
1945 7377
5539 7378
13 7379
2484 7380
506 7381
1137 7382
7383 7383
4126 7384
1804 7385
4177 7386
4064 7387
3863 7388
4178 7389
2358 7390
895 7391
7348 7392
4297 7393
6063 7394
865 7395
5416 7396
4743 7397
703 7398
3884 7399
1125 7400
6899 7401
5456 7402
129 7403
5730 7404
6322 7405
6384 7406
7305 7407
2629 7408
6 7409
3866 7410
4147 7411
7380 7412
6975 7413
5856 7414
5842 7415
795 7416
464 7417
6672 7418
4597 7419
5536 7420
4121 7421
4324 7422
462 7423
3880 7424
6740 7425
5680 7426
3172 7427
4547 7428
6293 7429
6421 7430
5082 7431
3254 7432
2401 7433
4527 7434
819 7435
2857 7436
7437 7437
6564 7438
5672 7439
5086 7440
2361 7441
4940 7442
5312 7443
6675 7444
3585 7445
5502 7446
1552 7447
1463 7448
664 7449
4168 7450
5157 7451
5527 7452
2126 7453
4658 7454
1726 7455
4073 7456
7482 7457
6088 7458
7459 7459
2853 7460
2111 7461
6519 7462
3303 7463
7464 7464
6264 7465
4038 7466
7448 7467
433 7468
473 7469
5377 7470
3723 7471
6057 7472
7075 7473
5438 7474
30 7475
3299 7476
7477 7477
7254 7478
4476 7479
6061 7480
4154 7481
5908 7482
287 7483
6895 7484
5208 7485
4100 7486
6574 7487
7351 7488
2199 7489
781 7490
1171 7491
7492 7492
7493 7493
3519 7494
5870 7495
2166 7496
37 7497
2945 7498
1443 7499
3446 7500
