2662 1
4533 2
2985 3
981 4
8734 5
9545 6
4949 7
6174 8
7834 9
2388 10
7234 11
9840 12
5014 13
6841 14
15 15
2909 16
17 17
461 18
199 19
878 20
1476 21
3765 22
2462 23
8532 24
25 25
3021 26
4009 27
3242 28
4233 29
7105 30
4488 31
1425 32
453 33
9987 34
4849 35
7546 36
682 37
1940 38
8732 39
8907 40
3472 41
42 42
8614 43
2351 44
5751 45
5190 46
271 47
7998 48
49 49
7172 50
8342 51
9434 52
1182 53
5454 54
4990 55
6360 56
7060 57
7378 58
5330 59
60 60
5903 61
9489 62
6892 63
1988 64
5433 65
2686 66
67 67
6938 68
3130 69
2159 70
7228 71
7712 72
4147 73
920 74
7268 75
3414 76
8879 77
4883 78
8837 79
1473 80
8596 81
8385 82
5602 83
8850 84
4313 85
5514 86
7339 87
88 88
9065 89
6777 90
4998 91
6409 92
4391 93
5589 94
6734 95
5569 96
7755 97
7642 98
2418 99
3923 100
3565 101
1785 102
9839 103
1341 104
4784 105
9295 106
4027 107
2033 108
4920 109
8938 110
2934 111
8055 112
578 113
114 114
9700 115
3297 116
8247 117
3308 118
1711 119
5231 120
4560 121
9108 122
7926 123
5204 124
4585 125
9024 126
579 127
6347 128
8783 129
4269 130
131 131
4237 132
8042 133
8730 134
1164 135
8712 136
162 137
5562 138
9749 139
9911 140
3259 141
9478 142
3998 143
5911 144
703 145
3846 146
2052 147
2364 148
1104 149
9518 150
151 151
6647 152
631 153
4760 154
7414 155
142 156
157 157
4405 158
394 159
7507 160
3804 161
9721 162
1678 163
2583 164
7243 165
8542 166
5243 167
3524 168
5320 169
9602 170
9508 171
870 172
800 173
8780 174
507 175
117 176
2752 177
4901 178
179 179
5672 180
3620 181
8208 182
2018 183
8212 184
6749 185
2570 186
4710 187
1999 188
189 189
190 190
3400 191
192 192
7762 193
1822 194
8508 195
5263 196
5441 197
198 198
1179 199
8836 200
8919 201
3502 202
5777 203
1715 204
2843 205
6189 206
3632 207
5681 208
1924 209
292 210
2953 211
7226 212
7042 213
8832 214
6436 215
1572 216
217 217
4096 218
4235 219
1849 220
5070 221
7569 222
5896 223
224 224
9219 225
3059 226
4467 227
228 228
359 229
230 230
5364 231
3068 232
9105 233
234 234
235 235
5439 236
496 237
2452 238
8298 239
2572 240
8434 241
9886 242
4280 243
2155 244
719 245
7225 246
3862 247
248 248
5363 249
6341 250
9995 251
9982 252
646 253
75 254
171 255
3089 256
257 257
4607 258
9196 259
8021 260
5581 261
262 262
6833 263
1941 264
493 265
4753 266
267 267
2714 268
2223 269
7496 270
7474 271
3980 272
4735 273
2576 274
8204 275
1749 276
4136 277
655 278
5300 279
2618 280
8964 281
8165 282
283 283
4641 284
6431 285
7357 286
6119 287
9098 288
6940 289
7678 290
9418 291
1465 292
718 293
349 294
1696 295
7376 296
297 297
298 298
299 299
3752 300
5333 301
6899 302
2276 303
9792 304
4019 305
6625 306
5997 307
9053 308
4899 309
1570 310
3856 311
6935 312
9345 313
7011 314
315 315
659 316
7647 317
951 318
9732 319
6447 320
6721 321
6512 322
3325 323
1216 324
325 325
4412 326
9888 327
3975 328
3911 329
7218 330
331 331
3321 332
333 333
6918 334
272 335
9404 336
5117 337
338 338
339 339
5902 340
5086 341
6334 342
7898 343
1435 344
9741 345
346 346
347 347
3305 348
3097 349
9604 350
1781 351
352 352
5050 353
670 354
9329 355
356 356
357 357
939 358
3656 359
6798 360
2543 361
7801 362
5665 363
645 364
762 365
122 366
5797 367
4520 368
8973 369
1624 370
371 371
4279 372
9809 373
8017 374
375 375
3919 376
377 377
378 378
379 379
380 380
1432 381
8454 382
383 383
9908 384
5538 385
1053 386
387 387
388 388
6397 389
4723 390
4609 391
7081 392
1019 393
5406 394
9644 395
4127 396
516 397
398 398
399 399
1090 400
9339 401
8506 402
1983 403
657 404
8569 405
1253 406
6842 407
7485 408
4846 409
5414 410
5062 411
7179 412
7080 413
7405 414
3329 415
4614 416
417 417
4584 418
4507 419
5297 420
4180 421
422 422
3333 423
8374 424
4915 425
5294 426
4463 427
5185 428
8682 429
2660 430
431 431
8376 432
8173 433
1091 434
9486 435
436 436
8643 437
2154 438
439 439
57 440
6349 441
6645 442
2394 443
444 444
1767 445
8501 446
2083 447
2164 448
3626 449
5842 450
8189 451
7033 452
5197 453
9114 454
6301 455
1826 456
8936 457
458 458
5984 459
7707 460
4273 461
5042 462
3905 463
1312 464
6274 465
7064 466
4449 467
468 468
7729 469
864 470
5795 471
472 472
95 473
6760 474
7561 475
7540 476
6231 477
7115 478
8922 479
4000 480
7319 481
4992 482
1910 483
484 484
7014 485
7670 486
487 487
8151 488
4132 489
490 490
3235 491
430 492
1801 493
4211 494
163 495
2447 496
6125 497
1200 498
5691 499
8590 500
1014 501
1265 502
905 503
504 504
437 505
843 506
3296 507
572 508
509 509
510 510
2249 511
512 512
5047 513
3710 514
8494 515
7040 516
517 517
1608 518
1777 519
2903 520
296 521
5398 522
1443 523
3535 524
525 525
7544 526
5387 527
6958 528
8304 529
2037 530
1356 531
821 532
8999 533
2847 534
6330 535
4250 536
4491 537
5061 538
1562 539
6389 540
5493 541
6696 542
2453 543
368 544
6902 545
4423 546
5143 547
9410 548
7261 549
9785 550
4343 551
4216 552
1712 553
111 554
4618 555
9388 556
9780 557
1649 558
5811 559
8029 560
7803 561
2555 562
3993 563
564 564
6218 565
2977 566
567 567
8841 568
8257 569
5245 570
571 571
3433 572
6605 573
805 574
869 575
8280 576
577 577
3352 578
4682 579
8387 580
343 581
6717 582
583 583
1621 584
8345 585
2106 586
4254 587
4242 588
4530 589
551 590
9144 591
592 592
9708 593
1506 594
686 595
9789 596
8875 597
598 598
5565 599
421 600
601 601
1635 602
1659 603
6513 604
9085 605
5657 606
9054 607
6041 608
3476 609
2782 610
1560 611
5275 612
9967 613
614 614
615 615
9205 616
6144 617
3194 618
619 619
4130 620
5273 621
8273 622
7325 623
8334 624
2116 625
1520 626
4434 627
2161 628
7789 629
9397 630
6854 631
6976 632
633 633
8579 634
5172 635
7012 636
637 637
4031 638
3872 639
5492 640
796 641
4198 642
1158 643
9375 644
5826 645
6293 646
8432 647
746 648
649 649
5704 650
4427 651
3703 652
3983 653
9549 654
5809 655
2110 656
6995 657
658 658
2974 659
9910 660
661 661
1326 662
8384 663
4776 664
1093 665
8713 666
1449 667
3771 668
2269 669
4546 670
4482 671
4244 672
1421 673
5476 674
1627 675
1615 676
4855 677
1037 678
7013 679
9536 680
8711 681
7550 682
9899 683
354 684
4048 685
595 686
687 687
6172 688
6379 689
1584 690
7839 691
2932 692
693 693
1281 694
4587 695
7660 696
7858 697
5599 698
4724 699
700 700
2001 701
7811 702
9344 703
8663 704
1839 705
2125 706
707 707
3700 708
4687 709
3593 710
6595 711
8105 712
4122 713
4789 714
1340 715
3223 716
7188 717
1677 718
3520 719
8079 720
3762 721
722 722
3009 723
724 724
2774 725
726 726
475 727
3763 728
4432 729
1114 730
1172 731
1034 732
733 733
8034 734
735 735
736 736
2045 737
3195 738
8479 739
8030 740
9127 741
8207 742
6507 743
7224 744
745 745
4816 746
5039 747
1931 748
1858 749
282 750
3344 751
752 752
753 753
754 754
755 755
5029 756
454 757
2817 758
4189 759
760 760
761 761
2419 762
6835 763
4659 764
8881 765
7568 766
5366 767
438 768
3238 769
4465 770
9338 771
4598 772
2266 773
7122 774
5189 775
2354 776
7919 777
7967 778
779 779
9123 780
6224 781
9001 782
9140 783
9814 784
3562 785
9398 786
912 787
788 788
1334 789
7676 790
3276 791
3719 792
9777 793
3611 794
6401 795
1539 796
8759 797
9481 798
5598 799
8448 800
5262 801
6660 802
3281 803
7345 804
574 805
6823 806
3008 807
808 808
6470 809
2486 810
5434 811
1806 812
813 813
353 814
5929 815
3163 816
817 817
818 818
5847 819
8926 820
4817 821
822 822
823 823
1313 824
2681 825
2051 826
9246 827
6307 828
9801 829
5576 830
4878 831
2559 832
9610 833
93 834
2171 835
836 836
6280 837
8372 838
5544 839
840 840
841 841
842 842
1112 843
474 844
2539 845
846 846
1036 847
5816 848
4145 849
6709 850
8942 851
9722 852
4506 853
4579 854
4220 855
945 856
5392 857
4773 858
764 859
6967 860
7807 861
862 862
863 863
9558 864
5344 865
9929 866
5521 867
9324 868
9746 869
8585 870
2238 871
8576 872
8517 873
874 874
9316 875
5818 876
6993 877
9776 878
7102 879
7884 880
1792 881
882 882
9335 883
7068 884
4676 885
886 886
3579 887
5205 888
8397 889
4166 890
8826 891
9915 892
4400 893
9664 894
895 895
3808 896
925 897
3304 898
8251 899
900 900
8289 901
5804 902
6367 903
4924 904
89 905
441 906
3939 907
5220 908
7518 909
7061 910
4221 911
232 912
1071 913
6175 914
9557 915
7680 916
8100 917
2209 918
6528 919
617 920
921 921
7193 922
8640 923
4660 924
1055 925
6632 926
5045 927
928 928
2885 929
7833 930
3142 931
9169 932
933 933
5054 934
935 935
8592 936
937 937
5339 938
6740 939
8791 940
2316 941
4473 942
943 943
2635 944
8587 945
946 946
2262 947
7954 948
949 949
950 950
7230 951
4938 952
953 953
302 954
955 955
9937 956
5488 957
855 958
4478 959
6013 960
7587 961
962 962
963 963
964 964
5533 965
8344 966
9236 967
4406 968
9560 969
7292 970
3914 971
5901 972
973 973
1447 974
2443 975
901 976
7639 977
4678 978
6529 979
531 980
5478 981
6151 982
1057 983
879 984
9788 985
7264 986
7653 987
524 988
4332 989
6163 990
3618 991
6402 992
880 993
6608 994
995 995
4146 996
1078 997
3982 998
999 999
4206 1000
5695 1001
7656 1002
8951 1003
9438 1004
7535 1005
2087 1006
5332 1007
8993 1008
2204 1009
8848 1010
8286 1011
3906 1012
7143 1013
5486 1014
1008 1015
7733 1016
7214 1017
2742 1018
3569 1019
9272 1020
8337 1021
6016 1022
4811 1023
5938 1024
8317 1025
9201 1026
7806 1027
5055 1028
6555 1029
4214 1030
140 1031
35 1032
1643 1033
5985 1034
8821 1035
3648 1036
9817 1037
8716 1038
1547 1039
1040 1040
109 1041
4005 1042
6350 1043
8379 1044
8351 1045
4527 1046
8913 1047
3270 1048
5721 1049
5916 1050
6779 1051
229 1052
6385 1053
532 1054
9953 1055
6657 1056
6247 1057
3138 1058
1126 1059
1944 1060
1969 1061
3652 1062
4519 1063
1064 1064
2101 1065
1802 1066
9036 1067
6264 1068
8746 1069
1243 1070
2150 1071
7094 1072
1912 1073
8117 1074
4051 1075
6955 1076
2488 1077
6773 1078
1079 1079
4594 1080
1081 1081
2422 1082
6058 1083
6421 1084
2919 1085
8649 1086
3665 1087
2080 1088
6615 1089
588 1090
5839 1091
6479 1092
9994 1093
7717 1094
335 1095
1096 1096
6357 1097
2687 1098
9303 1099
5495 1100
1101 1101
6235 1102
1103 1103
5225 1104
5380 1105
6408 1106
6996 1107
3161 1108
1109 1109
1110 1110
4403 1111
8088 1112
2929 1113
4143 1114
9715 1115
5978 1116
2374 1117
642 1118
2498 1119
1120 1120
9213 1121
9525 1122
9262 1123
727 1124
2304 1125
6839 1126
7855 1127
2472 1128
3591 1129
5688 1130
249 1131
3967 1132
3517 1133
9395 1134
9625 1135
7256 1136
187 1137
4762 1138
5120 1139
1463 1140
8908 1141
2055 1142
2895 1143
2004 1144
3609 1145
1832 1146
6583 1147
6731 1148
7654 1149
810 1150
1080 1151
3851 1152
7537 1153
5834 1154
6108 1155
5130 1156
4303 1157
8946 1158
2892 1159
8179 1160
1161 1161
6710 1162
2221 1163
8968 1164
6332 1165
1614 1166
8092 1167
1168 1168
1169 1169
1170 1170
5383 1171
5597 1172
1173 1173
7604 1174
5512 1175
906 1176
2951 1177
1178 1178
6510 1179
602 1180
1671 1181
4398 1182
6575 1183
2800 1184
5516 1185
402 1186
4588 1187
3556 1188
1189 1189
3571 1190
7154 1191
1192 1192
7813 1193
1194 1194
9975 1195
6713 1196
1021 1197
4360 1198
4171 1199
2331 1200
5799 1201
4304 1202
1879 1203
9031 1204
4794 1205
1398 1206
412 1207
6686 1208
9023 1209
4023 1210
1211 1211
5218 1212
6826 1213
3275 1214
4581 1215
5134 1216
6552 1217
2437 1218
1251 1219
1652 1220
1221 1221
1002 1222
104 1223
7099 1224
5898 1225
1226 1226
684 1227
6804 1228
9567 1229
3249 1230
6674 1231
1232 1232
2466 1233
4367 1234
2239 1235
2663 1236
4309 1237
944 1238
868 1239
4652 1240
1235 1241
8505 1242
7608 1243
1244 1244
7108 1245
6726 1246
3471 1247
4672 1248
8138 1249
4800 1250
9453 1251
1252 1252
406 1253
2523 1254
6110 1255
5195 1256
9202 1257
6222 1258
5041 1259
8471 1260
6414 1261
5455 1262
3721 1263
6971 1264
5331 1265
3324 1266
7746 1267
8691 1268
319 1269
5051 1270
758 1271
1746 1272
2302 1273
4531 1274
3112 1275
1276 1276
1207 1277
6936 1278
3174 1279
3108 1280
3287 1281
6309 1282
220 1283
4933 1284
5385 1285
7118 1286
1287 1287
3222 1288
2607 1289
6318 1290
1043 1291
4985 1292
1293 1293
5094 1294
4897 1295
4348 1296
6442 1297
1298 1298
4832 1299
1300 1300
1383 1301
9012 1302
9110 1303
1304 1304
5682 1305
5518 1306
5075 1307
1308 1308
7308 1309
9951 1310
1311 1311
3264 1312
824 1313
1778 1314
3233 1315
1316 1316
3777 1317
5200 1318
768 1319
1320 1320
8111 1321
4955 1322
890 1323
6874 1324
7779 1325
662 1326
1353 1327
6941 1328
146 1329
4203 1330
6800 1331
2179 1332
7161 1333
3734 1334
8742 1335
2184 1336
2551 1337
1338 1338
6868 1339
765 1340
7231 1341
1342 1342
5574 1343
1344 1344
1345 1345
2081 1346
1347 1347
8396 1348
3860 1349
44 1350
1889 1351
8338 1352
2743 1353
281 1354
1355 1355
7669 1356
6742 1357
7445 1358
1359 1359
11 1360
4680 1361
7266 1362
2371 1363
6942 1364
4972 1365
7039 1366
1367 1367
6548 1368
4814 1369
1370 1370
5572 1371
1372 1372
5925 1373
1010 1374
8244 1375
8595 1376
9672 1377
1633 1378
1379 1379
8775 1380
8159 1381
1382 1382
7187 1383
6810 1384
6006 1385
4961 1386
6949 1387
3578 1388
889 1389
9513 1390
500 1391
6613 1392
2823 1393
6574 1394
2435 1395
5655 1396
2751 1397
3063 1398
4745 1399
1400 1400
2219 1401
3974 1402
9991 1403
1404 1404
9909 1405
8403 1406
2057 1407
8941 1408
1409 1409
8011 1410
3109 1411
3326 1412
1997 1413
4095 1414
8420 1415
5292 1416
5085 1417
7889 1418
9080 1419
2348 1420
8279 1421
3048 1422
1423 1423
529 1424
6103 1425
5023 1426
7946 1427
1428 1428
7390 1429
5256 1430
1431 1431
5012 1432
4514 1433
4904 1434
9806 1435
4429 1436
1437 1437
3364 1438
2407 1439
1440 1440
6689 1441
1442 1442
9042 1443
1444 1444
6085 1445
5857 1446
4356 1447
6117 1448
3351 1449
5069 1450
7120 1451
7812 1452
3134 1453
3560 1454
7840 1455
1456 1456
1227 1457
569 1458
5111 1459
8637 1460
6569 1461
7857 1462
4716 1463
1196 1464
1314 1465
6663 1466
5451 1467
6002 1468
5667 1469
9764 1470
8679 1471
3216 1472
5865 1473
1474 1474
4982 1475
9420 1476
5934 1477
9228 1478
4008 1479
1480 1480
8785 1481
5209 1482
605 1483
4288 1484
1331 1485
3377 1486
978 1487
6126 1488
8867 1489
5115 1490
2263 1491
1193 1492
3821 1493
1494 1494
9471 1495
2282 1496
4589 1497
5802 1498
6208 1499
5858 1500
6714 1501
1502 1502
8423 1503
897 1504
7566 1505
8225 1506
7379 1507
364 1508
8390 1509
1510 1510
8050 1511
8641 1512
5106 1513
1945 1514
9238 1515
9832 1516
1052 1517
3964 1518
5679 1519
3028 1520
4010 1521
1522 1522
1523 1523
5872 1524
9503 1525
1526 1526
6228 1527
1528 1528
8670 1529
4696 1530
3674 1531
1532 1532
8701 1533
2476 1534
2299 1535
5260 1536
626 1537
782 1538
9992 1539
2964 1540
9846 1541
4272 1542
5241 1543
2573 1544
9766 1545
6910 1546
9968 1547
7289 1548
9072 1549
8767 1550
8885 1551
7634 1552
8292 1553
3000 1554
4778 1555
9150 1556
8923 1557
7147 1558
5580 1559
5891 1560
716 1561
911 1562
5184 1563
9556 1564
1565 1565
70 1566
1567 1567
1568 1568
2062 1569
321 1570
1571 1571
184 1572
5841 1573
5785 1574
3118 1575
4046 1576
1577 1577
1992 1578
2963 1579
5951 1580
1099 1581
9973 1582
3938 1583
4191 1584
7861 1585
2288 1586
6921 1587
8656 1588
6763 1589
5022 1590
1591 1591
2715 1592
8896 1593
7958 1594
7216 1595
5259 1596
3945 1597
892 1598
4843 1599
4988 1600
3554 1601
7252 1602
2054 1603
3323 1604
8087 1605
5677 1606
9010 1607
1953 1608
5160 1609
1610 1610
1599 1611
9390 1612
1613 1613
9035 1614
533 1615
4436 1616
5020 1617
730 1618
1556 1619
8982 1620
1000 1621
2344 1622
134 1623
6337 1624
6973 1625
6799 1626
3412 1627
2198 1628
3990 1629
3636 1630
1631 1631
4630 1632
3478 1633
1495 1634
8245 1635
9571 1636
2212 1637
8058 1638
1639 1639
4523 1640
9582 1641
1642 1642
4451 1643
9006 1644
4318 1645
7683 1646
7194 1647
2121 1648
7262 1649
6370 1650
2458 1651
31 1652
8911 1653
7419 1654
6088 1655
2669 1656
3981 1657
8714 1658
3658 1659
4034 1660
1039 1661
6095 1662
1693 1663
5586 1664
6917 1665
4867 1666
390 1667
7498 1668
1241 1669
2569 1670
9635 1671
9218 1672
6732 1673
1674 1674
9546 1675
8846 1676
6930 1677
495 1678
6446 1679
783 1680
384 1681
1682 1682
6821 1683
8869 1684
4222 1685
1978 1686
1687 1687
5335 1688
4380 1689
6045 1690
4994 1691
274 1692
616 1693
8797 1694
4822 1695
785 1696
4039 1697
6473 1698
3776 1699
7052 1700
1500 1701
4563 1702
9952 1703
1704 1704
6764 1705
518 1706
5734 1707
8006 1708
3991 1709
8914 1710
5663 1711
7385 1712
6698 1713
2177 1714
678 1715
1716 1716
167 1717
1718 1718
3477 1719
1720 1720
1721 1721
2513 1722
1723 1723
741 1724
5442 1725
4504 1726
2335 1727
9086 1728
8599 1729
4321 1730
4628 1731
6121 1732
1733 1733
1734 1734
3613 1735
5895 1736
6781 1737
4586 1738
1739 1739
246 1740
5926 1741
2353 1742
1258 1743
1573 1744
2456 1745
1149 1746
348 1747
3512 1748
1029 1749
1750 1750
6496 1751
652 1752
8141 1753
8952 1754
1755 1755
4707 1756
8769 1757
4133 1758
1759 1759
7343 1760
1761 1761
1762 1762
5933 1763
6771 1764
6098 1765
6465 1766
445 1767
9850 1768
105 1769
1559 1770
9100 1771
4769 1772
6959 1773
9033 1774
5724 1775
7205 1776
1937 1777
1065 1778
3642 1779
8319 1780
4037 1781
7223 1782
5880 1783
1218 1784
1603 1785
9772 1786
4453 1787
8134 1788
9125 1789
1790 1790
992 1791
1167 1792
1498 1793
9447 1794
7681 1795
6998 1796
1414 1797
2870 1798
4457 1799
1800 1800
5686 1801
2330 1802
1611 1803
6633 1804
443 1805
2058 1806
1902 1807
3735 1808
4011 1809
867 1810
1811 1811
1205 1812
3345 1813
143 1814
3685 1815
9354 1816
1817 1817
2065 1818
1819 1819
1328 1820
4911 1821
597 1822
1823 1823
9981 1824
5600 1825
7356 1826
1827 1827
1208 1828
4620 1829
3622 1830
8632 1831
543 1832
1833 1833
2916 1834
2549 1835
4071 1836
8318 1837
1838 1838
2636 1839
8611 1840
3823 1841
5528 1842
5547 1843
9836 1844
1971 1845
391 1846
6216 1847
9227 1848
1085 1849
1850 1850
5214 1851
4492 1852
6782 1853
5154 1854
1855 1855
1856 1856
7785 1857
2044 1858
1859 1859
8840 1860
1166 1861
5242 1862
7275 1863
1574 1864
1865 1865
5274 1866
5078 1867
1868 1868
5246 1869
5881 1870
9515 1871
1717 1872
2873 1873
6728 1874
2920 1875
2516 1876
53 1877
5149 1878
43 1879
6322 1880
3001 1881
1882 1882
1645 1883
7185 1884
6656 1885
4387 1886
8584 1887
2557 1888
9451 1889
582 1890
9829 1891
940 1892
2647 1893
3881 1894
2028 1895
1916 1896
1897 1897
8503 1898
835 1899
5517 1900
9174 1901
4329 1902
1903 1903
233 1904
2692 1905
7547 1906
9810 1907
1908 1908
1086 1909
5125 1910
1911 1911
7467 1912
1479 1913
7282 1914
2229 1915
3101 1916
4815 1917
3467 1918
6321 1919
2794 1920
1921 1921
4484 1922
9671 1923
4980 1924
2317 1925
64 1926
2192 1927
1928 1928
1929 1929
3232 1930
7943 1931
894 1932
6580 1933
9351 1934
7672 1935
6405 1936
6333 1937
6505 1938
1939 1939
9177 1940
1744 1941
1700 1942
5002 1943
9396 1944
5601 1945
1946 1946
3751 1947
9682 1948
7699 1949
4958 1950
6850 1951
8263 1952
7111 1953
1954 1954
3382 1955
59 1956
5084 1957
9611 1958
3485 1959
2319 1960
1453 1961
3646 1962
5529 1963
8285 1964
9103 1965
1966 1966
8216 1967
3942 1968
6166 1969
7865 1970
5764 1971
8899 1972
2137 1973
6484 1974
4389 1975
1976 1976
6792 1977
5381 1978
1979 1979
1980 1980
3709 1981
5360 1982
9820 1983
6544 1984
5843 1985
3678 1986
8169 1987
476 1988
8270 1989
442 1990
2726 1991
6516 1992
7142 1993
1994 1994
1995 1995
1203 1996
1343 1997
2105 1998
4954 1999
9281 2000
4526 2001
5005 2002
2108 2003
8774 2004
988 2005
8023 2006
3647 2007
9539 2008
2009 2009
1697 2010
7477 2011
1805 2012
2041 2013
427 2014
7023 2015
589 2016
2362 2017
4510 2018
4850 2019
4410 2020
8272 2021
2022 2022
3909 2023
8687 2024
6945 2025
8659 2026
2027 2027
1408 2028
5323 2029
4939 2030
241 2031
8002 2032
3748 2033
6352 2034
7387 2035
9425 2036
9876 2037
6312 2038
5191 2039
8328 2040
3041 2041
6549 2042
7521 2043
8607 2044
5286 2045
3999 2046
699 2047
3411 2048
6578 2049
2050 2050
9933 2051
5267 2052
4066 2053
5965 2054
8076 2055
9595 2056
5158 2057
287 2058
2059 2059
2952 2060
5971 2061
397 2062
2063 2063
8470 2064
1845 2065
2779 2066
6503 2067
3790 2068
2069 2069
5137 2070
4543 2071
7084 2072
6187 2073
2074 2074
2075 2075
4448 2076
2077 2077
1427 2078
6090 2079
7166 2080
7690 2081
7323 2082
6997 2083
7246 2084
2815 2085
4823 2086
1713 2087
8622 2088
314 2089
1321 2090
2091 2091
2092 2092
1818 2093
2822 2094
1691 2095
9189 2096
7820 2097
4181 2098
3943 2099
2100 2100
9419 2101
6127 2102
9825 2103
9165 2104
6233 2105
828 2106
2566 2107
7342 2108
2461 2109
7605 2110
2680 2111
2112 2112
2113 2113
4638 2114
492 2115
4675 2116
608 2117
2118 2118
5848 2119
697 2120
9821 2121
8054 2122
893 2123
1358 2124
6562 2125
2126 2126
322 2127
6866 2128
2129 2129
3673 2130
9609 2131
2132 2132
9744 2133
1747 2134
2135 2135
1990 2136
8901 2137
1426 2138
4142 2139
5447 2140
9663 2141
2142 2142
6621 2143
8115 2144
2775 2145
1250 2146
5210 2147
5223 2148
6606 2149
5673 2150
1857 2151
8306 2152
9696 2153
3240 2154
9853 2155
3929 2156
478 2157
781 2158
3859 2159
8282 2160
4290 2161
4341 2162
7640 2163
448 2164
6602 2165
2166 2166
4370 2167
899 2168
2242 2169
2170 2170
1206 2171
8747 2172
8299 2173
7886 2174
4750 2175
2230 2176
6648 2177
5883 2178
3336 2179
4082 2180
9675 2181
226 2182
5357 2183
1452 2184
2185 2185
1005 2186
6983 2187
2632 2188
8358 2189
669 2190
6858 2191
8918 2192
515 2193
2194 2194
2195 2195
5142 2196
8255 2197
1288 2198
7501 2199
5710 2200
8313 2201
2202 2202
2203 2203
3968 2204
2205 2205
2206 2206
5388 2207
9318 2208
7592 2209
576 2210
4231 2211
8320 2212
8170 2213
2214 2214
7539 2215
5293 2216
4369 2217
8883 2218
4101 2219
2220 2220
6486 2221
9195 2222
8526 2223
9208 2224
2225 2225
9367 2226
549 2227
2228 2228
1151 2229
6872 2230
2231 2231
2073 2232
6770 2233
3145 2234
6244 2235
29 2236
2395 2237
6504 2238
6708 2239
3226 2240
6283 2241
4742 2242
5770 2243
3889 2244
1249 2245
2246 2246
834 2247
8168 2248
2375 2249
5676 2250
4433 2251
7664 2252
1136 2253
2254 2254
2729 2255
6112 2256
9733 2257
9092 2258
2259 2259
161 2260
6263 2261
7668 2262
3309 2263
5739 2264
2265 2265
3972 2266
222 2267
4545 2268
3854 2269
2270 2270
1743 2271
4673 2272
6634 2273
5170 2274
5643 2275
8429 2276
8706 2277
681 2278
6852 2279
1837 2280
1038 2281
930 2282
2961 2283
737 2284
2537 2285
6520 2286
884 2287
9305 2288
9860 2289
6581 2290
7846 2291
9394 2292
8283 2293
2250 2294
2295 2295
6655 2296
8036 2297
2298 2298
4393 2299
4107 2300
7892 2301
5431 2302
2303 2303
9510 2304
4212 2305
2306 2306
2307 2307
1267 2308
2309 2309
7949 2310
1698 2311
1030 2312
3898 2313
5532 2314
9807 2315
4831 2316
5103 2317
3716 2318
5460 2319
4114 2320
7479 2321
5088 2322
2323 2323
6092 2324
2325 2325
4851 2326
4218 2327
268 2328
336 2329
1395 2330
2741 2331
5006 2332
2333 2333
9437 2334
1864 2335
9021 2336
6055 2337
2338 2338
8297 2339
376 2340
9711 2341
6400 2342
9920 2343
7911 2344
6102 2345
7047 2346
9022 2347
5771 2348
4731 2349
3171 2350
68 2351
2352 2352
9759 2353
7637 2354
1853 2355
9588 2356
4861 2357
1787 2358
2359 2359
7406 2360
7229 2361
2043 2362
2420 2363
429 2364
6027 2365
2366 2366
2367 2367
7162 2368
2186 2369
3237 2370
2746 2371
2372 2372
3486 2373
7007 2374
8218 2375
8241 2376
4461 2377
2378 2378
8624 2379
653 2380
2381 2381
3884 2382
1807 2383
4651 2384
3127 2385
4670 2386
4790 2387
5583 2388
7752 2389
3095 2390
58 2391
1885 2392
2393 2393
3687 2394
185 2395
7058 2396
2099 2397
7907 2398
4116 2399
9016 2400
996 2401
8863 2402
7749 2403
2528 2404
2544 2405
137 2406
1439 2407
5458 2408
5211 2409
2410 2410
3893 2411
2412 2412
2413 2413
993 2414
1387 2415
2828 2416
4230 2417
6450 2418
1588 2419
7555 2420
539 2421
9005 2422
7054 2423
9389 2424
8758 2425
3248 2426
4956 2427
750 2428
2429 2429
6396 2430
2431 2431
2432 2432
7825 2433
7904 2434
7285 2435
2436 2436
7207 2437
1146 2438
3119 2439
9705 2440
1363 2441
5579 2442
1960 2443
4810 2444
8537 2445
2446 2446
237 2447
6494 2448
8339 2449
1017 2450
7020 2451
6186 2452
3793 2453
7055 2454
9445 2455
1068 2456
723 2457
2196 2458
7253 2459
2460 2460
3298 2461
8892 2462
3421 2463
2464 2464
6259 2465
3973 2466
9440 2467
7918 2468
732 2469
977 2470
4124 2471
1128 2472
3025 2473
2474 2474
3441 2475
6807 2476
2945 2477
6065 2478
1332 2479
847 2480
6676 2481
2482 2482
4338 2483
2484 2484
1786 2485
2088 2486
5868 2487
6284 2488
4565 2489
1809 2490
8628 2491
3877 2492
2258 2493
2494 2494
3638 2495
2496 2496
4312 2497
1117 2498
2744 2499
6638 2500
2501 2501
6256 2502
4305 2503
5219 2504
8096 2505
3803 2506
6168 2507
690 2508
5829 2509
2525 2510
2511 2511
5053 2512
6152 2513
5863 2514
8981 2515
852 2516
9555 2517
6853 2518
3521 2519
5253 2520
2521 2521
8481 2522
3629 2523
2524 2524
123 2525
3094 2526
2026 2527
3388 2528
9627 2529
7159 2530
2145 2531
316 2532
2533 2533
1033 2534
804 2535
3730 2536
9115 2537
4487 2538
1814 2539
4140 2540
3757 2541
2542 2542
5376 2543
8327 2544
2545 2545
6780 2546
2547 2547
8829 2548
345 2549
3136 2550
4926 2551
2552 2552
2553 2553
2554 2554
4986 2555
9400 2556
7631 2557
555 2558
9551 2559
5258 2560
8792 2561
2562 2562
6391 2563
1703 2564
5749 2565
2917 2566
4029 2567
4353 2568
5859 2569
8954 2570
2571 2571
118 2572
8412 2573
4354 2574
3749 2575
3283 2576
8301 2577
2060 2578
1125 2579
3843 2580
2581 2581
6305 2582
164 2583
731 2584
2529 2585
2586 2586
4727 2587
285 2588
1773 2589
400 2590
415 2591
1701 2592
8294 2593
7431 2594
2595 2595
6188 2596
7786 2597
8186 2598
2599 2599
4120 2600
2899 2601
6482 2602
2603 2603
3950 2604
3143 2605
7438 2606
6492 2607
2918 2608
2609 2609
5135 2610
73 2611
9755 2612
221 2613
9633 2614
6992 2615
9063 2616
450 2617
3580 2618
2711 2619
3630 2620
5497 2621
5854 2622
2623 2623
2624 2624
671 2625
1840 2626
2627 2627
2949 2628
6251 2629
2630 2630
9399 2631
2682 2632
8136 2633
9132 2634
3589 2635
759 2636
8771 2637
6658 2638
7031 2639
2089 2640
2641 2641
9500 2642
2643 2643
6104 2644
8451 2645
4763 2646
6707 2647
5850 2648
2178 2649
2650 2650
9716 2651
2652 2652
6654 2653
6809 2654
4617 2655
2656 2656
4118 2657
4084 2658
5328 2659
2998 2660
2661 2661
8418 2662
2880 2663
9643 2664
16 2665
819 2666
4544 2667
7384 2668
9723 2669
6836 2670
2671 2671
80 2672
3497 2673
3559 2674
9693 2675
5340 2676
9928 2677
168 2678
8235 2679
3834 2680
1872 2681
6130 2682
9553 2683
2579 2684
2685 2685
2941 2686
5606 2687
3069 2688
2990 2689
6490 2690
3576 2691
2874 2692
2326 2693
6475 2694
2695 2695
4819 2696
5201 2697
3827 2698
4153 2699
7169 2700
7074 2701
3568 2702
6984 2703
5611 2704
1263 2705
1238 2706
7853 2707
5345 2708
1607 2709
193 2710
3066 2711
2712 2712
1673 2713
1658 2714
9027 2715
3185 2716
9775 2717
3953 2718
2234 2719
2390 2720
3713 2721
5886 2722
4759 2723
8080 2724
9565 2725
9873 2726
2727 2727
2728 2728
280 2729
4496 2730
9760 2731
2732 2732
3135 2733
2734 2734
2735 2735
3019 2736
2737 2737
8392 2738
4229 2739
1420 2740
2972 2741
2183 2742
2097 2743
6156 2744
3257 2745
8572 2746
7096 2747
9854 2748
5233 2749
309 2750
4065 2751
3590 2752
1106 2753
6886 2754
948 2755
2756 2756
4134 2757
8336 2758
4223 2759
2760 2760
3046 2761
6419 2762
2763 2763
9327 2764
3084 2765
2766 2766
3045 2767
7044 2768
2769 2769
389 2770
3830 2771
6846 2772
6759 2773
725 2774
72 2775
6783 2776
775 2777
3566 2778
4002 2779
7527 2780
6502 2781
5389 2782
7008 2783
6005 2784
7644 2785
7526 2786
2787 2787
2780 2788
2321 2789
7434 2790
898 2791
2792 2792
9170 2793
1788 2794
2975 2795
9120 2796
3354 2797
4021 2798
6052 2799
7057 2800
2278 2801
2802 2802
2803 2803
4871 2804
2805 2805
6524 2806
644 2807
4092 2808
8619 2809
7000 2810
9366 2811
8413 2812
9436 2813
5950 2814
381 2815
501 2816
6062 2817
2818 2818
6969 2819
1581 2820
6437 2821
3043 2822
1812 2823
3738 2824
3404 2825
8016 2826
1272 2827
6541 2828
1866 2829
6922 2830
9472 2831
1870 2832
2833 2833
2834 2834
2835 2835
1516 2836
5907 2837
2838 2838
2839 2839
2840 2840
2852 2841
7186 2842
6281 2843
2844 2844
814 2845
465 2846
5931 2847
4294 2848
9136 2849
2850 2850
7704 2851
2841 2852
1619 2853
3936 2854
5866 2855
2621 2856
580 2857
6453 2858
9597 2859
7583 2860
8402 2861
7336 2862
7595 2863
1239 2864
2655 2865
9833 2866
2048 2867
7734 2868
4043 2869
2477 2870
2871 2871
8038 2872
5435 2873
3549 2874
7582 2875
2876 2876
2602 2877
2540 2878
2123 2879
9333 2880
4856 2881
2882 2882
1059 2883
2884 2884
641 2885
6262 2886
4807 2887
2888 2888
2130 2889
2061 2890
2891 2891
1688 2892
2893 2893
2894 2894
7620 2895
7383 2896
8723 2897
2064 2898
9161 2899
4025 2900
2901 2901
2902 2902
7573 2903
3698 2904
1932 2905
2906 2906
3775 2907
2908 2908
196 2909
7488 2910
5213 2911
7965 2912
1920 2913
2914 2914
8026 2915
9816 2916
4349 2917
8866 2918
3903 2919
6438 2920
290 2921
2633 2922
4828 2923
9600 2924
5309 2925
8428 2926
3837 2927
102 2928
6754 2929
7284 2930
7036 2931
5855 2932
8196 2933
8935 2934
4909 2935
3904 2936
806 2937
599 2938
3218 2939
8618 2940
4900 2941
6635 2942
8550 2943
4927 2944
1798 2945
9942 2946
6038 2947
4287 2948
9096 2949
5995 2950
9681 2951
8722 2952
4653 2953
8008 2954
2657 2955
6672 2956
2629 2957
5203 2958
7472 2959
2960 2960
4245 2961
9541 2962
8806 2963
2416 2964
1323 2965
1256 2966
6748 2967
2796 2968
2969 2969
6572 2970
3564 2971
9668 2972
2973 2973
4738 2974
593 2975
3912 2976
32 2977
4574 2978
5257 2979
4300 2980
7851 2981
8990 2982
2983 2983
7006 2984
2426 2985
215 2986
3294 2987
2988 2988
85 2989
2093 2990
2947 2991
7986 2992
4315 2993
5403 2994
416 2995
2678 2996
6700 2997
4372 2998
6153 2999
2111 3000
8227 3001
1982 3002
4175 3003
12 3004
8048 3005
3006 3006
2031 3007
284 3008
1486 3009
7269 3010
7333 3011
6829 3012
3013 3013
2358 3014
3015 3015
3016 3016
7973 3017
467 3018
603 3019
2587 3020
7805 3021
3022 3022
9304 3023
1075 3024
4135 3025
382 3026
6628 3027
3206 3028
1538 3029
9506 3030
8229 3031
82 3032
7513 3033
7929 3034
7067 3035
4722 3036
4149 3037
1650 3038
9598 3039
26 3040
2013 3041
4935 3042
3191 3043
3044 3044
8843 3045
3103 3046
6767 3047
8310 3048
3327 3049
9151 3050
2441 3051
7939 3052
9014 3053
877 3054
7743 3055
3056 3056
3057 3057
1887 3058
606 3059
8927 3060
5568 3061
8175 3062
3480 3063
9795 3064
3065 3065
2619 3066
3067 3067
6384 3068
2688 3069
9917 3070
3071 3071
4345 3072
7565 3073
4185 3074
4378 3075
3076 3076
3077 3077
4758 3078
3079 3079
2162 3080
1497 3081
4131 3082
3958 3083
7549 3084
6920 3085
119 3086
8133 3087
7516 3088
148 3089
3090 3090
2881 3091
3092 3092
4217 3093
9499 3094
3922 3095
705 3096
9651 3097
9740 3098
355 3099
7171 3100
3335 3101
3102 3102
8606 3103
2646 3104
8322 3105
9996 3106
9090 3107
1605 3108
3868 3109
5642 3110
5796 3111
2904 3112
3534 3113
5707 3114
3365 3115
3116 3116
7982 3117
584 3118
922 3119
3506 3120
9112 3121
5983 3122
9296 3123
3124 3124
363 3125
6081 3126
2506 3127
1521 3128
1681 3129
9248 3130
3131 3131
1666 3132
5959 3133
7519 3134
3820 3135
263 3136
3137 3137
2480 3138
9564 3139
4196 3140
3141 3141
4087 3142
5145 3143
8122 3144
6616 3145
3745 3146
1949 3147
65 3148
8357 3149
1842 3150
7028 3151
5970 3152
5192 3153
3154 3154
6101 3155
919 3156
9697 3157
2056 3158
3159 3159
8377 3160
6891 3161
7782 3162
816 3163
7935 3164
3165 3165
2596 3166
3231 3167
918 3168
8287 3169
3487 3170
5884 3171
3787 3172
5962 3173
1758 3174
3175 3175
9491 3176
6 3177
5276 3178
798 3179
3450 3180
3167 3181
3182 3182
3183 3183
1961 3184
8152 3185
3186 3186
2720 3187
3188 3188
1076 3189
5395 3190
1596 3191
5654 3192
6539 3193
6577 3194
9922 3195
7374 3196
2863 3197
9307 3198
7156 3199
8957 3200
9059 3201
6246 3202
3026 3203
9583 3204
3205 3205
2102 3206
3207 3207
4274 3208
3209 3209
1018 3210
5908 3211
3634 3212
1955 3213
3214 3214
6743 3215
8560 3216
3510 3217
4685 3218
2305 3219
3220 3220
6087 3221
8233 3222
7296 3223
8683 3224
4474 3225
667 3226
1141 3227
3228 3228
3229 3229
1959 3230
8779 3231
5846 3232
5922 3233
7259 3234
6900 3235
4497 3236
5484 3237
6157 3238
1847 3239
8380 3240
7076 3241
1457 3242
8533 3243
4826 3244
6105 3245
3246 3246
1824 3247
2589 3248
9435 3249
7123 3250
6725 3251
7622 3252
4825 3253
9939 3254
7278 3255
8119 3256
9287 3257
9160 3258
7464 3259
306 3260
3261 3261
6865 3262
5456 3263
591 3264
5378 3265
3266 3266
4562 3267
9111 3268
7790 3269
7933 3270
4455 3271
9267 3272
1745 3273
101 3274
3082 3275
5758 3276
4910 3277
586 3278
3279 3279
3316 3280
6455 3281
3081 3282
4919 3283
6178 3284
3575 3285
5240 3286
903 3287
8642 3288
3289 3289
6989 3290
3798 3291
5588 3292
3293 3293
6154 3294
2930 3295
7774 3296
4001 3297
3930 3298
8980 3299
845 3300
8242 3301
7301 3302
6750 3303
3215 3304
7610 3305
672 3306
3307 3307
5957 3308
6037 3309
473 3310
3311 3311
6351 3312
3313 3313
8616 3314
8215 3315
5415 3316
9977 3317
7914 3318
3319 3319
3773 3320
634 3321
3091 3322
4207 3323
1895 3324
6668 3325
6753 3326
8697 3327
5999 3328
8520 3329
8928 3330
2748 3331
4437 3332
5748 3333
3334 3334
8064 3335
5057 3336
3337 3337
4908 3338
3339 3339
1375 3340
2921 3341
751 3342
7956 3343
739 3344
9725 3345
3666 3346
4688 3347
3348 3348
1325 3349
7887 3350
2996 3351
4932 3352
6533 3353
3343 3354
6476 3355
4003 3356
7097 3357
9294 3358
7168 3359
7725 3360
4017 3361
2006 3362
7002 3363
8499 3364
9050 3365
1589 3366
9819 3367
8061 3368
2854 3369
3370 3370
3371 3371
7155 3372
9511 3373
4646 3374
4666 3375
5092 3376
3514 3377
3378 3378
1327 3379
9356 3380
9313 3381
9692 3382
9949 3383
8221 3384
2563 3385
47 3386
4740 3387
5298 3388
3891 3389
7302 3390
9812 3391
6326 3392
3393 3393
9362 3394
1180 3395
9268 3396
5639 3397
5421 3398
1290 3399
6021 3400
3401 3401
1145 3402
3368 3403
5531 3404
7849 3405
211 3406
4728 3407
548 3408
3034 3409
2718 3410
4091 3411
2869 3412
2369 3413
488 3414
613 3415
9699 3416
3010 3417
9932 3418
6378 3419
7001 3420
5475 3421
3422 3422
2260 3423
2046 3424
3425 3425
9587 3426
6403 3427
3440 3428
6299 3429
8529 3430
1468 3431
2336 3432
5238 3433
4733 3434
2152 3435
3029 3436
2851 3437
3895 3438
9569 3439
2971 3440
3410 3441
6680 3442
7940 3443
5819 3444
9062 3445
2047 3446
8121 3447
7503 3448
8103 3449
3180 3450
3451 3451
2611 3452
3453 3453
2076 3454
9712 3455
3456 3456
1259 3457
8366 3458
3459 3459
3460 3460
3461 3461
1782 3462
7355 3463
9076 3464
3465 3465
6884 3466
9159 3467
5400 3468
650 3469
6234 3470
8118 3471
3403 3472
3473 3473
4677 3474
4421 3475
609 3476
8433 3477
1461 3478
8833 3479
6847 3480
4439 3481
7486 3482
5867 3483
2332 3484
997 3485
2107 3486
3170 3487
3488 3488
2357 3489
8465 3490
3491 3491
2361 3492
5671 3493
3723 3494
3495 3495
3496 3496
6068 3497
4490 3498
4979 3499
9157 3500
656 3501
9640 3502
3503 3503
278 3504
1821 3505
1348 3506
4629 3507
8293 3508
207 3509
3899 3510
4399 3511
5162 3512
411 3513
7661 3514
3515 3515
6044 3516
8476 3517
7951 3518
1477 3519
7542 3520
6146 3521
1899 3522
3262 3523
4991 3524
5747 3525
4241 3526
3527 3527
2271 3528
86 3529
9529 3530
2896 3531
3532 3532
8437 3533
9698 3534
9442 3535
7019 3536
7089 3537
408 3538
8246 3539
69 3540
3541 3541
8610 3542
8589 3543
3005 3544
5765 3545
3985 3546
8110 3547
7340 3548
3753 3549
9622 3550
791 3551
4085 3552
1517 3553
1274 3554
94 3555
1246 3556
4515 3557
7402 3558
1454 3559
3147 3560
4845 3561
3087 3562
4944 3563
6908 3564
9998 3565
3187 3566
1919 3567
2702 3568
7015 3569
3570 3570
2915 3571
2538 3572
8662 3573
3117 3574
1459 3575
2691 3576
10 3577
6392 3578
3504 3579
5991 3580
7053 3581
3963 3582
5096 3583
6304 3584
3585 3585
3586 3586
3916 3587
8672 3588
4028 3589
5161 3590
1129 3591
8676 3592
7078 3593
1935 3594
3595 3595
6273 3596
6543 3597
3598 3598
7917 3599
1813 3600
3601 3601
5507 3602
7212 3603
6744 3604
6889 3605
3606 3606
3607 3607
141 3608
81 3609
3610 3610
1225 3611
201 3612
8997 3613
2072 3614
3615 3615
6452 3616
8265 3617
7804 3618
4575 3619
6111 3620
1361 3621
5567 3622
1530 3623
6808 3624
4324 3625
6564 3626
2189 3627
6987 3628
9589 3629
6057 3630
2157 3631
2017 3632
6467 3633
4058 3634
4243 3635
2526 3636
6366 3637
3733 3638
4234 3639
2433 3640
7688 3641
9634 3642
3643 3643
7240 3644
6445 3645
2169 3646
3572 3647
6342 3648
3649 3649
8900 3650
848 3651
5358 3652
9607 3653
6568 3654
3655 3655
9015 3656
1187 3657
2765 3658
5981 3659
2832 3660
7196 3661
3662 3662
3663 3663
4468 3664
9164 3665
2505 3666
8959 3667
8902 3668
6066 3669
8113 3670
7900 3671
3672 3672
2368 3673
7219 3674
3675 3675
5183 3676
1551 3677
4208 3678
3107 3679
7141 3680
8728 3681
7845 3682
7091 3683
6911 3684
7401 3685
3686 3686
7993 3687
4292 3688
5091 3689
2767 3690
3691 3691
6364 3692
7663 3693
8049 3694
7541 3695
8068 3696
139 3697
5892 3698
5306 3699
9906 3700
3268 3701
3702 3702
3853 3703
9737 3704
9312 3705
3706 3706
2639 3707
8464 3708
2532 3709
514 3710
1015 3711
2617 3712
8719 3713
3714 3714
8097 3715
2318 3716
3717 3717
2040 3718
4768 3719
3516 3720
6515 3721
1336 3722
9645 3723
2601 3724
8865 3725
3726 3726
1558 3727
2193 3728
5377 3729
6737 3730
4047 3731
6497 3732
5463 3733
1862 3734
3743 3735
4947 3736
6963 3737
2293 3738
1012 3739
3740 3740
9851 3741
3317 3742
969 3743
3744 3744
9221 3745
5827 3746
9905 3747
5462 3748
1561 3749
3750 3750
2000 3751
5471 3752
6704 3753
2465 3754
3445 3755
2808 3756
1835 3757
8311 3758
3759 3759
3760 3760
7304 3761
7920 3762
7923 3763
3764 3764
2049 3765
1247 3766
763 3767
2598 3768
9984 3769
9903 3770
4711 3771
6362 3772
3320 3773
4074 3774
2590 3775
8969 3776
8685 3777
135 3778
3779 3779
2762 3780
4734 3781
5235 3782
7135 3783
373 3784
3785 3785
2345 3786
5193 3787
6904 3788
9638 3789
1670 3790
3078 3791
6982 3792
3933 3793
6738 3794
1381 3795
7423 3796
1305 3797
3894 3798
5546 3799
6116 3800
673 3801
9586 3802
3239 3803
231 3804
3499 3805
1764 3806
3807 3807
2546 3808
6617 3809
1116 3810
8788 3811
3156 3812
1664 3813
4104 3814
3815 3815
3603 3816
3817 3817
8897 3818
3819 3819
7651 3820
2122 3821
6684 3822
3768 3823
5279 3824
7988 3825
1612 3826
3971 3827
3828 3828
7126 3829
9769 3830
3824 3831
8625 3832
3833 3833
7970 3834
7310 3835
1901 3836
4073 3837
7649 3838
7520 3839
2068 3840
3841 3841
8369 3842
2438 3843
3844 3844
9940 3845
2690 3846
6048 3847
7449 3848
401 3849
3850 3850
8979 3851
3852 3852
1830 3853
5713 3854
8564 3855
3806 3856
8992 3857
8177 3858
694 3859
7867 3860
374 3861
9171 3862
2959 3863
3864 3864
8825 3865
3866 3866
3867 3867
4595 3868
3664 3869
6388 3870
3994 3871
3913 3872
4499 3873
6931 3874
9220 3875
9706 3876
8795 3877
76 3878
9882 3879
3880 3880
3869 3881
7263 3882
4377 3883
3718 3884
1795 3885
7408 3886
2673 3887
6579 3888
5490 3889
2705 3890
3924 3891
7910 3892
244 3893
3693 3894
8331 3895
3896 3896
5637 3897
2816 3898
5033 3899
3900 3900
8525 3901
2860 3902
4697 3903
2936 3904
463 3905
6697 3906
5064 3907
8463 3908
4505 3909
2016 3910
8291 3911
519 3912
4783 3913
9407 3914
2561 3915
3085 3916
3917 3917
4658 3918
1575 3919
3920 3920
654 3921
8194 3922
7305 3923
3096 3924
7629 3925
3926 3926
3927 3927
9514 3928
4937 3929
2739 3930
7267 3931
7720 3932
8239 3933
2347 3934
3935 3935
327 3936
1593 3937
6924 3938
6394 3939
3940 3940
3513 3941
6122 3942
1448 3943
9492 3944
3594 3945
1533 3946
9030 3947
1875 3948
8571 3949
3802 3950
8020 3951
3952 3952
7294 3953
9308 3954
702 3955
9719 3956
8180 3957
4417 3958
3251 3959
4567 3960
6444 3961
6643 3962
3582 3963
9431 3964
372 3965
9702 3966
2811 3967
1825 3968
3969 3969
881 3970
8855 3971
6425 3972
9138 3973
1402 3974
5416 3975
3976 3976
3977 3977
9689 3978
1904 3979
7392 3980
9880 3981
3458 3982
3373 3983
9667 3984
6025 3985
3986 3986
2233 3987
8802 3988
3989 3989
2519 3990
8 3991
3992 3992
2509 3993
6089 3994
3995 3995
5629 3996
6464 3997
9473 3998
7860 3999
3937 4000
3845 4001
8224 4002
8438 4003
7691 4004
4452 4005
1445 4006
4007 4007
8341 4008
3557 4009
7534 4010
7283 4011
1737 4012
7981 4013
4014 4014
4015 4015
1793 4016
3361 4017
4414 4018
2776 4019
8904 4020
2502 4021
1371 4022
534 4023
4583 4024
2900 4025
5481 4026
2237 4027
590 4028
9184 4029
5674 4030
3873 4031
4470 4032
4033 4033
9830 4034
4035 4035
8932 4036
4293 4037
2970 4038
7764 4039
4040 4040
1964 4041
5703 4042
1464 4043
6323 4044
7675 4045
2019 4046
1460 4047
4824 4048
4049 4049
7495 4050
7797 4051
4537 4052
9444 4053
4054 4054
5608 4055
7132 4056
4057 4057
7621 4058
936 4059
7352 4060
4061 4061
7716 4062
4063 4063
7182 4064
1303 4065
2053 4066
4854 4067
8167 4068
4852 4069
6076 4070
6123 4071
1977 4072
6179 4073
3774 4074
4075 4075
4154 4076
8164 4077
8555 4078
2659 4079
5879 4080
3282 4081
1278 4082
4083 4083
6139 4084
4795 4085
4086 4086
3407 4087
3910 4088
4089 4089
6162 4090
1848 4091
1292 4092
4566 4093
6864 4094
7955 4095
1045 4096
7777 4097
6813 4098
6587 4099
5683 4100
8142 4101
7237 4102
4397 4103
3038 4104
974 4105
8116 4106
7818 4107
2612 4108
4109 4109
4110 4110
8831 4111
6014 4112
2697 4113
5669 4114
3073 4115
2399 4116
8329 4117
4700 4118
5429 4119
5539 4120
8295 4121
713 4122
7766 4123
1873 4124
6671 4125
6207 4126
3533 4127
6843 4128
7069 4129
2829 4130
407 4131
2158 4132
6134 4133
6040 4134
7909 4135
9322 4136
1469 4137
1198 4138
2736 4139
4863 4140
1047 4141
5144 4142
3654 4143
1766 4144
849 4145
477 4146
1240 4147
2470 4148
3037 4149
4150 4150
6747 4151
1874 4152
7163 4153
538 4154
4459 4155
2165 4156
4157 4157
7116 4158
6387 4159
4160 4160
4247 4161
4162 4162
3132 4163
4493 4164
3292 4165
7508 4166
6082 4167
3979 4168
5307 4169
7708 4170
7591 4171
4268 4172
3474 4173
9993 4174
5556 4175
5303 4176
909 4177
3839 4178
4179 4179
4782 4180
7347 4181
4182 4182
6975 4183
4252 4184
350 4185
8838 4186
4187 4187
4188 4188
7497 4189
2224 4190
2993 4191
5334 4192
7461 4193
6239 4194
1212 4195
6915 4196
9538 4197
7895 4198
820 4199
7627 4200
4201 4201
4202 4202
7373 4203
7270 4204
6600 4205
5295 4206
4352 4207
1362 4208
4968 4209
1374 4210
3997 4211
7694 4212
9043 4213
4637 4214
5473 4215
7153 4216
6802 4217
1989 4218
2664 4219
7616 4220
7436 4221
728 4222
4102 4223
2296 4224
1656 4225
7312 4226
8660 4227
4964 4228
8810 4229
6675 4230
2211 4231
6250 4232
4331 4233
7976 4234
9726 4235
9113 4236
8549 4237
9852 4238
1024 4239
3105 4240
7195 4241
2320 4242
3384 4243
3023 4244
3070 4245
9299 4246
9686 4247
907 4248
2340 4249
536 4250
8184 4251
4184 4252
7705 4253
5621 4254
7761 4255
4256 4256
8323 4257
9382 4258
9594 4259
2491 4260
4137 4261
4262 4262
4263 4263
8873 4264
125 4265
4508 4266
5772 4267
1886 4268
2799 4269
2791 4270
7003 4271
2039 4272
1412 4273
4699 4274
9512 4275
2701 4276
747 4277
6688 4278
4209 4279
1760 4280
4281 4281
2294 4282
9779 4283
7173 4284
4285 4285
1419 4286
767 4287
6720 4288
3359 4289
2360 4290
9924 4291
3121 4292
1092 4293
2848 4294
4295 4295
8213 4296
9029 4297
4298 4298
7936 4299
9 4300
5887 4301
7027 4302
8731 4303
4712 4304
3783 4305
4306 4306
3413 4307
4615 4308
6292 4309
5660 4310
8552 4311
9234 4312
2248 4313
4314 4314
8894 4315
4316 4316
4317 4317
3683 4318
7206 4319
9328 4320
6043 4321
5498 4322
9944 4323
8818 4324
4466 4325
7131 4326
7034 4327
6310 4328
709 4329
4330 4330
5699 4331
9252 4332
9800 4333
3125 4334
4141 4335
3863 4336
8124 4337
2483 4338
7671 4339
7953 4340
1686 4341
7937 4342
491 4343
3892 4344
9950 4345
4346 4346
2012 4347
1544 4348
7198 4349
6776 4350
4351 4351
5264 4352
8018 4353
1536 4354
4355 4355
1488 4356
8786 4357
7478 4358
1061 4359
144 4360
4361 4361
9592 4362
4363 4363
4525 4364
4365 4365
4366 4366
2999 4367
4368 4368
9216 4369
3758 4370
8944 4371
2095 4372
3204 4373
4576 4374
6118 4375
8987 4376
242 4377
6641 4378
4379 4379
365 4380
7073 4381
6320 4382
8149 4383
4384 4384
4228 4385
4386 4386
1905 4387
9387 4388
1975 4389
4390 4390
6376 4391
8824 4392
8130 4393
4394 4394
9441 4395
7726 4396
959 4397
5470 4398
8486 4399
4471 4400
1963 4401
6678 4402
3684 4403
7991 4404
5399 4405
6462 4406
4407 4407
5789 4408
2469 4409
8686 4410
627 4411
6576 4412
6890 4413
5443 4414
4415 4415
4416 4416
8988 4417
7623 4418
6597 4419
4420 4420
8967 4421
4422 4422
8761 4423
9688 4424
4425 4425
9408 4426
6964 4427
695 4428
6308 4429
987 4430
1123 4431
1133 4432
1042 4433
6495 4434
8693 4435
4475 4436
6435 4437
9423 4438
7281 4439
4440 4440
4877 4441
7480 4442
2665 4443
4444 4444
7424 4445
5798 4446
423 4447
7191 4448
4240 4449
3126 4450
9966 4451
4117 4452
2430 4453
4454 4454
3271 4455
570 4456
4540 4457
4458 4458
4725 4459
8101 4460
720 4461
4462 4462
4077 4463
1694 4464
4516 4465
9283 4466
227 4467
6067 4468
7329 4469
3035 4470
9848 4471
3315 4472
6856 4473
6545 4474
7048 4475
7249 4476
1550 4477
748 4478
4479 4479
6560 4480
837 4481
4632 4482
4227 4483
2256 4484
5427 4485
3573 4486
5228 4487
367 4488
2978 4489
1222 4490
8192 4491
9074 4492
4548 4493
8724 4494
5369 4495
289 4496
7881 4497
4498 4498
2457 4499
2497 4500
5948 4501
173 4502
6393 4503
6863 4504
8276 4505
5656 4506
8878 4507
6324 4508
3625 4509
5310 4510
3330 4511
4690 4512
4513 4513
1433 4514
6542 4515
3951 4516
4517 4517
5419 4518
1385 4519
9343 4520
6784 4521
4512 4522
1049 4523
4524 4524
5129 4525
9773 4526
1514 4527
7129 4528
520 4529
4650 4530
952 4531
8205 4532
5609 4533
1981 4534
4535 4535
7451 4536
4941 4537
3243 4538
8835 4539
5905 4540
3681 4541
4781 4542
3129 4543
4605 4544
2268 4545
9670 4546
3106 4547
5628 4548
1534 4549
4550 4550
4551 4551
5123 4552
7016 4553
1956 4554
7167 4555
4556 4556
4557 4557
8558 4558
3772 4559
3847 4560
4872 4561
7630 4562
9979 4563
4564 4564
136 4565
243 4566
5450 4567
1917 4568
4569 4569
8203 4570
1275 4571
7530 4572
5822 4573
7149 4574
1692 4575
8005 4576
4577 4577
4578 4578
7871 4579
2485 4580
7386 4581
3857 4582
2689 4583
2789 4584
7599 4585
6685 4586
3190 4587
3657 4588
3434 4589
7666 4590
7103 4591
7778 4592
2217 4593
1242 4594
5468 4595
1310 4596
4597 4597
4501 4598
4599 4599
9743 4600
4601 4601
7719 4602
8859 4603
1776 4604
8491 4605
4606 4606
8039 4607
2797 4608
9490 4609
5557 4610
9204 4611
4612 4612
7418 4613
3014 4614
511 4615
4616 4616
3928 4617
3546 4618
712 4619
2954 4620
9245 4621
9209 4622
4623 4623
708 4624
5658 4625
2905 4626
3273 4627
7536 4628
3507 4629
9019 4630
8738 4631
1299 4632
4633 4633
1130 4634
3042 4635
7741 4636
2490 4637
5989 4638
3561 4639
8834 4640
4226 4641
4642 4642
563 4643
172 4644
8199 4645
5806 4646
9011 4647
9842 4648
4649 4649
7848 4650
3300 4651
1563 4652
4494 4653
4654 4654
4655 4655
6249 4656
4657 4657
5939 4658
7770 4659
3667 4660
4661 4661
4662 4662
6593 4663
4055 4664
8082 4665
7700 4666
4050 4667
8027 4668
9879 4669
1877 4670
4671 4671
2079 4672
3482 4673
3176 4674
1026 4675
2313 4676
3061 4677
6032 4678
1050 4679
435 4680
5355 4681
3212 4682
7183 4683
7307 4684
9346 4685
5151 4686
3210 4687
9616 4688
4689 4689
9613 4690
9796 4691
3466 4692
4144 4693
7613 4694
5692 4695
8094 4696
6132 4697
833 4698
7760 4699
1647 4700
6970 4701
4702 4702
3555 4703
7906 4704
2084 4705
3285 4706
169 4707
6018 4708
2585 4709
1509 4710
5083 4711
8067 4712
239 4713
4714 4714
4715 4715
4693 4716
4717 4717
54 4718
2642 4719
4720 4720
1553 4721
8140 4722
5716 4723
3446 4724
8070 4725
9178 4726
688 4727
7110 4728
3529 4729
9470 4730
3639 4731
4732 4732
3525 4733
638 4734
2937 4735
5187 4736
6811 4737
2167 4738
4718 4739
2232 4740
4741 4741
929 4742
9257 4743
4744 4744
8045 4745
5559 4746
3062 4747
4748 4748
9032 4749
7128 4750
4751 4751
9084 4752
1041 4753
2448 4754
4755 4755
1726 4756
1268 4757
4756 4758
1752 4759
2495 4760
2312 4761
9413 4762
5008 4763
7447 4764
4765 4765
3149 4766
7250 4767
2745 4768
8187 4769
4770 4770
4771 4771
5927 4772
5755 4773
4757 4774
4640 4775
1892 4776
5401 4777
1424 4778
4779 4779
5561 4780
4542 4781
8748 4782
1851 4783
2467 4784
6968 4785
4786 4786
4787 4787
6335 4788
265 4789
4297 4790
8777 4791
9082 4792
4793 4793
5741 4794
3552 4795
4796 4796
8822 4797
5977 4798
4799 4799
2146 4800
9134 4801
9393 4802
9416 4803
4804 4804
426 4805
9935 4806
1032 4807
8309 4808
4809 4809
3825 4810
9474 4811
8206 4812
4813 4813
3350 4814
5590 4815
318 4816
7776 4817
544 4818
6481 4819
1183 4820
7626 4821
9543 4822
2703 4823
2471 4824
8509 4825
1531 4826
9875 4827
2527 4828
4829 4829
8156 4830
908 4831
3310 4832
2508 4833
4834 4834
2324 4835
4887 4836
8416 4837
2272 4838
2365 4839
4840 4840
9340 4841
4842 4842
5917 4843
9070 4844
1768 4845
5760 4846
7420 4847
3551 4848
8796 4849
844 4850
8349 4851
5941 4852
6934 4853
4067 4854
2168 4855
8069 4856
4890 4857
1791 4858
7314 4859
7808 4860
2935 4861
1177 4862
308 4863
8530 4864
4865 4865
8754 4866
3202 4867
1923 4868
4869 4869
795 4870
9612 4871
612 4872
236 4873
5350 4874
4875 4875
7114 4876
3312 4877
6619 4878
9969 4879
4880 4880
4881 4881
4882 4882
78 4883
4884 4884
4885 4885
9690 4886
4152 4887
1289 4888
4889 4889
1867 4890
8989 4891
3959 4892
1663 4893
4894 4894
4895 4895
3225 4896
8905 4897
4898 4898
1810 4899
485 4900
8482 4901
2141 4902
4903 4903
9319 4904
6501 4905
6690 4906
1789 4907
1907 4908
9458 4909
9411 4910
1968 4911
6702 4912
6756 4913
4914 4914
7144 4915
4916 4916
8444 4917
1906 4918
3020 4919
7728 4920
7714 4921
159 4922
6590 4923
6083 4924
5801 4925
4593 4926
3064 4927
8303 4928
5417 4929
4930 4930
5696 4931
9652 4932
1284 4933
7732 4934
8743 4935
7247 4936
7038 4937
7178 4938
2030 4939
8809 4940
8269 4941
680 4942
4943 4943
2292 4944
8383 4945
4276 4946
5910 4947
4948 4948
8378 4949
2274 4950
9232 4951
4952 4952
4953 4953
7673 4954
1035 4955
2015 4956
4957 4957
9798 4958
3879 4959
7781 4960
5342 4961
4962 4962
660 4963
7765 4964
6271 4965
8677 4966
209 4967
2373 4968
3152 4969
1280 4970
8031 4971
2759 4972
4973 4973
4568 4974
6141 4975
4976 4976
4977 4977
4978 4978
9231 4979
6531 4980
469 4981
980 4982
600 4983
2355 4984
2710 4985
9365 4986
611 4987
5852 4988
3396 4989
5928 4990
5269 4991
351 4992
7558 4993
6469 4994
6991 4995
7049 4996
4669 4997
8355 4998
1863 4999
7589 5000
4663 5001
1943 5002
4847 5003
1836 5004
3781 5005
6860 5006
5007 5007
2868 5008
3415 5009
1740 5010
2925 5011
9805 5012
9887 5013
4100 5014
9531 5015
4335 5016
5017 5017
568 5018
1808 5019
6413 5020
5021 5021
537 5022
1416 5023
827 5024
5025 5025
5026 5026
1492 5027
3075 5028
4934 5029
6258 5030
6422 5031
6340 5032
6944 5033
7866 5034
7389 5035
449 5036
5037 5037
6883 5038
5980 5039
766 5040
8290 5041
4844 5042
7380 5043
5044 5044
4480 5045
106 5046
6584 5047
5048 5048
5049 5049
1219 5050
624 5051
6751 5052
9646 5053
7279 5054
7996 5055
7783 5056
7876 5057
4108 5058
9524 5059
9823 5060
2699 5061
5767 5062
5063 5063
2235 5064
3241 5065
113 5066
5067 5067
8538 5068
2310 5069
2149 5070
6113 5071
6064 5072
4199 5073
2489 5074
9599 5075
6893 5076
9457 5077
1491 5078
5079 5079
3493 5080
5081 5081
5337 5082
3746 5083
8391 5084
324 5085
6937 5086
2913 5087
4111 5088
9568 5089
5090 5090
7885 5091
5781 5092
7221 5093
7399 5094
7 5095
2836 5096
5878 5097
9896 5098
5099 5099
5100 5100
3961 5101
5670 5102
5104 5103
8147 5104
7758 5105
270 5106
6493 5107
6761 5108
8839 5109
6567 5110
311 5111
7674 5112
5013 5113
5114 5114
1490 5115
9093 5116
2804 5117
4625 5118
8535 5119
5074 5120
8382 5121
6097 5122
3252 5123
5116 5124
1620 5125
116 5126
710 5127
5128 5128
6011 5129
1210 5130
4308 5131
721 5132
5133 5133
4636 5134
5722 5135
1160 5136
3104 5137
4078 5138
5139 5139
3870 5140
5141 5141
396 5142
6047 5143
38 5144
1004 5145
9301 5146
5147 5147
1651 5148
1537 5149
344 5150
4686 5151
2449 5152
5153 5153
8917 5154
4967 5155
4090 5156
269 5157
7070 5158
1051 5159
4205 5160
3612 5161
2886 5162
7928 5163
6521 5164
6404 5165
5251 5166
103 5167
5168 5168
6001 5169
2778 5170
9921 5171
7494 5172
5173 5173
9284 5174
5175 5175
2343 5176
7087 5177
1714 5178
3644 5179
5180 5180
5181 5181
5182 5182
5 5183
1407 5184
6275 5185
2227 5186
180 5187
3583 5188
6084 5189
7888 5190
7532 5191
7633 5192
9167 5193
5831 5194
6220 5195
5196 5196
7287 5197
5198 5198
358 5199
455 5200
1184 5201
1625 5202
7745 5203
124 5204
9591 5205
8073 5206
5207 5207
5208 5208
5555 5209
5032 5210
8545 5211
5212 5212
679 5213
5845 5214
4648 5215
5216 5216
3948 5217
8888 5218
4213 5219
9885 5220
3148 5221
6290 5222
3443 5223
9279 5224
3389 5225
3390 5226
2255 5227
2007 5228
5229 5229
3236 5230
9843 5231
6252 5232
9864 5233
7121 5234
5155 5235
3814 5236
5393 5237
9579 5238
5239 5239
1438 5240
1393 5241
4940 5242
9371 5243
4839 5244
9250 5245
3452 5246
7313 5247
5248 5248
7293 5249
3641 5250
9003 5251
2280 5252
566 5253
6670 5254
9573 5255
8250 5256
275 5257
2560 5258
7093 5259
8500 5260
975 5261
4864 5262
8782 5263
7975 5264
6380 5265
5266 5266
2749 5267
1667 5268
2574 5269
4780 5270
5271 5271
51 5272
1489 5273
9247 5274
8217 5275
9858 5276
5119 5277
152 5278
5432 5279
7361 5280
1590 5281
2468 5282
56 5283
8447 5284
7346 5285
1947 5286
1843 5287
5288 5288
4282 5289
6270 5290
7056 5291
3093 5292
706 5293
5019 5294
5348 5295
5296 5296
420 5297
2608 5298
4946 5299
1186 5300
5301 5301
5302 5302
5071 5303
3811 5304
585 5305
6009 5306
5281 5307
729 5308
4307 5309
4767 5310
5311 5311
8960 5312
7901 5313
4766 5314
9738 5315
5316 5316
4258 5317
5813 5318
830 5319
1972 5320
1417 5321
1144 5322
1926 5323
33 5324
3651 5325
90 5326
5812 5327
9028 5328
5329 5329
1552 5330
369 5331
1638 5332
4624 5333
2284 5334
7127 5335
121 5336
4224 5337
4969 5338
938 5339
8450 5340
5252 5341
9057 5342
8970 5343
9745 5344
2992 5345
5112 5346
5347 5347
6519 5348
2380 5349
1888 5350
9047 5351
5352 5352
5353 5353
9517 5354
8065 5355
3457 5356
8237 5357
7146 5358
5299 5359
2160 5360
9200 5361
5362 5362
2883 5363
2197 5364
2315 5365
3380 5366
5367 5367
6614 5368
5675 5369
4382 5370
2813 5371
5849 5372
4450 5373
5374 5374
5171 5375
6909 5376
7174 5377
2115 5378
5379 5379
8996 5380
8984 5381
5382 5382
3429 5383
5384 5384
1285 5385
6148 5386
527 5387
6925 5388
2846 5389
7711 5390
8457 5391
3406 5392
6353 5393
7802 5394
4997 5395
3784 5396
4476 5397
4600 5398
6072 5399
8010 5400
825 5401
128 5402
27 5403
3875 5404
5405 5405
793 5406
6331 5407
4860 5408
1769 5409
5410 5410
5604 5411
8362 5412
5413 5413
7655 5414
4644 5415
545 5416
5418 5417
4827 5418
2504 5419
5365 5420
757 5421
6877 5422
5685 5423
3788 5424
4835 5425
3179 5426
7021 5427
2592 5428
3464 5429
7854 5430
497 5431
4747 5432
2548 5433
811 5434
4326 5435
8931 5436
5437 5437
5438 5438
3947 5439
6785 5440
5282 5441
6716 5442
8631 5443
8862 5444
4571 5445
2036 5446
2140 5447
362 5448
5449 5449
9761 5450
1467 5451
6395 5452
9615 5453
8654 5454
8259 5455
5988 5456
5457 5457
4301 5458
6611 5459
2534 5460
2939 5461
8386 5462
677 5463
9661 5464
5465 5465
425 5466
5043 5467
4443 5468
2831 5469
8043 5470
9275 5471
5472 5472
7709 5473
5803 5474
6511 5475
8715 5476
5477 5477
5040 5478
1466 5479
5480 5480
2247 5481
7475 5482
5483 5483
3234 5484
366 5485
4099 5486
3679 5487
6375 5488
5489 5489
3659 5490
5491 5491
5807 5492
2024 5493
6859 5494
2924 5495
482 5496
8762 5497
8132 5498
5499 5499
9188 5500
8998 5501
8108 5502
9310 5503
9684 5504
63 5505
5506 5506
9101 5507
5508 5508
4056 5509
8688 5510
7968 5511
127 5512
9563 5513
6317 5514
5338 5515
4264 5516
3255 5517
8609 5518
2153 5519
5520 5520
8707 5521
3381 5522
6741 5523
9013 5524
8261 5525
1411 5526
5527 5527
96 5528
7816 5529
9674 5530
4093 5531
5326 5532
5851 5533
8496 5534
5535 5535
5536 5536
3696 5537
10000 5538
8254 5539
3627 5540
2103 5541
8739 5542
4419 5543
865 5544
2119 5545
7351 5546
6024 5547
5548 5548
5549 5549
5550 5550
6535 5551
5552 5552
6788 5553
7614 5554
4483 5555
7338 5556
252 5557
5558 5558
715 5559
3272 5560
2387 5561
386 5562
5563 5563
1100 5564
5336 5565
2709 5566
8657 5567
7677 5568
3419 5569
5570 5570
8135 5571
2098 5572
5573 5573
8820 5574
2597 5575
6432 5576
4739 5577
9493 5578
4547 5579
5918 5580
6594 5581
385 5582
3263 5583
2931 5584
8104 5585
6906 5586
5587 5587
3640 5588
1546 5589
676 5590
1406 5591
7200 5592
5626 5593
3080 5594
8307 5595
3547 5596
6300 5597
799 5598
698 5599
9226 5600
1269 5601
594 5602
7912 5603
2877 5604
24 5605
9461 5606
5607 5607
3882 5608
6287 5609
7365 5610
5585 5611
5612 5612
5680 5613
4788 5614
5615 5615
5616 5616
9757 5617
5618 5618
9430 5619
5386 5620
341 5621
9271 5622
9253 5623
8441 5624
5625 5625
1201 5626
9058 5627
3386 5628
195 5629
9962 5630
4257 5631
3455 5632
9623 5633
4024 5634
5635 5635
6219 5636
4848 5637
5132 5638
1330 5639
8436 5640
6831 5641
37 5642
4613 5643
5644 5644
5444 5645
7773 5646
3153 5647
5648 5648
6182 5649
7600 5650
1731 5651
4963 5652
4328 5653
3267 5654
2285 5655
5954 5656
8440 5657
4302 5658
2222 5659
915 5660
9861 5661
866 5662
2859 5663
4602 5664
3742 5665
7233 5666
3230 5667
6232 5668
9088 5669
3724 5670
6060 5671
5571 5672
5540 5673
8511 5674
1890 5675
1022 5676
9332 5677
1934 5678
8211 5679
7756 5680
208 5681
2478 5682
4803 5683
9826 5684
4792 5685
9172 5686
5687 5687
3356 5688
1195 5689
9026 5690
7553 5691
794 5692
8562 5693
1754 5694
8626 5695
4721 5696
2911 5697
5698 5698
2144 5699
8234 5700
6556 5701
9041 5702
5082 5703
8629 5704
4358 5705
5009 5706
2530 5707
3604 5708
5709 5709
7731 5710
5711 5711
2201 5712
286 5713
3303 5714
5715 5715
7137 5716
5717 5717
9289 5718
839 5719
5720 5720
6797 5721
5305 5722
3427 5723
8424 5724
5725 5725
2434 5726
5727 5727
7326 5728
9521 5729
9089 5730
2708 5731
5732 5732
4975 5733
6069 5734
3540 5735
5736 5736
3886 5737
9459 5738
7990 5739
8302 5740
8262 5741
2795 5742
7458 5743
4764 5744
5745 5745
4374 5746
7499 5747
9392 5748
2565 5749
5464 5750
979 5751
5752 5752
6840 5753
4643 5754
3003 5755
5874 5756
5757 5757
5649 5758
5759 5759
8284 5760
1668 5761
9650 5762
4165 5763
651 5764
1679 5765
1725 5766
6359 5767
1199 5768
5738 5769
2243 5770
7101 5771
6474 5772
5543 5773
2967 5774
5775 5775
957 5776
203 5777
3747 5778
2976 5779
5952 5780
3198 5781
6199 5782
7106 5783
9590 5784
789 5785
3690 5786
177 5787
1220 5788
9148 5789
3295 5790
2008 5791
5792 5792
3531 5793
8929 5794
3420 5795
5426 5796
7303 5797
6540 5798
6624 5799
6140 5800
4925 5801
4713 5802
6158 5803
2610 5804
742 5805
7204 5806
5591 5807
4761 5808
7327 5809
5810 5810
3597 5811
8597 5812
2986 5813
5814 5814
5815 5815
7500 5816
9433 5817
8574 5818
9554 5819
4522 5820
5821 5821
3211 5822
1095 5823
1829 5824
2625 5825
6303 5826
5396 5827
2156 5828
7504 5829
5869 5830
2582 5831
8890 5832
5840 5833
2442 5834
5317 5835
2208 5836
5837 5837
4808 5838
9619 5839
3621 5840
2408 5841
5244 5842
3408 5843
1159 5844
7209 5845
6381 5846
4481 5847
6203 5848
3761 5849
5255 5850
1434 5851
5623 5852
5853 5853
7197 5854
692 5855
5856 5856
7738 5857
264 5858
3871 5859
9306 5860
1401 5861
3727 5862
361 5863
5864 5864
424 5865
2855 5866
9243 5867
3530 5868
1602 5869
5870 5870
6114 5871
1197 5872
1925 5873
770 5874
8591 5875
5876 5876
5930 5877
5097 5878
5783 5879
6912 5880
3660 5881
1958 5882
8252 5883
7046 5884
3934 5885
2722 5886
7071 5887
5888 5888
9963 5889
9326 5890
6286 5891
6819 5892
6790 5893
5894 5894
1736 5895
210 5896
990 5897
4862 5898
5899 5899
3855 5900
9460 5901
8492 5902
61 5903
2798 5904
7856 5905
5906 5906
2175 5907
1685 5908
7641 5909
39 5910
1508 5911
5227 5912
4486 5913
4853 5914
4426 5915
3584 5916
2128 5917
2910 5918
8077 5919
1134 5920
4518 5921
9269 5922
3449 5923
5924 5924
1373 5925
7822 5926
6424 5927
7969 5928
7523 5929
530 5930
9497 5931
153 5932
8075 5933
8495 5934
4929 5935
5027 5936
5937 5937
4239 5938
1683 5939
6348 5940
8594 5941
499 5942
5943 5943
7010 5944
7964 5945
5766 5946
5634 5947
3635 5948
5949 5949
1073 5950
6034 5951
5780 5952
4259 5953
6039 5954
5913 5955
7109 5956
181 5957
4128 5958
8487 5959
5960 5960
4679 5961
1335 5962
5963 5963
9117 5964
5105 5965
4868 5966
5967 5967
5968 5968
2649 5969
1861 5970
470 5971
6289 5972
5973 5973
5974 5974
829 5975
5976 5976
8741 5977
7370 5978
2535 5979
8510 5980
1672 5981
5982 5982
9285 5983
3391 5984
1483 5985
254 5986
6338 5987
312 5988
9007 5989
5990 5990
4833 5991
3012 5992
9081 5993
9763 5994
165 5995
480 5996
8214 5997
5998 5998
2011 5999
4018 6000
5169 6001
9265 6002
4080 6003
635 6004
150 6005
1493 6006
6007 6007
6008 6008
9658 6009
7441 6010
7554 6011
1771 6012
2865 6013
9118 6014
6358 6015
7337 6016
6017 6017
8278 6018
2450 6019
7435 6020
5272 6021
6439 6022
6023 6023
7321 6024
4261 6025
4215 6026
7703 6027
403 6028
7468 6029
6030 6030
3813 6031
8007 6032
6033 6033
5174 6034
4409 6035
2415 6036
7509 6037
1689 6038
581 6039
9618 6040
3614 6041
7780 6042
2758 6043
2648 6044
7742 6045
6046 6046
2029 6047
8371 6048
6195 6049
8694 6050
6051 6051
4105 6052
1283 6053
6054 6054
5060 6055
256 6056
9376 6057
7421 6058
6059 6059
2136 6060
5915 6061
6049 6062
5659 6063
9931 6064
202 6065
6417 6066
2944 6067
5496 6068
9414 6069
2644 6070
3250 6071
9999 6072
6551 6073
6640 6074
8717 6075
3011 6076
2376 6077
5605 6078
6079 6079
3338 6080
9540 6081
1257 6082
2994 6083
5289 6084
337 6085
6086 6086
4275 6087
3653 6088
5678 6089
610 6090
6091 6091
3722 6092
6374 6093
5466 6094
2786 6095
6096 6096
7363 6097
9290 6098
7977 6099
1626 6100
3155 6101
2240 6102
2134 6103
1229 6104
428 6105
145 6106
6129 6107
3650 6108
6109 6109
1707 6110
9370 6111
991 6112
7635 6113
2032 6114
1399 6115
5361 6116
4260 6117
2518 6118
1185 6119
8000 6120
1084 6121
5408 6122
9240 6123
7590 6124
5966 6125
7157 6126
7543 6127
6901 6128
9244 6129
5936 6130
3399 6131
956 6132
8267 6133
8086 6134
7411 6135
2693 6136
6137 6137
5743 6138
7065 6139
8602 6140
2717 6141
7739 6142
4012 6143
6365 6144
575 6145
9483 6146
8004 6147
4418 6148
3375 6149
6150 6150
2425 6151
9017 6152
4428 6153
9869 6154
6155 6155
3432 6156
9523 6157
1962 6158
7769 6159
3542 6160
7580 6161
2700 6162
7133 6163
6164 6164
447 6165
342 6166
7594 6167
1237 6168
5582 6169
79 6170
6171 6171
3291 6172
6173 6173
6386 6174
5304 6175
7890 6176
5318 6177
1142 6178
266 6179
5805 6180
9872 6181
4536 6182
6183 6183
9309 6184
3201 6185
8915 6186
5407 6187
8305 6188
2398 6189
8314 6190
6191 6191
6192 6192
5372 6193
6988 6194
942 6195
4965 6196
6197 6197
3801 6198
8091 6199
6200 6200
6201 6201
9750 6202
7652 6203
6204 6204
6205 6205
6206 6206
3475 6207
994 6208
328 6209
2510 6210
9463 6211
9624 6212
6213 6213
632 6214
41 6215
494 6216
2275 6217
1774 6218
1597 6219
2942 6220
6372 6221
5177 6222
5838 6223
7248 6224
6225 6225
6226 6226
6227 6227
6230 6228
7306 6229
6443 6230
8489 6231
7763 6232
888 6233
5719 6234
3140 6235
8410 6236
8658 6237
7576 6238
857 6239
7570 6240
9927 6241
6242 6242
1543 6243
6871 6244
6245 6245
7894 6246
6003 6247
293 6248
6817 6249
5545 6250
3858 6251
5620 6252
3800 6253
6254 6254
6775 6255
3812 6256
6257 6257
1366 6258
5308 6259
6260 6260
7035 6261
1271 6262
4177 6263
3794 6264
6265 6265
1291 6266
6267 6267
9574 6268
5786 6269
6428 6270
3623 6271
6407 6272
8502 6273
4388 6274
4857 6275
3436 6276
6277 6277
854 6278
9083 6279
4253 6280
4327 6281
9948 6282
7092 6283
1390 6284
3987 6285
155 6286
1329 6287
3007 6288
4570 6289
8895 6290
2733 6291
1230 6292
1860 6293
2614 6294
5661 6295
8958 6296
6986 6297
9378 6298
188 6299
1191 6300
1318 6301
2236 6302
7557 6303
7150 6304
5564 6305
5828 6306
6196 6307
9002 6308
2451 6309
1011 6310
313 6311
2038 6312
6313 6313
7702 6314
6506 6315
6316 6316
8125 6317
2322 6318
7522 6319
7152 6320
5718 6321
1880 6322
9770 6323
9714 6324
5504 6325
2301 6326
1152 6327
6328 6328
6329 6329
9606 6330
7821 6331
6573 6332
2404 6333
1386 6334
6557 6335
958 6336
9857 6337
1403 6338
4477 6339
4886 6340
250 6341
1188 6342
9020 6343
8458 6344
6345 6345
1153 6346
9488 6347
3988 6348
8150 6349
4582 6350
4278 6351
2034 6352
8515 6353
1657 6354
970 6355
8844 6356
91 6357
5808 6358
9469 6359
9385 6360
3439 6361
6527 6362
3631 6363
5958 6364
3766 6365
618 6366
6214 6367
6368 6368
6369 6369
5684 6370
6371 6371
3725 6372
410 6373
2086 6374
6739 6375
6646 6376
9673 6377
2417 6378
112 6379
5885 6380
2473 6381
5390 6382
6383 6383
1695 6384
1027 6385
3816 6386
4159 6387
3921 6388
9694 6389
1702 6390
4989 6391
9654 6392
9626 6393
2926 6394
8059 6395
4561 6396
9078 6397
9147 6398
3888 6399
7941 6400
8256 6401
6459 6402
3394 6403
8882 6404
4974 6405
9037 6406
6237 6407
1413 6408
3508 6409
1993 6410
6411 6411
6412 6412
2391 6413
1513 6414
1549 6415
6416 6416
2386 6417
3832 6418
546 6419
6420 6420
3247 6421
4383 6422
7098 6423
3715 6424
9215 6425
9548 6426
2127 6427
6585 6428
5118 6429
6430 6430
9175 6431
4836 6432
6433 6433
6434 6434
1176 6435
1294 6436
875 6437
6399 6438
2638 6439
204 6440
13 6441
7466 6442
8876 6443
9562 6444
5861 6445
2042 6446
1569 6447
6448 6448
6449 6449
9323 6450
807 6451
4859 6452
668 6453
6454 6454
2989 6455
6456 6456
4172 6457
9280 6458
1622 6459
1102 6460
6000 6461
213 6462
28 6463
1349 6464
776 6465
2277 6466
3633 6467
9507 6468
3489 6469
8230 6470
1031 6471
6472 6472
701 6473
7372 6474
8852 6475
4325 6476
6477 6477
4709 6478
5944 6479
7059 6480
6240 6481
3599 6482
6483 6483
8912 6484
2003 6485
1163 6486
304 6487
2085 6488
1496 6489
7274 6490
4798 6491
6314 6492
7271 6493
6735 6494
1660 6495
5530 6496
7407 6497
6498 6498
2090 6499
2568 6500
4905 6501
2731 6502
2067 6503
3360 6504
1418 6505
5098 6506
2341 6507
7897 6508
6509 6509
9930 6510
8249 6511
3484 6512
9687 6513
7552 6514
4841 6515
6180 6516
6517 6517
9822 6518
7997 6519
7995 6520
418 6521
178 6522
6523 6523
1352 6524
9808 6525
3536 6526
1088 6527
1368 6528
6253 6529
5964 6530
3481 6531
4138 6532
8627 6533
6488 6534
4812 6535
1122 6536
6004 6537
9302 6538
914 6539
1132 6540
1628 6541
5633 6542
1351 6543
9972 6544
1430 6545
5501 6546
7643 6547
1816 6548
1618 6549
6687 6550
5553 6551
3970 6552
6553 6553
7335 6554
9680 6555
9925 6556
1266 6557
6604 6558
7800 6559
8534 6560
5756 6561
4115 6562
6563 6563
464 6564
6565 6565
8281 6566
5430 6567
9964 6568
3254 6569
320 6570
5836 6571
4265 6572
7022 6573
6677 6574
4344 6575
8655 6576
9771 6577
8598 6578
787 6579
1933 6580
1636 6581
1756 6582
7381 6583
2793 6584
2021 6585
5522 6586
6919 6587
7648 6588
6589 6589
3200 6590
77 6591
9109 6592
8137 6593
1025 6594
711 6595
9241 6596
6879 6597
6943 6598
5140 6599
927 6600
7139 6601
8044 6602
8554 6603
8823 6604
1869 6605
4559 6606
6607 6607
1499 6608
110 6609
6610 6610
1317 6611
6612 6612
5650 6613
8395 6614
294 6615
8081 6616
3519 6617
6618 6618
831 6619
6620 6620
9135 6621
6622 6622
7471 6623
4896 6624
7863 6625
6526 6626
9976 6627
2584 6628
5889 6629
9601 6630
6631 6631
7751 6632
1804 6633
7624 6634
6681 6635
9919 6636
6637 6637
3274 6638
3055 6639
7428 6640
896 6641
6642 6642
7391 6643
7062 6644
7905 6645
1655 6646
9827 6647
4960 6648
6649 6649
2698 6650
3166 6651
1783 6652
6653 6653
1140 6654
9959 6655
8019 6656
1056 6657
3548 6658
6659 6659
8789 6660
6661 6661
6662 6662
3049 6663
8431 6664
6485 6665
9765 6666
6667 6667
8051 6668
4549 6669
2613 6670
4337 6671
9277 6672
2124 6673
4169 6674
6706 6675
5525 6676
7903 6677
4402 6678
6679 6679
7316 6680
8950 6681
8740 6682
9353 6683
3290 6684
2385 6685
8209 6686
2997 6687
5313 6688
3490 6689
4906 6690
6691 6691
1215 6692
6693 6693
6694 6694
3113 6695
7896 6696
643 6697
5697 6698
6215 6699
683 6700
5800 6701
2151 6702
6703 6703
3278 6704
6705 6705
14 6706
9946 6707
9009 6708
7455 6709
6832 6710
5987 6711
4876 6712
6715 6713
547 6714
1485 6715
717 6716
6279 6717
6718 6718
6719 6719
8093 6720
6480 6721
471 6722
6723 6723
5089 6724
7298 6725
2946 6726
9637 6727
1952 6728
3385 6729
6297 6730
1148 6731
261 6732
5614 6733
887 6734
4097 6735
6736 6736
2216 6737
1089 6738
5956 6739
1541 6740
5110 6741
7354 6742
1462 6743
7213 6744
6745 6745
6746 6746
4151 6747
9912 6748
7083 6749
9845 6750
2604 6751
6752 6752
4098 6753
8886 6754
4334 6755
4913 6756
5065 6757
872 6758
8195 6759
1297 6760
8539 6761
7799 6762
8146 6763
6170 6764
503 6765
6766 6766
393 6767
1585 6768
5138 6769
3164 6770
3755 6771
6772 6772
7396 6773
7077 6774
7615 6775
4350 6776
1710 6777
3545 6778
9632 6779
3447 6780
5234 6781
2556 6782
9881 6783
7985 6784
8696 6785
6238 6786
8381 6787
3558 6788
6812 6789
2104 6790
6791 6791
9079 6792
6793 6793
7638 6794
7646 6795
2979 6796
2984 6797
5996 6798
8527 6799
2577 6800
6801 6801
6537 6802
7245 6803
2010 6804
4611 6805
6599 6806
2173 6807
7721 6808
8488 6809
562 6810
5782 6811
6673 6812
2172 6813
4631 6814
6815 6815
2958 6816
156 6817
6818 6818
9066 6819
6554 6820
3918 6821
8793 6822
2605 6823
6243 6824
6825 6825
1213 6826
2781 6827
2761 6828
5992 6829
6999 6830
7597 6831
6927 6832
1455 6833
8566 6834
6727 6835
4469 6836
557 6837
486 6838
6652 6839
1127 6840
6664 6841
2982 6842
3692 6843
6844 6844
6845 6845
3890 6846
2120 6847
6848 6848
6019 6849
1951 6850
6010 6851
7757 6852
7915 6853
3442 6854
6319 6855
809 6856
6857 6857
3797 6858
8772 6859
7658 6860
6861 6861
573 6862
1555 6863
7041 6864
9528 6865
4129 6866
6867 6867
1339 6868
4692 6869
6870 6870
158 6871
6724 6872
3836 6873
8815 6874
6875 6875
7636 6876
8983 6877
460 6878
5031 6879
2337 6880
466 6881
6882 6882
5038 6883
8513 6884
5844 6885
9156 6886
6887 6887
2965 6888
6145 6889
4413 6890
9391 6891
4401 6892
1600 6893
6894 6894
6895 6895
5723 6896
1606 6897
6898 6898
4271 6899
303 6900
4730 6901
9986 6902
1396 6903
3018 6904
6905 6905
1048 6906
7852 6907
8166 6908
5666 6909
1741 6910
4445 6911
4192 6912
8085 6913
923 6914
7662 6915
6916 6916
3682 6917
7251 6918
5461 6919
7722 6920
7931 6921
7916 6922
8078 6923
4167 6924
3712 6925
8368 6926
1751 6927
8240 6928
1753 6929
5511 6930
8814 6931
6932 6932
8512 6933
2887 6934
9505 6935
9907 6936
1119 6937
559 6938
8288 6939
4532 6940
790 6941
3605 6942
6598 6943
6298 6944
9783 6945
4674 6946
3956 6947
1481 6948
8561 6949
6950 6950
6951 6951
6952 6952
5890 6953
2675 6954
6977 6955
1965 6956
6591 6957
5613 6958
7972 6959
4284 6960
2035 6961
6630 6962
1046 6963
8827 6964
554 6965
6966 6966
8647 6967
5768 6968
6855 6969
4283 6970
4719 6971
6972 6972
5283 6973
6974 6974
4183 6975
223 6976
5285 6977
4013 6978
526 6979
1507 6980
6981 6981
2826 6982
3284 6983
4503 6984
6985 6985
5163 6986
665 6987
8268 6988
7798 6989
8667 6990
1564 6991
2200 6992
1354 6993
8160 6994
3818 6995
8181 6996
7236 6997
5729 6998
3169 6999
1069 7000
2564 7001
3363 7002
3383 7003
1669 7004
972 7005
9647 7006
5188 7007
7324 7008
5524 7009
5159 7010
3430 7011
7823 7012
8071 7013
6295 7014
8359 7015
3353 7016
8994 7017
8851 7018
7208 7019
3379 7020
4485 7021
9902 7022
9429 7023
8296 7024
5790 7025
1223 7026
9266 7027
523 7028
7029 7029
8024 7030
873 7031
7291 7032
4385 7033
8790 7034
7612 7035
2512 7036
8455 7037
3448 7038
8198 7039
3795 7040
1470 7041
317 7042
1511 7043
3526 7044
2683 7045
3217 7046
2968 7047
1150 7048
4004 7049
5788 7050
238 7051
4774 7052
5893 7053
1909 7054
8477 7055
5291 7056
2593 7057
1815 7058
6282 7059
7667 7060
6956 7061
6106 7062
7063 7063
7358 7064
8123 7065
7066 7066
1579 7067
8583 7068
5424 7069
2479 7070
4645 7071
2383 7072
1124 7073
6063 7074
2133 7075
5034 7076
8708 7077
7100 7078
3966 7079
413 7080
9056 7081
1519 7082
4438 7083
3099 7084
9756 7085
1028 7086
8300 7087
5953 7088
7112 7089
3203 7090
4194 7091
2991 7092
9961 7093
3925 7094
8022 7095
1436 7096
5247 7097
4193 7098
6185 7099
3707 7100
6355 7101
6629 7102
6830 7103
7930 7104
4052 7105
8191 7106
7107 7107
5645 7108
4820 7109
1884 7110
2291 7111
3537 7112
3596 7113
3027 7114
2283 7115
8933 7116
7117 7117
4921 7118
7119 7119
4703 7120
1772 7121
5469 7122
2182 7123
7124 7124
663 7125
2492 7126
2858 7127
9751 7128
4893 7129
7130 7130
5322 7131
7938 7132
9190 7133
4534 7134
2837 7135
7136 7136
6377 7137
7410 7138
6601 7139
3908 7140
2645 7141
7832 7142
8003 7143
8681 7144
1705 7145
9831 7146
8201 7147
7134 7148
1478 7149
6518 7150
3213 7151
1738 7152
6269 7153
7882 7154
6159 7155
9603 7156
2392 7157
7158 7158
2349 7159
7160 7160
8095 7161
1630 7162
4376 7163
6441 7164
2444 7165
1883 7166
1083 7167
4858 7168
7874 7169
9168 7170
3100 7171
3637 7172
1098 7173
1985 7174
5921 7175
7176 7176
1097 7177
9665 7178
2784 7179
8737 7180
7181 7181
1604 7182
3060 7183
7184 7184
4695 7185
3699 7186
4737 7187
8849 7188
7189 7189
7190 7190
3454 7191
2653 7192
5753 7193
8399 7194
3366 7195
2531 7196
6561 7197
5689 7198
6056 7199
2138 7200
2287 7201
7465 7202
7203 7203
4683 7204
5735 7205
3960 7206
8220 7207
8350 7208
7476 7209
1475 7210
5631 7211
4396 7212
301 7213
219 7214
9900 7215
639 7216
9617 7217
8098 7218
1277 7219
7220 7220
3114 7221
9855 7222
3462 7223
5422 7224
8972 7225
212 7226
7227 7227
3670 7228
1307 7229
4392 7230
5126 7231
3072 7232
6946 7233
1360 7234
7235 7235
5746 7236
3173 7237
8581 7238
2558 7239
4838 7240
5459 7241
7177 7242
8274 7243
5351 7244
6803 7245
2677 7246
4238 7247
9965 7248
3671 7249
8633 7250
7444 7251
3416 7252
3428 7253
8604 7254
7255 7255
9402 7256
7257 7257
1730 7258
8877 7259
5224 7260
9409 7261
9421 7262
734 7263
9707 7264
8948 7265
40 7266
5595 7267
8367 7268
6398 7269
4204 7270
2500 7271
4161 7272
7311 7273
7238 7274
6500 7275
7276 7276
7277 7277
8531 7278
934 7279
7280 7280
8977 7281
1900 7282
4070 7283
8308 7284
1974 7285
414 7286
1472 7287
166 7288
4912 7289
5706 7290
4931 7291
2213 7292
2424 7293
556 7294
5030 7295
6609 7296
7297 7297
1006 7298
7697 7299
7300 7300
3302 7301
7032 7302
8934 7303
1724 7304
3874 7305
9314 7306
4983 7307
1309 7308
7309 7309
7879 7310
4364 7311
8870 7312
4195 7313
3160 7314
1646 7315
9450 7316
7317 7317
8646 7318
2928 7319
9542 7320
4729 7321
7322 7322
4036 7323
5101 7324
6149 7325
6851 7326
2867 7327
6294 7328
8665 7329
7330 7330
5940 7331
7332 7332
6223 7333
1973 7334
7525 7335
3838 7336
838 7337
3907 7338
87 7339
9038 7340
7341 7341
1107 7342
9494 7343
4030 7344
628 7345
370 7346
3265 7347
2327 7348
1841 7349
7350 7350
8766 7351
2773 7352
2707 7353
7815 7354
1135 7355
1609 7356
7959 7357
5237 7358
8190 7359
5750 7360
1156 7361
62 7362
9197 7363
8978 7364
8720 7365
2251 7366
2740 7367
8784 7368
7369 7369
7875 7370
7371 7371
7584 7372
4936 7373
6020 7374
7375 7375
3588 7376
5052 7377
8348 7378
8803 7379
4311 7380
255 7381
6491 7382
1616 7383
2620 7384
7650 7385
7838 7386
7877 7387
6650 7388
5035 7389
5370 7390
7944 7391
604 7392
7393 7393
2481 7394
902 7395
8143 7396
6131 7397
7398 7398
7090 7399
7400 7400
6471 7401
2981 7402
6142 7403
7404 7404
587 7405
1131 7406
9386 7407
5737 7408
3822 7409
7433 7410
9259 7411
3245 7412
7413 7413
8518 7414
7415 7415
7416 7416
7417 7417
3791 7418
1654 7419
3123 7420
3831 7421
277 7422
3796 7423
3299 7424
1996 7425
9468 7426
9223 7427
2148 7428
7429 7429
6167 7430
2405 7431
7432 7432
7192 7433
2402 7434
3196 7435
6028 7436
7437 7437
9945 7438
7439 7439
7331 7440
2580 7441
1301 7442
4371 7443
6440 7444
2956 7445
1648 7446
5909 7447
7448 7448
3848 7449
7450 7450
7367 7451
7452 7452
7453 7453
2933 7454
8692 7455
5523 7456
1315 7457
7684 7458
9163 7459
1665 7460
4797 7461
9334 7462
3789 7463
7754 7464
7202 7465
9863 7466
115 7467
9217 7468
9983 7469
5324 7470
1391 7471
5972 7472
7473 7473
9300 7474
3318 7475
83 7476
629 7477
6268 7478
6586 7479
9325 7480
7481 7481
291 7482
666 7483
7484 7484
97 7485
3739 7486
1324 7487
9384 7488
7489 7489
9926 7490
7491 7491
8443 7492
4291 7493
9605 7494
5994 7495
1261 7496
7872 7497
5194 7498
1003 7499
4277 7500
1930 7501
3887 7502
3047 7503
6302 7504
1094 7505
2631 7506
7961 7507
4064 7508
1727 7509
9655 7510
7740 7511
1115 7512
971 7513
7514 7514
8573 7515
3088 7516
129 7517
8467 7518
7927 7519
4320 7520
6722 7521
7005 7522
8521 7523
7524 7524
989 7525
9187 7526
5059 7527
7528 7528
7529 7529
1296 7530
3915 7531
100 7532
9786 7533
2187 7534
3694 7535
5394 7536
9580 7537
7538 7538
8765 7539
6878 7540
6457 7541
6124 7542
225 7543
4267 7544
8053 7545
36 7546
9426 7547
1915 7548
3931 7549
8975 7550
7551 7551
2783 7552
1350 7553
7577 7554
5871 7555
1295 7556
3645 7557
565 7558
7559 7559
1794 7560
2943 7561
7562 7562
7695 7563
7564 7564
7175 7565
7692 7566
170 7567
7210 7568
8955 7569
4125 7570
7571 7571
3053 7572
5109 7573
5774 7574
5343 7575
1644 7576
8540 7577
9516 7578
2622 7579
6248 7580
3669 7581
6458 7582
433 7583
9186 7584
3676 7585
7586 7586
1 7587
7588 7588
5000 7589
3954 7590
3030 7591
1162 7592
8548 7593
2207 7594
3720 7595
7596 7596
5617 7597
1653 7598
8930 7599
6669 7600
6978 7601
7602 7602
7603 7603
6755 7604
2849 7605
7606 7606
4038 7607
130 7608
7609 7609
197 7610
3624 7611
8417 7612
6468 7613
5485 7614
6255 7615
4340 7616
7617 7617
2226 7618
7619 7619
774 7620
9179 7621
1680 7622
8830 7623
8570 7624
3539 7625
6820 7626
6896 7627
7628 7628
5108 7629
8155 7630
9091 7631
7632 7632
5315 7633
9182 7634
9717 7635
5784 7636
784 7637
6794 7638
738 7639
2215 7640
1001 7641
98 7642
2658 7643
2785 7644
8062 7645
9736 7646
2427 7647
5280 7648
2862 7649
6343 7650
2772 7651
6209 7652
9352 7653
2131 7654
1987 7655
182 7656
1529 7657
9273 7658
5127 7659
2704 7660
3139 7661
2188 7662
858 7663
913 7664
8316 7665
3221 7666
440 7667
792 7668
7686 7669
2281 7670
323 7671
7140 7672
8248 7673
6957 7674
2567 7675
8940 7676
513 7677
1512 7678
5832 7679
916 7680
7366 7681
7682 7682
3256 7683
8804 7684
7685 7685
8131 7686
7687 7687
2667 7688
1576 7689
9762 7690
6961 7691
9552 7692
7145 7693
2770 7694
8335 7695
9477 7696
5131 7697
7348 7698
4044 7699
9261 7700
871 7701
9087 7702
1154 7703
3437 7704
5694 7705
3162 7706
5969 7707
3151 7708
4062 7709
7710 7710
6382 7711
4959 7712
7713 7713
941 7714
7715 7715
9095 7716
5630 7717
931 7718
9212 7719
3492 7720
3469 7721
3426 7722
7723 7723
7724 7724
5199 7725
505 7726
4573 7727
7794 7728
7932 7729
7730 7730
7979 7731
2594 7732
8174 7733
330 7734
7883 7735
5150 7736
6538 7737
3423 7738
1623 7739
5217 7740
3574 7741
8127 7742
8009 7743
7744 7744
7483 7745
6061 7746
7747 7747
1482 7748
2403 7749
5668 7750
9916 7751
4691 7752
9075 7753
7788 7754
3172 7755
5993 7756
8171 7757
7360 7758
1515 7759
2842 7760
191 7761
7180 7762
5592 7763
1641 7764
9835 7765
2163 7766
4705 7767
986 7768
5877 7769
2634 7770
6626 7771
7772 7772
2550 7773
1446 7774
7775 7775
3600 7776
3178 7777
2864 7778
1450 7779
3349 7780
4472 7781
1548 7782
3301 7783
7784 7784
2938 7785
5575 7786
7787 7787
3438 7788
7579 7789
9758 7790
2329 7791
4529 7792
3227 7793
2606 7794
5420 7795
7796 7796
1984 7797
2114 7798
9735 7799
7320 7800
535 7801
2747 7802
9291 7803
3737 7804
2176 7805
4539 7806
4821 7807
2541 7808
7809 7809
7810 7810
4200 7811
3418 7812
3031 7813
8453 7814
1357 7815
3395 7816
675 7817
9141 7818
5167 7819
6339 7820
8446 7821
300 7822
1918 7823
7824 7824
4772 7825
7826 7826
1540 7827
7828 7828
7025 7829
5371 7830
502 7831
4381 7832
1077 7833
6534 7834
7835 7835
6390 7836
6012 7837
8056 7838
6558 7839
7286 7840
4072 7841
7842 7842
8490 7843
7844 7844
2694 7845
2637 7846
2503 7847
2713 7848
2987 7849
7850 7850
3770 7851
84 7852
45 7853
9989 7854
2995 7855
1637 7856
9639 7857
3347 7858
7859 7859
3424 7860
2117 7861
7862 7862
9428 7863
7864 7864
622 7865
6212 7866
4249 7867
1595 7868
7869 7869
7870 7870
5900 7871
4053 7872
6026 7873
8582 7874
5186 7875
9834 7876
8148 7877
7878 7878
851 7879
7880 7880
3051 7881
9359 7882
5754 7883
9679 7884
3689 7885
7962 7886
9331 7887
7095 7888
1598 7889
6176 7890
7618 7891
6236 7892
2267 7893
7288 7894
6762 7895
3435 7896
5728 7897
6190 7898
7899 7899
9767 7900
7138 7901
2980 7902
8427 7903
5920 7904
7315 7905
4701 7906
7601 7907
6907 7908
4942 7909
3897 7910
7511 7911
5603 7912
7913 7913
5793 7914
9154 7915
5646 7916
6928 7917
9482 7918
4945 7919
8536 7920
9678 7921
832 7922
3346 7923
5148 7924
7925 7925
2830 7926
7814 7927
3331 7928
2025 7929
6135 7930
8702 7931
6128 7932
8963 7933
7934 7934
8275 7935
4299 7936
9379 7937
5835 7938
6100 7939
7974 7940
7517 7941
6031 7942
7768 7943
8744 7944
3184 7945
1009 7946
55 7947
9656 7948
4190 7949
8613 7950
6022 7951
7952 7952
2311 7953
7510 7954
279 7955
8937 7956
853 7957
4042 7958
9350 7959
7960 7960
5425 7961
1662 7962
7963 7963
4639 7964
1846 7965
7966 7966
778 7967
6765 7968
2626 7969
7829 7970
7706 7971
3193 7972
107 7973
2253 7974
9578 7975
8577 7976
2755 7977
3052 7978
9669 7979
7980 7980
5593 7981
4993 7982
2666 7983
3463 7984
9004 7985
2907 7986
528 7987
92 7988
4970 7989
4155 7990
8099 7991
7992 7992
3054 7993
7994 7994
7689 7995
1735 7996
8575 7997
4984 7998
2679 7999
2023 8000
8001 8001
3032 8002
1013 8003
7211 8004
6862 8005
1270 8006
2174 8007
9884 8008
9913 8009
4917 8010
8678 8011
5824 8012
2517 8013
8014 8014
8015 8015
3369 8016
4424 8017
5087 8018
5095 8019
771 8020
260 8021
3128 8022
3328 8023
4870 8024
1204 8025
9412 8026
2878 8027
998 8028
7004 8029
860 8030
7388 8031
1594 8032
1364 8033
1757 8034
8035 8035
9849 8036
7395 8037
206 8038
258 8039
7377 8040
7199 8041
5726 8042
4999 8043
8966 8044
4373 8045
3288 8046
8047 8047
3544 8048
8652 8049
4603 8050
1322 8051
8052 8052
2014 8053
2454 8054
48 8055
9297 8056
8057 8057
7295 8058
859 8059
8060 8060
7948 8061
5102 8062
5860 8063
2181 8064
3711 8065
6757 8066
1775 8067
4431 8068
7563 8069
409 8070
8107 8071
826 8072
6344 8073
9180 8074
4922 8075
6547 8076
4528 8077
2421 8078
5945 8079
9145 8080
947 8081
5436 8082
8083 8083
404 8084
2819 8085
5356 8086
2897 8087
2342 8088
8089 8089
8090 8090
7727 8091
9754 8092
8817 8093
4500 8094
9337 8095
9662 8096
9575 8097
8568 8098
8962 8099
6805 8100
9372 8101
3729 8102
7735 8103
7232 8104
4619 8105
8106 8106
3387 8107
4076 8108
9837 8109
2753 8110
9576 8111
8668 8112
4163 8113
8114 8114
253 8115
5744 8116
4706 8117
8406 8118
5778 8119
3619 8120
5502 8121
3144 8122
522 8123
7665 8124
6160 8125
4749 8126
7260 8127
8128 8128
214 8129
6876 8130
9256 8131
5731 8132
1067 8133
8920 8134
9867 8135
19 8136
7242 8137
4 8138
7873 8139
4447 8140
6627 8141
1675 8142
4339 8143
8144 8144
8145 8145
2346 8146
2670 8147
4174 8148
326 8149
9787 8150
560 8151
6210 8152
8153 8153
8154 8154
2809 8155
5222 8156
1279 8157
8158 8158
6427 8159
954 8160
2379 8161
8162 8162
9891 8163
5250 8164
3840 8165
5923 8166
7086 8167
9530 8168
5647 8169
9847 8170
7679 8171
8172 8172
8157 8173
3782 8174
1601 8175
3197 8176
5763 8177
8178 8178
6184 8179
773 8180
2668 8181
8182 8182
8183 8183
9456 8184
6093 8185
9142 8186
1020 8187
8188 8188
7819 8189
7696 8190
4806 8191
4322 8192
6429 8193
2764 8194
4016 8195
9040 8196
8197 8197
9355 8198
6665 8199
8200 8200
4359 8201
8202 8202
1936 8203
6913 8204
6077 8205
6508 8206
5124 8207
2257 8208
984 8209
9224 8210
4113 8211
9131 8212
9544 8213
4928 8214
9311 8215
7693 8216
1722 8217
8419 8218
621 8219
8084 8220
9535 8221
8222 8222
8223 8223
5515 8224
9585 8225
8226 8226
4802 8227
2696 8228
1264 8229
1524 8230
5254 8231
8232 8232
6499 8233
8462 8234
607 8235
2806 8236
561 8237
8238 8238
926 8239
9778 8240
6410 8241
6120 8242
8243 8243
6177 8244
8727 8245
205 8246
4176 8247
7902 8248
6570 8249
5359 8250
2723 8251
4020 8252
6460 8253
9509 8254
8459 8255
7165 8256
8971 8257
5226 8258
1262 8259
9620 8260
8666 8261
1286 8262
4805 8263
8264 8264
3617 8265
7502 8266
623 8267
8745 8268
132 8269
1891 8270
3374 8271
452 8272
9128 8273
9730 8274
4026 8275
1854 8276
8277 8277
46 8278
7082 8279
2210 8280
6806 8281
6960 8282
7957 8283
924 8284
7456 8285
2409 8286
5077 8287
2730 8288
7469 8289
7611 8290
2082 8291
2475 8292
7442 8293
7574 8294
5986 8295
4981 8296
8219 8297
3376 8298
5762 8299
1661 8300
2821 8301
295 8302
216 8303
9278 8304
7397 8305
2428 8306
8704 8307
8037 8308
6947 8309
1422 8310
2308 8311
8312 8312
1617 8313
961 8314
8315 8315
2423 8316
5179 8317
3177 8318
9818 8319
4553 8320
5742 8321
154 8322
7430 8323
9361 8324
1587 8325
8326 8326
4704 8327
2382 8328
7893 8329
8330 8330
2487 8331
8332 8332
9401 8333
2654 8334
7942 8335
714 8336
6346 8337
5391 8338
5152 8339
2820 8340
6194 8341
3902 8342
5875 8343
2872 8344
5513 8345
5701 8346
8347 8347
9199 8348
7827 8349
4430 8350
8847 8351
7272 8352
3553 8353
8354 8354
8578 8355
8356 8356
7344 8357
3799 8358
8375 8359
8360 8360
1380 8361
176 8362
7578 8363
8364 8364
8365 8365
5690 8366
7299 8367
2290 8368
3842 8369
8370 8370
7239 8371
2245 8372
8373 8373
7050 8374
7454 8375
4251 8376
1174 8377
5446 8378
9405 8379
4752 8380
1319 8381
5121 8382
7482 8383
2411 8384
7698 8385
7598 8386
126 8387
8388 8388
3189 8389
1986 8390
8260 8391
3150 8392
4094 8393
7515 8394
4286 8395
3120 8396
6229 8397
8398 8398
2788 8399
4694 8400
3392 8401
7030 8402
7470 8403
8404 8404
8405 8405
5961 8406
9102 8407
8408 8408
1060 8409
9369 8410
5702 8411
506 8412
2812 8413
1378 8414
8415 8415
8557 8416
1451 8417
5122 8418
4456 8419
749 8420
8421 8421
8422 8422
9782 8423
3668 8424
8425 8425
8544 8426
5503 8427
6979 8428
7593 8429
2853 8430
1260 8431
647 8432
4173 8433
4754 8434
3944 8435
9048 8436
4647 8437
7125 8438
4664 8439
5554 8440
5636 8441
8442 8442
5076 8443
3468 8444
4951 8445
1062 8446
891 8447
6644 8448
2536 8449
2676 8450
9934 8451
8452 8452
3258 8453
5016 8454
7037 8455
8456 8456
8033 8457
446 8458
1779 8459
8460 8460
8461 8461
777 8462
6948 8463
8974 8464
4168 8465
8466 8466
3792 8467
8468 8468
8469 8469
3039 8470
3208 8471
8472 8472
8473 8473
8474 8474
5825 8475
4888 8476
801 8477
8669 8478
6042 8479
3357 8480
3253 8481
7446 8482
8483 8483
7017 8484
8485 8485
6070 8486
6768 8487
1063 8488
1306 8489
8013 8490
1487 8491
5534 8492
8493 8493
9703 8494
9533 8495
8185 8496
8497 8497
8498 8498
1471 8499
1429 8500
2866 8501
772 8502
2261 8503
8504 8504
5776 8505
8414 8506
3543 8507
2350 8508
7362 8509
3878 8510
3754 8511
2520 8512
8074 8513
8898 8514
2738 8515
8516 8516
1007 8517
4103 8518
8519 8519
6288 8520
1728 8521
5221 8522
1394 8523
8524 8524
910 8525
6525 8526
3949 8527
8528 8528
3133 8529
9233 8530
7750 8531
4746 8532
8891 8533
4801 8534
5509 8535
7425 8536
1763 8537
4610 8538
7079 8539
8781 8540
2777 8541
7148 8542
8543 8543
8012 8544
552 8545
1676 8546
1535 8547
4572 8548
4791 8549
7457 8550
8551 8551
2314 8552
8553 8553
6603 8554
138 8555
8556 8556
4592 8557
3901 8558
405 8559
5178 8560
9260 8561
6582 8562
8563 8563
4006 8564
4590 8565
885 8566
2180 8567
625 8568
8028 8569
7908 8570
1942 8571
9406 8572
7462 8573
9731 8574
6311 8575
7359 8576
5566 8577
743 8578
5779 8579
1143 8580
9904 8581
8514 8582
4511 8583
1415 8584
8325 8585
8586 8586
968 8587
8588 8588
8236 8589
3358 8590
2339 8591
3033 8592
8593 8593
3728 8594
1231 8595
3083 8596
9631 8597
4785 8598
4266 8599
8600 8600
8601 8601
8985 8602
1640 8603
307 8604
8605 8605
6133 8606
2191 8607
8608 8608
2377 8609
6965 8610
9360 8611
9874 8612
7950 8613
4538 8614
8615 8615
7506 8616
8617 8617
1248 8618
4521 8619
8620 8620
3865 8621
8321 8622
2575 8623
8161 8624
3244 8625
5823 8626
3932 8627
1458 8628
9660 8629
1282 8630
4918 8631
9856 8632
5011 8633
8634 8634
8635 8635
8636 8636
1554 8637
8638 8638
8639 8639
6015 8640
8445 8641
4079 8642
6261 8643
8644 8644
861 8645
133 8646
1566 8647
9841 8648
9628 8649
8650 8650
8651 8651
4665 8652
4270 8653
7258 8654
3955 8655
3731 8656
5975 8657
6272 8658
2879 8659
6291 8660
8661 8661
7104 8662
1175 8663
5662 8664
4591 8665
6778 8666
5519 8667
8112 8668
8478 8669
1708 8670
8671 8671
8541 8672
8673 8673
7222 8674
5411 8675
8193 8676
6478 8677
9629 8678
917 8679
9519 8680
3098 8681
3876 8682
6588 8683
5596 8684
9495 8685
1190 8686
8120 8687
149 8688
7837 8689
8690 8690
7018 8691
8684 8692
3688 8693
6816 8694
8695 8695
6880 8696
982 8697
8698 8698
8699 8699
8700 8700
3946 8701
5157 8702
8439 8703
432 8704
8705 8705
6418 8706
1410 8707
6774 8708
8709 8709
8710 8710
5375 8711
4362 8712
3680 8713
4121 8714
2109 8715
3 8716
4336 8717
6933 8718
8749 8719
3110 8720
744 8721
9467 8722
5428 8723
9446 8724
2640 8725
9648 8726
4119 8727
9938 8728
8729 8729
7403 8730
1157 8731
3736 8732
5176 8733
2066 8734
8735 8735
5314 8736
2861 8737
6814 8738
3002 8739
1578 8740
7971 8741
7868 8742
856 8743
9263 8744
9193 8745
803 8746
812 8747
4996 8748
6211 8749
7607 8750
8751 8751
8752 8752
5578 8753
8653 8754
8755 8755
2923 8756
6682 8757
9701 8758
797 8759
8760 8760
9985 8761
8072 8762
7113 8763
8764 8764
3409 8765
7585 8766
6363 8767
7983 8768
8674 8769
8770 8770
8522 8771
3602 8772
8773 8773
9957 8774
1527 8775
6559 8776
7353 8777
5862 8778
5577 8779
3398 8780
7409 8781
4246 8782
3628 8783
7368 8784
7334 8785
4357 8786
5232 8787
3040 8788
802 8789
6193 8790
1586 8791
8819 8792
9347 8793
8794 8794
9803 8795
4225 8796
8733 8797
876 8798
4668 8799
1582 8800
8858 8801
3402 8802
640 8803
9448 8804
8805 8805
3563 8806
8807 8807
6636 8808
5452 8809
9068 8810
4509 8811
850 8812
8813 8813
8580 8814
1967 8815
5073 8816
2757 8817
5904 8818
8718 8819
1118 8820
4634 8821
5919 8822
6789 8823
4112 8824
4708 8825
7771 8826
6147 8827
3741 8828
8040 8829
5946 8830
5912 8831
6198 8832
2824 8833
1948 8834
6730 8835
5249 8836
6373 8837
1927 8838
1938 8839
4775 8840
329 8841
8842 8842
8484 8843
9724 8844
8845 8845
9526 8846
1878 8847
5935 8848
1871 8849
4059 8850
780 8851
4987 8852
8853 8853
5505 8854
1224 8855
3260 8856
8857 8857
3417 8858
5010 8859
3538 8860
2218 8861
7791 8862
4464 8863
8864 8864
3405 8865
5787 8866
4041 8867
8868 8868
1369 8869
2801 8870
8871 8871
7490 8872
4555 8873
8874 8874
9893 8875
7581 8876
6695 8877
66 8878
6466 8879
9449 8880
8947 8881
3835 8882
74 8883
3498 8884
2825 8885
2719 8886
7290 8887
6276 8888
9424 8889
5624 8890
8228 8891
6838 8892
3192 8893
2264 8894
22 8895
904 8896
174 8897
3280 8898
1852 8899
965 8900
5066 8901
5705 8902
8903 8903
8393 8904
8623 8905
8906 8906
7170 8907
5448 8908
8909 8909
8991 8910
4148 8911
7999 8912
8271 8913
1732 8914
5277 8915
8916 8916
2459 8917
3616 8918
8394 8919
50 8920
508 8921
6165 8922
1557 8923
1898 8924
8343 8925
1501 8926
1690 8927
5584 8928
3567 8929
392 8930
7422 8931
2002 8932
8757 8933
9804 8934
8407 8935
1074 8936
8324 8937
5312 8938
8939 8939
7217 8940
2912 8941
1236 8942
8943 8943
7545 8944
4375 8945
5166 8946
4411 8947
4596 8948
4830 8949
1023 8950
6217 8951
8565 8952
8953 8953
186 8954
9892 8955
8956 8956
6824 8957
6296 8958
1392 8959
553 8960
8961 8961
3219 8962
8567 8963
1922 8964
8965 8965
7244 8966
5412 8967
2706 8968
5955 8969
194 8970
5510 8971
2948 8972
2807 8973
7026 8974
6881 8975
8976 8976
2094 8977
2768 8978
8025 8979
2515 8980
2940 8981
9292 8982
6786 8983
558 8984
18 8985
8986 8986
9129 8987
2139 8988
4891 8989
9146 8990
5932 8991
8480 8992
6325 8993
3224 8994
8995 8995
4232 8996
6550 8997
481 8998
9484 8999
9000 9000
5479 9001
3941 9002
756 9003
4081 9004
7718 9005
9061 9006
9943 9007
2440 9008
4621 9009
7924 9010
1181 9011
1302 9012
2397 9013
1228 9014
6514 9015
4627 9016
5068 9017
6787 9018
240 9019
5560 9020
305 9021
3805 9022
5769 9023
9403 9024
3505 9025
483 9026
6795 9027
23 9028
6566 9029
7753 9030
7736 9031
1970 9032
310 9033
9034 9034
9348 9035
8361 9036
6406 9037
3861 9038
9039 9039
8401 9040
3397 9041
1914 9042
8880 9043
9044 9044
9045 9045
4626 9046
5265 9047
7426 9048
5024 9049
2414 9050
9051 9051
7830 9052
3168 9053
5791 9054
9055 9055
8750 9056
1376 9057
5627 9058
456 9059
3756 9060
6315 9061
1346 9062
2616 9063
4635 9064
5551 9065
1171 9066
6873 9067
7572 9068
2724 9069
9871 9070
8768 9071
6415 9072
9119 9073
2286 9074
4873 9075
6903 9076
7318 9077
7548 9078
4210 9079
2674 9080
6990 9081
1054 9082
1876 9083
7164 9084
5028 9085
6074 9086
9018 9087
3523 9088
5319 9089
1484 9090
479 9091
5740 9092
4333 9093
9094 9094
1245 9095
2628 9096
9097 9097
1072 9098
9099 9099
6361 9100
5341 9101
4158 9102
6423 9103
3677 9104
8945 9105
9695 9106
1542 9107
9077 9108
6592 9109
6053 9110
3701 9111
8231 9112
5467 9113
3199 9114
2966 9115
9116 9116
883 9117
8675 9118
9073 9119
8163 9120
9121 9121
3494 9122
3518 9123
9124 9124
967 9125
9126 9126
3004 9127
4106 9128
2071 9129
9130 9130
4088 9131
8066 9132
9133 9133
6356 9134
7847 9135
5708 9136
9137 9137
966 9138
9747 9139
9844 9140
5036 9141
9211 9142
9143 9143
769 9144
2445 9145
4698 9146
7493 9147
200 9148
9149 9149
8430 9150
3050 9151
9152 9152
9153 9153
5080 9154
9155 9155
2754 9156
9532 9157
21 9158
2384 9159
6914 9160
7412 9161
9162 9162
419 9163
6828 9164
7947 9165
9166 9166
1209 9167
3501 9168
1998 9169
8861 9170
5397 9171
3444 9172
9173 9173
5354 9174
4681 9175
9176 9176
8363 9177
4726 9178
1389 9179
6107 9180
9181 9181
2070 9182
9183 9183
8546 9184
7625 9185
6071 9186
636 9187
5482 9188
451 9189
2922 9190
9191 9191
9192 9192
1333 9193
9194 9194
5817 9195
4541 9196
9462 9197
9198 9198
1384 9199
9802 9200
6073 9201
9255 9202
9203 9203
7987 9204
674 9205
7463 9206
9207 9207
5230 9208
4622 9209
9210 9210
5730 9211
7427 9212
6827 9213
7443 9214
1580 9215
704 9216
4950 9217
3058 9218
4435 9219
5004 9220
7657 9221
2289 9222
5526 9223
9417 9224
9225 9225
9527 9226
6822 9227
8776 9228
9229 9229
9230 9230
4608 9231
5640 9232
5321 9233
3158 9234
9235 9235
4126 9236
9237 9237
7759 9238
9239 9239
6306 9240
5619 9241
9242 9242
1742 9243
6094 9244
1254 9245
8046 9246
5761 9247
8400 9248
9249 9249
160 9250
9251 9251
4558 9252
4139 9253
9254 9254
4736 9255
6169 9256
5873 9257
9258 9258
2725 9259
2716 9260
9534 9261
2522 9262
5206 9263
9264 9264
3431 9265
1894 9266
8778 9267
6729 9268
2962 9269
2889 9270
8925 9271
2845 9272
1957 9273
9274 9274
245 9275
9276 9276
99 9277
5093 9278
8411 9279
1780 9280
2389 9281
3355 9282
8736 9283
1503 9284
7088 9285
9286 9286
108 9287
9838 9288
8210 9289
5409 9290
2147 9291
2328 9292
9293 9293
4489 9294
1273 9295
8860 9296
4060 9297
5373 9298
276 9299
2721 9300
7394 9301
7737 9302
1504 9303
5712 9304
7487 9305
7841 9306
648 9307
1950 9308
462 9309
9659 9310
9897 9311
8816 9312
5001 9313
5202 9314
6035 9315
1583 9316
9317 9317
6953 9318
7328 9319
8753 9320
8811 9321
2890 9322
1217 9323
8854 9324
4442 9325
4580 9326
4554 9327
8266 9328
7748 9329
4866 9330
5833 9331
2684 9332
6075 9333
9415 9334
5440 9335
9336 9336
9214 9337
8409 9338
6929 9339
9025 9340
9341 9341
259 9342
3111 9343
5046 9344
2651 9345
9691 9346
2856 9347
1634 9348
9349 9349
8801 9350
2600 9351
8176 9352
6327 9353
9342 9354
218 9355
3322 9356
9357 9357
3115 9358
8621 9359
2591 9360
5714 9361
498 9362
9363 9363
9502 9364
395 9365
9713 9366
8800 9367
2273 9368
6888 9369
9990 9370
2363 9371
7492 9372
9373 9373
9374 9374
9718 9375
6138 9376
9377 9377
71 9378
664 9379
9380 9380
9381 9381
2463 9382
9383 9383
3086 9384
7009 9385
6143 9386
2615 9387
7531 9388
6266 9389
6036 9390
5327 9391
6285 9392
1016 9393
6571 9394
3509 9395
9052 9396
630 9397
4045 9398
1441 9399
5290 9400
8333 9401
9978 9402
5423 9403
9358 9404
4022 9405
3826 9406
5500 9407
5942 9408
2827 9409
1121 9410
2143 9411
2955 9412
8808 9413
6596 9414
9049 9415
5136 9416
7505 9417
5261 9418
4219 9419
6461 9420
3732 9421
5003 9422
2279 9423
8889 9424
8910 9425
3286 9426
9427 9427
4441 9428
8799 9429
689 9430
9454 9431
6733 9432
8523 9433
5215 9434
3769 9435
9898 9436
6962 9437
3587 9438
9439 9439
4907 9440
4395 9441
9368 9442
6699 9443
9071 9444
7891 9445
4892 9446
6050 9447
3962 9448
1834 9449
5165 9450
7984 9451
9452 9452
6885 9453
5236 9454
9455 9455
6666 9456
6522 9457
6926 9458
6029 9459
596 9460
7560 9461
2005 9462
5947 9463
9464 9464
9465 9465
8689 9466
8507 9467
1147 9468
9008 9469
1365 9470
2950 9471
8872 9472
9813 9473
52 9474
9475 9475
9476 9476
3883 9477
9870 9478
9479 9479
9480 9480
9432 9481
273 9482
247 9483
5056 9484
9485 9485
7043 9486
9487 9487
6536 9488
1893 9489
9709 9490
1799 9491
6758 9492
2499 9493
489 9494
3340 9495
9496 9496
2356 9497
9498 9498
1505 9499
2370 9500
9501 9501
9997 9502
1525 9503
9504 9504
6939 9505
3181 9506
5107 9507
9522 9508
5541 9509
8725 9510
7701 9511
1881 9512
3314 9513
1066 9514
5641 9515
8893 9516
1397 9517
2020 9518
8680 9519
9520 9520
1796 9521
3341 9522
6837 9523
3984 9524
542 9525
8253 9526
8645 9527
9739 9528
3704 9529
3885 9530
5542 9531
5773 9532
5156 9533
5453 9534
9320 9535
541 9536
9537 9537
2300 9538
9139 9539
2771 9540
6241 9541
6546 9542
8063 9543
3810 9544
9158 9545
976 9546
9547 9547
6769 9548
1765 9549
9550 9550
8139 9551
4874 9552
7045 9553
7382 9554
6711 9555
4995 9556
5346 9557
3708 9558
9559 9559
4197 9560
3332 9561
3277 9562
8949 9563
1518 9564
815 9565
9566 9566
3511 9567
7440 9568
1139 9569
9570 9570
9901 9571
9572 9572
1165 9573
340 9574
9206 9575
4408 9576
2672 9577
6336 9578
5268 9579
9315 9580
9581 9581
9561 9582
9104 9583
9584 9584
7273 9585
3592 9586
2078 9587
9422 9588
9988 9589
7659 9590
7767 9591
8812 9592
9593 9593
4923 9594
8630 9595
9596 9596
5058 9597
8921 9598
5368 9599
5164 9600
4552 9601
5015 9602
5733 9603
1632 9604
7512 9605
1748 9606
8924 9607
9608 9608
5018 9609
1137 9610
5882 9611
2439 9612
3996 9613
9614 9614
6181 9615
7024 9616
1233 9617
1699 9618
8340 9619
4404 9620
7945 9621
3550 9622
9298 9623
7922 9624
2190 9625
932 9626
3608 9627
2493 9628
3074 9629
9630 9630
1770 9631
2244 9632
5404 9633
3778 9634
3780 9635
9636 9636
6136 9637
4186 9638
3581 9639
5914 9640
9641 9641
9642 9642
8756 9643
7831 9644
4460 9645
8352 9646
5146 9647
5113 9648
251 9649
9621 9650
6487 9651
2514 9652
9653 9653
8547 9654
3829 9655
9064 9656
9657 9657
8721 9658
3978 9659
6161 9660
5897 9661
8603 9662
9270 9663
9748 9664
7645 9665
9666 9666
6796 9667
6489 9668
8703 9669
4446 9670
3362 9671
1377 9672
6712 9673
2396 9674
6451 9675
9676 9676
9677 9677
7921 9678
3269 9679
4347 9680
2927 9681
5693 9682
9683 9683
5287 9684
9685 9685
1797 9686
3697 9687
1255 9688
3306 9689
1405 9690
3661 9691
2814 9692
6954 9693
540 9694
9106 9695
2334 9696
3157 9697
5622 9698
5830 9699
6849 9700
7254 9701
9060 9702
9649 9703
1082 9704
7989 9705
3017 9706
7575 9707
7817 9708
6463 9709
9710 9710
7349 9711
1803 9712
4502 9713
1729 9714
8449 9715
2578 9716
1337 9717
5494 9718
7793 9719
30 9720
6639 9721
7460 9722
175 9723
696 9724
1388 9725
5325 9726
9727 9727
9728 9728
9729 9729
6651 9730
8798 9731
2406 9732
5445 9733
9734 9734
9895 9735
4310 9736
7075 9737
5537 9738
5278 9739
7265 9740
9122 9741
9742 9742
8884 9743
6683 9744
8787 9745
459 9746
6221 9747
9443 9748
8126 9749
6202 9750
3036 9751
9752 9752
9753 9753
8102 9754
1913 9755
7085 9756
685 9757
1234 9758
2199 9759
4319 9760
8475 9761
9720 9762
7072 9763
1044 9764
3965 9765
1545 9766
5664 9767
9768 9768
1706 9769
8763 9770
5072 9771
8887 9772
9466 9773
9774 9774
7795 9775
1784 9776
5349 9777
521 9778
5594 9779
3849 9780
9781 9781
4971 9782
334 9783
9784 9784
550 9785
7533 9786
2241 9787
985 9788
9046 9789
9790 9790
9791 9791
3479 9792
6869 9793
9794 9794
8346 9795
183 9796
9955 9797
3528 9798
9799 9799
4777 9800
1105 9801
5284 9802
7843 9803
2810 9804
6278 9805
2875 9806
7978 9807
4667 9808
6080 9809
8664 9810
1831 9811
6980 9812
3372 9813
4837 9814
9815 9815
9947 9816
4656 9817
8258 9818
3367 9819
5632 9820
5474 9821
2252 9822
1138 9823
9824 9824
9185 9825
3809 9826
332 9827
9828 9828
1684 9829
9288 9830
8426 9831
6834 9832
4123 9833
1719 9834
6532 9835
1844 9836
8109 9837
1820 9838
9069 9839
5794 9840
8648 9841
1108 9842
120 9843
4684 9844
360 9845
1111 9846
4296 9847
3146 9848
2297 9849
2400 9850
4255 9851
8559 9852
434 9853
7567 9854
5610 9855
1070 9856
8032 9857
3522 9858
9859 9859
9222 9860
4068 9861
9862 9862
6099 9863
3957 9864
9865 9865
457 9866
2401 9867
9868 9868
5402 9869
691 9870
786 9871
5487 9872
1991 9873
1202 9874
3342 9875
3577 9876
9877 9877
9878 9878
4069 9879
8726 9880
1592 9881
5638 9882
9883 9883
9866 9884
5820 9885
4966 9886
6354 9887
8353 9888
9889 9889
9890 9890
3122 9891
9330 9892
9107 9893
9894 9894
8612 9895
4604 9896
4164 9897
6701 9898
3470 9899
7215 9900
4879 9901
4289 9902
6897 9903
7051 9904
8041 9905
3483 9906
2455 9907
2588 9908
6426 9909
5652 9910
2096 9911
20 9912
7151 9913
9914 9914
9811 9915
2507 9916
7364 9917
9918 9918
8435 9919
6530 9920
7459 9921
7201 9922
9923 9923
740 9924
1629 9925
7241 9926
1828 9927
4236 9928
5651 9929
2750 9930
9941 9931
3786 9932
1896 9933
620 9934
5653 9935
9936 9936
1709 9937
983 9938
4248 9939
7792 9940
4818 9941
3705 9942
8856 9943
4323 9944
3500 9945
4743 9946
7556 9947
3767 9948
2957 9949
2790 9950
1214 9951
288 9952
5700 9953
9954 9954
2 9955
9956 9956
4342 9957
9958 9958
8389 9959
9960 9960
147 9961
1058 9962
5270 9963
8828 9964
6115 9965
9282 9966
8129 9967
2857 9968
4902 9969
9970 9970
9971 9971
4032 9972
4156 9973
9974 9974
960 9975
6078 9976
6923 9977
6623 9978
7836 9979
9980 9980
1087 9981
9704 9982
1113 9983
3024 9984
9067 9985
9793 9986
4170 9987
3695 9988
2898 9989
1155 9990
6692 9991
9321 9992
5979 9993
4178 9994
9797 9995
34 9996
9364 9997
9577 9998
4495 9999
6994 10000
