2714 268
1250 2146
7664 2252
8255 2197
2270 2270
6578 2049
8526 2223
222 2267
2194 2194
9876 2037
5643 2275
448 2164
2815 2085
6634 2273
930 2282
5210 2147
8170 2213
9437 2334
1691 2095
9711 2341
2129 2129
2214 2214
2050 2050
681 2278
6092 2324
7539 2215
1837 2280
3854 2269
1267 2308
2729 2255
3171 2350
3851 1152
9208 2224
1038 2281
4101 2219
1818 2093
8607 2044
4545 2268
8168 2248
2461 2109
8622 2088
6852 2279
4670 2386
2395 2237
4742 2242
9759 2353
6708 2239
5223 2148
2185 2185
2393 2393
2352 2352
2225 2225
8054 2122
2206 2206
8115 2144
2378 2378
9092 2258
5583 2388
5211 2409
5323 2029
2822 2094
4651 2384
2195 2195
4675 2116
8299 2173
8173 433
8429 2276
4673 2272
7479 2321
3145 2234
1698 2311
8706 2277
8297 2339
9189 2096
6090 2079
7752 2389
1151 2229
8328 2040
314 2089
3226 2240
3336 2179
2323 2323
996 2401
3687 2394
9588 2356
4638 2114
3943 2099
5293 2216
2295 2295
336 2329
5848 2119
2338 2338
4369 2217
3095 2390
6606 2149
9807 2315
2113 2113
5770 2243
6263 2261
376 2340
1249 2245
9933 2051
1885 2392
2027 2027
2961 2283
2166 2166
2544 2405
9195 2222
2230 2176
4939 2030
7521 2043
2828 2416
1743 2271
951 318
5676 2250
5267 2052
9016 2400
1091 434
1850 1850
5547 1843
8036 2297
8358 2189
9367 2226
549 2227
2059 2059
9318 2208
1288 2198
2741 2331
7911 2344
6621 2143
2228 2228
9419 2101
6504 2238
7246 2084
8883 2218
5532 2314
1747 2134
5458 2408
4504 1726
828 2106
5771 2348
9810 1907
4831 2316
5103 2317
2413 2413
5170 2274
6858 2191
2952 2060
5971 2061
2528 2404
3947 5439
2203 2203
3933 3793
1005 2186
9733 2257
2118 2118
6352 2034
4321 1730
4393 2299
2375 2249
9394 2292
8282 2160
4074 3774
1588 2419
8241 2376
5282 5441
7640 2163
7749 2403
7047 2346
3875 5404
6983 2187
834 2247
2100 2100
3790 2068
2333 2333
7054 2423
2548 5433
2073 2232
9663 2141
1312 464
3380 5366
4433 2251
5191 2039
4790 2387
4861 2357
8918 2192
287 2058
1590 5281
5437 5437
322 2127
9595 2056
7892 2301
6187 2073
3898 2313
7949 2310
5460 2319
2566 2107
6866 2128
4326 5435
993 2414
5264 4352
2250 2294
9860 2289
8486 4399
2043 2362
3248 2426
3889 2244
697 2120
4116 2399
3999 2046
6400 2342
2231 2231
5673 2150
583 583
3716 2318
1971 1845
9737 3704
5388 2207
9825 2103
608 2117
9021 2336
2069 2069
7342 2108
6112 2256
8283 2293
4114 2320
4750 2175
5301 5301
4628 1731
1849 220
492 2115
6562 2125
825 5401
7904 2434
1439 2407
8959 3667
2468 5282
2309 2309
2924 5495
6233 2105
3041 2041
6127 2102
397 2062
5367 5367
539 2421
2155 244
7907 2398
2432 2432
5988 5456
7058 2396
8076 2055
7007 2374
4107 2300
6741 5523
2246 2246
3309 2263
9312 3705
7592 2209
1412 4273
6009 5306
5286 2045
7021 5427
68 2351
837 4481
8758 2425
3429 5383
2146 4800
137 2406
585 5305
8345 585
2024 5493
9005 2422
4142 2139
1762 1762
5438 5438
2939 5461
4165 5763
6648 2177
1572 216
7547 1906
2680 2111
2436 2436
9744 2133
3127 2385
6520 2286
1030 2312
2142 2142
7816 5529
9661 5464
7975 5264
9086 1728
2259 2259
233 1904
6560 4480
2366 2366
7361 5280
7406 2360
2592 5428
9013 5524
2254 2254
8747 2172
3924 3891
791 3551
6785 5440
8863 2402
7229 2361
9821 2121
4769 1772
8931 5436
6066 3669
6872 2230
5137 2070
7820 2097
5724 1775
2794 1920
1285 5385
5288 5288
6465 1766
6027 2365
5449 5449
4731 2349
2632 2188
2367 2367
3750 3750
5410 5410
8631 5443
7163 4153
1843 5287
3845 4001
2132 2132
8624 2379
4189 759
4370 2167
3179 5426
5043 5467
7387 2035
1725 5766
9510 2304
4515 3557
8470 2064
6602 2165
2197 5364
2368 3673
3991 1709
7846 2291
75 254
1426 2138
4476 5397
7785 1857
7845 3682
6395 5452
6486 2221
2537 2285
7666 4590
3748 2033
5405 5405
8894 4315
4835 5425
58 2391
2058 1806
161 2260
2516 1876
2303 2303
811 5434
8010 5400
3237 2370
1908 1908
6545 4474
4543 2071
884 2287
6997 2083
1246 3556
1807 2383
2420 2363
518 1706
3338 6080
1857 2151
869 575
4571 5445
6859 5494
8782 5263
1817 1817
5142 2196
5527 5527
9920 2343
8930 7599
7886 2174
1731 5651
4341 2162
4181 2098
3240 2154
5171 5375
7196 3661
4093 5531
5477 5477
4682 579
9674 5530
7423 3796
5158 2057
6121 1732
1806 812
128 5402
3673 2130
3242 28
348 1747
5686 1801
5616 5616
8599 1729
7900 3671
5447 2140
5302 5302
2376 6077
425 5466
7634 1552
1864 2335
3117 3574
2746 2371
8218 2375
8594 5941
7219 3674
6959 1773
6655 2296
1904 3979
9098 288
7392 3980
7285 2435
6614 5368
737 2284
7080 413
51 5272
9174 1901
6503 2067
4212 2305
407 4131
9022 2347
429 2364
2135 2135
741 1724
3963 3582
2372 2372
4679 5961
8113 3670
353 814
3386 5628
1990 2136
7739 6142
8254 5539
9329 355
2205 2205
1733 1733
3346 7923
5465 5465
899 2168
9950 4345
893 2123
2410 2410
7871 4579
2306 2306
6268 7478
2298 2298
4822 1695
445 1767
4301 5458
4292 3688
2229 1915
781 2158
9033 1774
1411 5526
1627 675
5418 5417
8387 580
2649 5969
6244 2235
3972 2266
6911 3684
5812 5327
8018 4353
2220 2220
1408 2028
7141 3680
4240 4449
3672 3672
680 4942
2099 2397
499 5942
2063 2063
8447 5284
1321 2090
6102 2345
9995 251
7756 5680
4600 5398
3783 4305
5660 4310
8320 2212
7731 5710
5006 2332
6055 2337
8902 3668
4066 2053
1258 1743
5040 5478
5549 5549
7401 3685
2813 5371
9322 4136
5552 5552
6134 4133
8211 5679
3659 5490
2169 3646
1373 5925
2829 4130
1903 1903
3951 4516
1573 1744
8739 5542
5374 5374
8998 5501
7475 5482
4419 5543
9858 5276
8715 5476
8552 4311
6040 4134
5734 1707
2970 4038
6511 5475
2505 3666
8 3991
7069 4129
1574 1864
2158 4132
677 5463
4997 5395
6877 5422
729 5308
7508 4166
4803 5683
8224 4002
3281 803
4492 1852
7467 1912
3467 1918
7282 1914
10 3577
6716 5442
5895 1736
6909 5376
8609 5518
992 1791
7089 3537
5550 5550
8259 5455
3811 5304
8287 3169
4037 1781
8043 5470
6656 1885
8862 5444
9829 1891
3352 578
9772 1786
7343 1760
5807 5492
1916 1896
497 5431
1086 1909
3789 7463
5974 5974
2028 1895
3477 1719
5443 4414
3303 5714
56 5283
7223 1782
2883 5363
7174 5377
6079 6079
1479 1913
3724 5670
1761 1761
793 5406
2233 3987
5535 5535
6620 6620
2530 5707
3686 3686
5759 5759
3331 7928
2008 5791
2247 5481
208 5681
2832 3660
4039 1697
9574 6268
1934 5678
7700 4666
2103 5541
5536 5536
5836 6571
3627 5540
9234 4312
8049 3694
3427 5723
5382 5382
6059 6059
7773 5646
5605 6078
9511 3373
3153 5647
4317 4317
5789 4408
1199 5768
1911 1911
2115 5378
8984 5381
835 1899
4457 1799
6359 5767
7091 3683
4911 1821
2608 5298
1552 5330
5725 5725
4563 1702
7993 3687
27 5403
6958 528
7056 5291
3986 3986
4946 5299
7901 5313
8006 1708
2749 5267
3784 5396
9490 4609
4613 5643
7675 4045
1679 5765
1645 1883
24 5605
5517 1900
8280 576
5644 5644
1882 1882
5933 1763
9100 1771
2831 5469
5097 5878
4863 4140
3989 3989
5091 3689
7206 4319
5675 5369
9370 6111
2736 4139
8496 5534
3474 4173
4963 5652
153 5932
3107 3679
4157 4157
7909 4135
3654 4143
5071 5303
5648 5648
5472 5472
8296 7024
8999 533
8759 797
4459 4155
6310 4328
1964 4041
1874 4152
7524 7524
6380 5265
4208 3678
8762 5497
5775 5775
4468 3664
9622 3550
8960 5312
2920 1875
4141 4335
6270 5290
4792 5685
2532 3709
8386 5462
6098 1765
2483 4338
7676 790
4766 5314
482 5496
8124 4337
865 5544
2019 4046
4329 1902
3685 1815
8741 5977
7953 4340
5703 4042
7185 1884
1579 7067
9814 784
3662 3662
1611 1803
6485 6665
1921 1921
8728 3681
6696 542
4316 4316
3683 4318
1924 209
9328 4320
7324 7008
7663 3693
4306 4306
7357 286
4847 5003
435 4680
6286 5891
7131 4326
1909 7054
3125 4334
6292 4309
438 768
7588 7588
9204 4611
7590 6124
8455 7037
7307 4684
4330 4330
6043 4321
3537 7112
3458 3982
3267 5654
94 3555
5557 4610
5743 6138
2681 825
331 331
33 5324
1736 5895
6249 4656
1511 7043
6685 4586
3379 7020
4860 5408
9180 8074
3663 3663
9088 5669
7596 7596
4227 4483
139 3697
5311 5311
1766 4144
5973 5973
3011 6076
4707 1756
2819 8085
5769 9023
6106 7062
1668 5761
8511 5674
4268 4172
4328 5653
720 4461
5699 4331
9308 3954
1869 6605
9460 5901
4999 8043
9241 6596
2590 3775
5617 7597
7671 4339
7124 7124
369 5331
4845 3561
5822 4573
9325 7480
4929 5935
8652 8049
7199 8041
9275 5471
5524 7009
5874 5756
5144 4142
9172 5686
206 8038
7395 8037
3544 8048
8052 8052
940 1892
8969 3776
6669 7600
6435 4437
4643 5754
3178 7777
9849 8036
9039 9039
711 6595
2014 8053
6745 6745
7570 6240
8817 8093
3635 5948
9403 9024
258 8039
404 8084
7727 8091
5659 6063
2201 5712
2616 9063
7157 6126
3931 7549
7346 5285
8708 7077
2434 5726
8035 8035
1543 6243
6116 3800
6862 8005
6912 5880
6474 5772
112 6379
2996 3351
991 6112
4823 2086
2000 3751
7034 4327
7623 4418
849 4145
9792 304
6331 5407
860 8030
990 5897
1368 6528
2758 6043
7916 6922
2023 8000
4671 4671
3413 4307
8503 1898
6535 5551
9253 5623
8022 7095
1387 2415
7802 5394
3937 4000
1685 5908
6295 7014
6519 5348
6248 7580
144 4360
9187 7526
666 7483
3787 3172
5183 3676
8975 7550
2492 7126
6387 4159
4414 4018
9252 4332
6747 4151
7541 3695
7613 4694
2967 5774
9047 5351
5347 5347
7591 4171
8024 7030
3147 3560
9906 3700
6232 5668
6159 7155
5469 7122
9735 7799
577 577
4969 5338
6764 1705
7365 5610
4453 1787
9244 6129
9045 9045
6770 2233
4260 6117
3464 5429
523 7028
8996 5380
5249 8836
2807 8973
3696 5537
291 7482
8668 8112
4657 4657
4500 8094
2243 5770
3292 4165
202 6065
5119 5277
2133 7075
371 371
7709 5473
4239 5938
9337 8095
8492 5902
3992 3992
5214 1851
6255 7615
1124 7073
3353 7016
8108 5502
5926 1741
5711 5711
1897 1897
7882 7154
4194 7091
6392 3578
4644 5415
1307 7229
5615 5615
8681 7144
8717 6075
8769 1757
4635 9064
2878 8027
5457 5457
5633 6542
5943 5943
826 8072
8678 8011
8107 8071
9332 5677
3003 5755
2342 8088
9831 7146
3966 7079
454 757
4739 5577
8440 5657
8761 4423
1042 4433
8881 765
4475 4436
2594 7732
7038 4937
6561 7197
938 5339
2689 4583
409 8070
7682 7682
3419 5569
1150 7048
4547 5579
2789 4584
4420 4420
7010 5944
3369 8016
3882 5608
2512 7036
1683 5939
8089 8089
3613 1735
7149 4574
709 4329
1270 8006
4076 8108
9913 8009
771 8020
5379 5379
1757 8034
9412 8026
317 7042
7501 2199
5726 8042
1769 5409
7066 7066
8300 7087
4258 5317
2285 5655
5954 5656
2944 6067
3505 9025
185 2395
5824 8012
5757 5757
3894 3798
582 1890
2817 758
1144 5322
2025 7929
5274 1866
8802 3988
9575 8097
8818 4324
6424 5927
6597 4419
3536 6526
8988 4417
6348 5940
9334 7462
43 1879
1704 1704
6495 4434
7529 7529
9662 8096
8562 5693
3642 1779
5893 7053
7832 7142
7606 7606
6915 4196
5305 5722
8047 8047
4257 5631
8101 4460
2325 2325
8521 7523
14 6706
2226 7618
9310 5503
1177 4862
4485 7021
6182 5649
6956 7061
7326 5728
6308 4429
5813 5318
6978 7601
6753 3326
3132 4163
2086 6374
6677 6574
4382 5370
8313 2201
4004 7049
18 8985
3100 7171
6441 7164
5710 2200
7396 6773
9961 7093
9983 7469
2674 9080
1047 4141
1364 8033
2317 1925
4159 6387
4921 7118
6135 7930
4507 419
3776 1699
1861 5970
2383 7072
9826 5684
2359 2359
9461 5606
8994 7017
6473 1698
8261 5525
4612 4612
1274 3554
2248 4313
420 5297
6576 4412
4615 4308
1466 5479
37 5642
8134 1788
7641 5909
8484 8843
1296 7530
7402 3558
2165 4156
1223 7026
9848 4471
9944 4323
5991 3580
7019 3536
2968 7047
6371 6371
3430 7011
2793 6584
2849 7605
5277 8915
5720 5720
5912 8831
3863 4336
1811 1811
5780 5952
3061 4677
2283 7115
5427 4485
8598 6578
2429 2429
6373 8837
6322 1880
6276 8888
8933 7116
1240 4147
8015 8015
9346 4685
5306 3699
1947 5286
5324 7470
2479 7070
2414 9050
5570 5570
7938 7132
9164 3665
9326 5890
6086 6086
8359 7015
4922 8075
1025 6594
8071 7013
5483 5483
530 5930
7130 7130
5316 5316
2256 4484
9675 2181
9190 7133
6788 5553
3271 4455
4085 3552
2775 2145
669 2190
2593 7057
1551 3677
6611 5459
1626 6100
9688 4424
1686 4341
6294 7328
7483 7745
5885 6380
5953 7088
4663 5001
2315 5365
7610 3305
1800 1800
5027 5936
4858 7168
3163 816
9125 1789
5159 7010
2431 2431
1836 5004
4376 7163
9168 7170
7856 5905
8068 3696
2534 5460
7822 5926
3054 7993
8632 1831
5981 3659
5672 180
5266 5266
9425 2036
4344 6575
8583 7068
9754 8092
1695 6384
7117 7117
3881 1894
8198 7039
7203 7203
3027 7114
6355 7101
785 1696
5899 5899
5496 6068
1083 7167
7473 7473
1984 7797
7667 7060
1335 5962
9300 7474
2444 7165
1417 5321
535 7801
7119 7119
4059 8850
9277 6672
7723 7723
4501 4598
7220 7220
286 5713
2786 6095
7794 7728
181 5957
5607 5607
7543 6127
2645 7141
9592 4362
8217 5275
2470 4148
8099 7991
8464 3708
8081 6616
859 8059
3230 5667
8039 4607
1185 6119
1197 5872
4160 4160
6064 5072
4573 7727
3960 7206
1739 1739
2639 3707
6374 6093
7809 7809
3995 3995
362 5448
9902 7022
5629 3996
8967 4421
6377 7137
10000 5538
9028 5328
7655 5414
7363 6097
663 7125
3217 7046
4980 1924
3691 3691
4352 4207
8487 5959
7782 3162
5790 7025
7796 7796
1445 4006
4450 5373
2032 6114
3272 5560
4598 772
4452 4005
2693 6136
7029 7029
6890 4413
2991 7092
5849 5372
4231 2211
7602 7602
4633 4633
4337 6671
7969 5928
1868 1868
2613 6670
90 5326
2036 5446
5678 6089
8094 4696
6797 5721
4443 5468
6060 5671
3512 1748
9117 5964
4724 699
7022 6573
197 7610
2837 7135
163 495
9497 5931
6417 6066
9931 6064
574 805
8510 5980
7599 4585
5604 5411
5563 5563
1054 9082
4893 7129
5432 5279
8840 1860
3250 6071
1883 7166
4279 372
2485 4580
2207 7594
6269 7153
1498 1793
6315 9061
470 5971
7053 3581
9408 4426
7895 4198
7699 1949
5466 6094
6304 3584
9576 8111
3278 6704
4415 4415
967 9125
761 761
3328 8023
6964 4427
9058 5627
1198 4138
7668 2262
7605 2110
4774 7052
2910 5918
2915 3571
2683 7045
9290 6098
7544 526
8916 8916
3805 9022
3616 8918
1459 3575
7205 1776
238 7051
762 365
8966 8044
3411 2048
7004 8029
1865 1865
5625 5625
9017 6152
1208 1828
4599 4599
8874 8874
7138 7901
7137 5716
8362 5412
4493 4164
8686 4410
1705 7145
6538 7737
6364 3692
998 8028
7964 5945
9266 7027
1718 1718
3714 3714
4416 4416
8122 3144
2858 7127
7410 7138
7418 4613
7281 4439
3159 3159
5498 4322
7208 7019
2797 4608
813 813
6488 6534
4162 4162
3562 785
9590 5784
5470 4398
5149 1878
2779 2066
4151 6747
3702 3702
5964 6530
4340 7616
7172 50
700 700
9424 8889
2535 5979
8499 3364
1702 6390
6831 5641
9696 2153
3795 7040
6148 5386
6277 6277
7894 6246
4385 7033
2846 5389
9389 2424
816 3163
514 3710
6739 6375
2519 3990
9708 593
4772 7825
4549 6669
8851 7018
9188 5500
5322 7131
3586 3586
706 5293
873 7031
6549 2042
6219 5636
6547 8076
6024 5547
8657 5567
1351 6543
2154 438
29 2236
6445 3645
5488 957
7992 7992
5739 2264
5543 5773
1334 789
6383 6383
2335 1727
1228 9014
4028 3589
5709 5709
5680 5613
305 9021
6607 6607
2456 1745
1133 4432
1395 2330
833 4698
7106 5783
2291 7111
130 7608
1876 9083
7979 7731
3892 4344
1636 6581
3611 794
6457 7541
370 7346
7823 7012
9800 4333
8137 6593
6287 5609
5576 830
538 4154
7158 7158
8901 2137
4586 1738
9078 6397
6063 7074
1322 8051
6039 5954
2597 5575
6860 5006
2478 5682
3234 5484
8135 5571
1027 6385
9927 6241
3820 3135
252 5557
5560 9020
1734 1734
4425 4425
7109 5956
676 5590
5471 3752
7690 2081
6321 1919
4088 9131
6450 2418
2873 1873
4593 4926
2174 8007
5540 5673
3907 7338
3925 7094
2515 8980
1738 7152
8059 6395
5976 5976
5150 7736
6586 7479
240 9019
8441 5624
2091 2091
9615 5453
1469 4137
2056 3158
5508 5508
3462 7223
1134 5920
639 7216
6101 3155
2557 1888
3060 7183
3788 5424
1399 6115
3908 7140
5877 7769
1513 6414
5791 9054
5631 7211
1776 4604
3373 3983
9087 7702
6752 6752
1888 5350
4827 5418
61 5903
597 1822
1006 7298
1309 7308
3114 7221
5588 3292
2021 6585
7233 5666
9765 6666
5585 5611
2267 7893
8318 1837
5958 6364
7330 7330
5030 7295
1107 7342
4098 6753
3650 6108
6245 6245
8306 2152
5715 5715
2717 6141
4077 4463
7480 4442
1928 1928
9081 5993
5029 756
2450 6019
3295 5790
1550 4477
9564 3139
6795 9027
2994 6083
8269 4941
7695 7563
1692 4575
464 6564
3093 5292
1123 4431
7932 7729
576 2210
7824 7824
2859 5663
469 4981
6072 5399
9493 5578
4053 7872
4472 7781
2976 5779
2847 534
8743 4935
413 7080
3620 181
5888 5888
3236 5230
8520 3329
9880 3981
4815 1917
2614 6294
3873 4031
5788 7050
9429 7023
4984 7998
3660 5881
9579 5238
4948 4948
8888 5218
3396 4989
1512 7678
525 525
2015 4956
7598 8386
9142 8186
8677 4966
4943 4943
600 4983
792 7668
3879 4959
9352 7653
1523 1523
1522 1522
8155 7630
7121 5234
9231 4979
9209 4622
9232 4951
5076 8443
7732 4934
3251 3959
1958 5882
4978 4978
5099 5099
180 5187
9568 5089
6093 8185
5670 5102
5928 4990
8145 8145
7628 7628
7532 5191
3546 4618
2772 7651
7632 7632
9279 5224
5155 5235
6271 4965
9787 8150
6216 1847
9091 7631
4447 8140
3934 5885
6083 4924
5116 5124
4276 4946
5989 4638
5784 7636
3148 5221
660 4963
8755 8755
2700 6162
9250 5245
749 8420
7698 8385
4568 4974
8073 5206
6531 4980
7242 8137
4754 8434
8382 5121
2778 5170
4962 4962
8794 8794
1675 8142
3814 5236
1962 6158
2777 8541
116 5126
6097 5122
2715 1592
8653 8754
8896 1593
9019 4630
3542 6160
6627 8141
7781 4960
803 8746
4339 8143
3384 4243
9973 1582
7928 5163
2346 8146
7633 5192
818 818
8072 8762
8378 4949
6521 5164
710 5127
4111 5088
8425 8425
8260 8391
6084 5189
4647 8437
5259 1596
5104 5103
9864 5233
917 8679
3612 5161
9003 5251
3118 1575
4973 4973
7293 5249
2274 4950
3689 7885
2490 4637
9430 5619
2292 4944
5128 5128
1620 5125
3561 4639
1591 1591
9523 6157
3150 8392
2606 7794
3595 3595
184 1572
4952 4952
2791 4270
5269 4991
4686 5151
3402 8802
2189 3627
7711 5390
6283 2241
4242 588
4351 4351
4953 4953
4616 4616
8656 1588
5609 4533
9694 6389
8191 7106
957 5776
2647 1893
367 4488
293 6248
1662 7962
3921 6388
7966 7966
4951 8445
2517 8013
4090 5156
7332 7332
4851 2326
2626 7969
6817 6249
7963 7963
1846 7965
8880 9043
4290 2161
7523 5929
341 5621
5965 2054
410 6373
6003 6247
4639 7964
8680 9519
3979 4168
5024 9049
1713 2087
2242 2169
6581 2290
9305 2288
7726 4396
9256 8131
9591 5205
2307 2307
5462 3748
3961 5101
2074 2074
5913 5955
5918 5580
5806 4646
8920 8134
436 436
695 4428
3144 8122
522 8123
7995 6520
2943 7561
4169 6674
5059 7527
7584 7372
7260 8127
4749 8126
7665 8124
1067 8133
8146 6763
19 8136
8421 8421
6876 8130
9743 4600
214 8129
9867 8135
6160 8125
8128 8128
5731 8132
6979 8428
9782 8423
7133 6163
3619 8120
3668 8424
7323 2082
4233 29
5444 5645
6698 1713
105 1769
6667 6667
210 5896
7765 4964
8123 7065
1759 1759
4456 8419
8077 5919
1029 1749
4173 8433
6921 1587
6937 5086
5296 5296
4703 7120
3265 7347
1149 1746
4191 1584
1004 5145
1694 4464
3080 5594
7874 7169
5906 5906
778 7967
9441 4395
7083 6749
2572 240
2044 1858
5491 5491
8263 1952
1808 5019
6618 6618
5167 7819
1604 7182
9650 5762
1707 6110
4050 4667
5545 6250
3938 1583
2001 701
7930 7104
165 5995
4361 4361
2119 5545
6645 442
8819 8792
7603 7603
9301 5146
3593 710
1586 8791
4193 7098
1515 7759
1981 4534
9603 7156
5007 5007
9863 7466
170 7567
9182 7634
5894 5894
3781 5005
4788 5614
8075 5933
5229 5229
83 7476
9050 3365
9855 7222
8947 8881
1651 5148
7885 5091
8972 7225
7775 7775
9284 5174
7079 8539
8719 3713
1329 6287
5949 5949
4390 4390
2092 2092
8970 5343
9985 8761
2963 1579
8626 5695
8401 9040
7116 4158
1517 3553
4058 3634
5352 5352
8086 6134
4440 4440
8065 5355
5199 7725
9354 1816
1754 5694
3189 8389
6323 4044
8236 8589
4877 4441
5571 5672
8383 4945
8611 1840
248 248
9348 9035
3435 7896
7958 1594
5554 8440
2617 3712
3195 738
405 8559
5189 775
2909 16
7221 5093
8083 8083
3707 7100
107 7973
2759 4972
820 4199
217 217
7122 774
475 727
5425 7961
8452 8452
5800 6701
8500 5260
6542 4515
6150 6150
491 4343
1832 1146
643 6697
6703 6703
707 707
9515 1871
8693 4435
7579 7789
3318 7475
5627 9058
1035 4955
788 788
7071 5887
721 5132
8448 800
6782 1853
65 3148
1073 5950
2992 5345
1275 4571
81 3609
8242 3301
1024 4239
6401 795
566 5253
6720 4288
1723 1723
3168 9053
8886 6754
5489 5489
6830 7103
8132 5498
3719 792
9758 7790
4662 4662
4843 1599
5034 7076
7037 8455
329 8841
8098 7218
866 5662
3438 7788
3252 5123
2574 5269
4428 6153
7861 1585
145 6106
2526 3636
3944 8435
2380 5349
9896 5098
5503 8427
4484 1922
3735 1808
5114 5114
324 5085
4335 5016
6312 2038
959 4397
4645 7071
7235 7235
3641 5250
4839 5244
2658 7643
7134 7148
4163 8113
8090 8090
2454 8054
7065 6139
5940 7331
8424 5724
892 1598
6345 6345
7745 5203
8031 4971
916 7680
7234 11
7937 4342
8153 8153
87 7339
1475 7210
3637 7172
8804 7684
398 398
4626 9046
2913 5087
6601 7139
9482 7918
7741 4636
7393 7393
326 8149
6057 3630
3733 3638
2157 3631
4213 5219
7688 3641
2017 3632
6452 3616
6808 3624
6328 6328
4575 3619
1361 3621
9634 3642
6987 3628
8566 6834
6111 3620
1530 3623
2433 3640
4243 3635
1152 6327
2120 6847
6260 6260
9589 3629
557 6837
6857 6857
6366 3637
8815 6874
809 6856
6564 3626
5567 3622
3692 6843
3890 6846
1951 6850
6861 6861
4035 4035
7852 6907
6724 6872
5674 4030
2965 6888
8166 6908
6848 6848
6875 6875
3797 6858
1048 6906
3643 3643
1127 6840
6887 6887
1396 6903
9057 5342
2170 2170
5289 6084
5697 6698
7635 6113
789 5785
4324 3625
6629 7102
4957 4957
7063 7063
7129 4528
7825 2433
152 5278
2550 7773
9477 7696
4224 5337
1452 2184
2449 5152
6242 6242
5558 5558
1919 3567
9689 3978
3694 7535
9690 4886
9089 5730
4152 4887
6694 6694
5546 3799
6871 6244
923 6914
1393 5241
6845 6845
3231 3167
4327 6281
9156 6886
7636 6876
5394 7536
2691 3576
7896 6696
9398 786
3859 2159
3501 9168
6180 6516
4293 4037
5871 7555
5073 8816
3572 3647
6432 5576
7482 8383
4817 821
3679 5487
784 7637
6727 6835
9245 4621
5461 6919
2392 7157
8983 6877
225 7543
8501 446
817 817
6396 2430
2280 5252
9777 793
1310 4596
6905 6905
158 6871
6664 6841
4940 5242
903 3287
5831 5194
268 2328
8962 8099
961 8314
6763 1589
8078 6923
4900 2941
6155 6155
4988 1600
7481 7481
5929 815
2931 5584
7730 7730
9423 4438
8377 3160
344 5150
4934 5029
7673 4954
399 399
1823 1823
9756 7085
7377 8040
9031 1204
2188 7662
5722 5135
8518 7414
5133 5133
1478 7149
9993 4174
8557 8416
9271 5622
5618 5618
5419 4518
6129 6107
5684 6370
8438 4003
8062 7645
5892 3698
103 5167
5620 6252
822 822
191 7761
1013 8003
4247 4161
3014 4614
7144 4915
8498 8498
9845 6750
5265 9047
2128 5917
8513 6884
9609 2131
209 4967
6609 7296
3064 4927
1358 2124
3712 6925
4802 8227
8154 8154
4987 8852
2755 7977
9269 5922
141 3608
9580 7537
9671 1923
5504 6325
7502 8266
8495 5934
3734 1334
8727 8245
3452 5246
9761 5450
8357 3149
753 753
6293 646
9324 868
733 733
2473 6381
7161 1333
4579 854
4314 4314
3203 7090
6674 1231
839 5719
953 953
5682 1305
1304 1304
9202 1257
4166 890
1677 718
7717 1094
6016 1022
3471 1247
649 649
6385 1053
6971 1264
7154 1191
1221 1221
8471 1260
906 1176
5518 1306
1110 1110
4855 677
9664 894
754 754
4800 1250
3591 1129
8030 740
6307 828
8946 1158
4298 4298
3223 716
6414 1261
7068 884
5521 867
7292 970
6868 1339
3762 721
7118 1286
2551 1337
1194 1194
4473 942
4220 855
9036 1067
3502 202
3652 1062
9335 883
7538 7538
6583 1147
8505 1242
2466 1233
1987 7655
3632 207
1096 1096
6726 1246
8265 3617
1281 694
3141 3141
5910 4947
201 3612
3726 3726
6762 7895
7569 222
1055 925
755 755
592 592
7484 7484
6082 4167
6033 6033
9771 6577
4249 7867
4334 6755
1506 594
7806 1027
2843 205
5246 1869
746 648
8371 6048
5746 7236
7211 8004
6881 8975
4422 4422
4535 4535
8494 515
6728 1874
1999 188
8212 184
4570 6289
7351 5546
7249 4476
4384 4384
9526 8846
8824 4392
4941 4537
9789 596
829 5975
2384 9159
7769 6159
5398 522
8989 4891
3675 3675
8655 6576
1037 678
359 229
6440 7444
686 595
4985 1292
8384 663
5636 8441
6935 312
9910 660
8713 666
9991 1403
8875 597
220 1283
7550 682
1822 194
8711 681
2974 659
7013 679
2743 1353
5565 599
889 1389
4933 1284
9404 336
4897 1295
6949 1387
3578 1388
9722 852
598 598
6436 215
2951 1177
1404 1404
199 19
3059 226
2337 6880
9602 170
3268 3701
9148 5789
8997 3613
7283 4011
9874 8612
5881 1870
5468 4595
9097 9097
7487 9305
2923 8756
6896 7627
3344 751
9578 7975
1371 4022
7991 4404
3020 4919
4623 4623
6678 4402
6119 287
8816 9312
479 9091
1072 9098
5038 6883
9887 5013
7160 7160
2637 7846
8490 7843
3375 6149
1963 4401
38 5144
486 6838
2037 530
3186 3186
9930 6510
7844 7844
7181 7181
5551 9065
8750 9056
3390 5226
3753 3549
2253 7974
5399 4405
4040 4040
6462 4406
3468 8444
4471 4400
7706 7971
4407 4407
1537 5149
3684 4403
8515 6353
8014 8014
5153 5153
8568 8098
2007 5228
2757 8817
3596 7113
4814 1369
9673 6377
8162 8162
9289 5718
6404 5165
8422 8422
782 1538
8007 6032
2330 1802
748 4478
3155 6101
4602 5664
2227 5186
7345 804
986 7768
6766 6766
1641 7764
3520 719
7787 7787
6427 8159
830 5319
6012 7837
7388 8031
9921 5171
6061 7746
8095 7161
9382 4258
4373 8045
5262 801
7618 7891
3573 4486
2897 8087
675 7817
3288 8046
9966 4451
6518 7150
8147 5104
269 5157
6408 1106
1022 5676
758 1271
7103 4591
8051 6668
3395 7816
5473 4215
6415 9072
2288 1586
1470 7041
6644 8448
2425 6151
5178 8560
9297 8056
867 1810
6467 3633
3722 6092
5845 5214
9099 9099
7240 3644
5132 5638
9315 9580
1594 8032
5880 1783
127 5512
3729 8102
5649 5758
337 6085
4042 7958
2541 7808
3432 6156
7528 7528
9486 435
7994 7994
6991 4995
5212 5212
8752 8752
8298 239
6464 3997
1235 1241
9861 5661
1559 1770
3126 4450
3448 7038
772 8502
7370 5978
9893 8875
9751 7128
7101 5771
5424 7069
6878 7540
8394 8919
249 1131
8002 2032
508 8921
1483 5985
4150 4150
2419 762
6774 8708
2804 5117
4578 4578
5205 888
5499 5499
4052 7105
1672 5981
989 7525
5681 208
1563 4652
6496 1751
9986 6902
6567 5110
6026 7873
1546 5589
6551 6073
1915 7548
4708 8825
7039 1366
6330 535
3213 7151
8826 891
7 5095
4794 1205
2421 8078
3756 9060
927 6600
9830 4034
9258 9258
5744 8116
6357 1097
4789 714
2825 8885
7162 2368
5786 6269
138 8555
4491 537
8932 4036
1171 9066
5074 5120
6034 5951
9055 9055
5968 5968
3884 2382
3052 7978
987 4430
9617 7217
6267 6267
4205 5160
5844 6885
5331 1265
2187 7534
1446 7774
8202 8202
115 7467
4747 5432
212 7226
9786 7533
275 5257
536 4250
964 964
6290 5222
5738 5769
6773 1078
1257 6082
605 1483
5180 5180
3442 6854
4534 7134
4465 770
9347 8793
6319 6855
7348 7698
760 760
6608 994
1317 6611
3836 6873
4096 218
4821 7807
320 6570
7210 7568
4841 6515
6341 250
7813 1193
5096 3583
23 9028
8532 24
2604 6751
1126 1059
5154 1854
2153 5519
7826 7826
8575 7997
4664 8439
8453 7814
4122 713
4701 7906
3526 7044
9167 5193
6108 1155
3161 1108
6894 6894
4797 7461
6247 1057
7108 1245
5281 5307
5055 1028
9776 878
9644 395
60 60
7830 9052
2327 7348
1775 8067
645 364
4498 4498
752 752
8587 945
2422 1082
3690 5786
7451 4536
981 4
9129 8987
2127 6427
5962 3173
6771 1764
7564 7564
3669 7581
7175 7565
9165 2104
3481 6531
5982 5982
2381 2381
1853 2355
653 2380
5656 4506
6856 4473
4512 4522
1427 2078
2077 2077
5502 8121
7188 717
4307 5309
6513 604
4540 4457
7754 7464
5896 223
4868 5966
4466 4325
9773 4526
9449 8880
478 2157
8836 200
4650 4530
3347 7858
1906 4918
2570 186
1192 1192
4461 2377
6844 6844
1136 2253
6947 8309
7166 2080
7881 4497
1444 1444
4517 4517
241 2031
3221 7666
2075 2075
226 2182
1206 2171
1845 2065
8659 2026
4725 4459
1787 2358
2186 2047
4082 2427
3486 2428
750 2412
4230 2322
4956 2411
5088 2327
699 2180
2202 2417
2412 2369
3893 2373
4218 2202
4030 7344
4603 8050
6273 3596
8397 889
5383 1171
1195 5689
3666 3346
6349 441
1065 1778
679 5213
351 4992
6826 1213
3276 791
5548 5548
7920 3762
1166 1861
319 1269
455 5200
9528 6865
6091 6091
3455 5632
6933 8718
8784 7368
9042 1443
6410 8241
9048 8436
6469 4994
6339 7820
5803 5474
5207 5207
7070 5158
8457 5391
3507 4629
1514 4527
4186 9638
2134 6103
5972 7472
2240 6102
3822 7409
1023 8950
1229 6104
9276 9276
712 4619
4060 9297
2821 8301
2349 7159
2147 9291
5409 9290
2845 9272
2962 9269
1894 9266
3007 6288
7088 9285
99 9277
7416 7416
8736 9283
8860 9296
9274 9274
2889 9270
245 9275
5206 9263
8411 9279
8925 9271
1957 9273
9264 9264
3431 9265
5373 9298
6729 9268
4489 9294
2389 9281
2721 9300
9293 9293
1780 9280
1273 9295
2328 9292
8446 7821
7737 9302
1503 9284
3300 4651
8961 8961
2916 1834
5093 9278
483 9026
3009 723
8066 9132
545 5416
8215 3315
3905 463
5387 527
7617 7617
5692 4695
2177 1714
1488 4356
8179 1160
6533 3353
9026 5690
3001 1881
5505 8854
1879 1203
8350 7208
186 8954
6332 1165
8491 4605
8398 8398
5422 7224
1350 7553
8697 3327
7049 4996
2140 5447
7534 4010
2480 3138
9338 771
5054 934
5634 5947
5793 7914
3142 931
9426 7547
7848 4650
9969 4879
7854 5430
1724 7304
1253 406
4642 4642
1877 4670
2929 1113
528 7987
2753 8110
1295 7556
1779 8459
7604 1174
6873 9067
8278 6018
8545 5211
7553 5691
108 9287
5227 5912
4659 764
3519 6617
2281 7670
5022 1590
9853 2155
6794 7638
6835 763
565 7558
3051 7881
7799 6762
6368 6368
1122 6536
6141 4975
5766 5946
4695 7185
2215 7640
3539 7625
3424 7860
787 6579
6264 1068
2509 3993
8974 8464
3391 5984
1049 4523
7923 3763
1001 7641
8556 8556
5970 3152
6177 8244
627 4411
6646 6376
4478 959
2596 3166
6389 540
6367 903
6340 5032
5108 7629
7275 1863
42 42
1167 1792
2136 6060
4448 2076
5872 1524
4669 4997
3703 652
2785 7644
323 7671
5297 420
9105 233
9434 52
7855 1127
3128 8022
6967 860
6165 8922
8304 529
5280 7648
4168 8465
5842 450
92 7988
1109 1109
372 3965
5878 5097
9977 3317
2853 8430
7381 6583
2469 4409
2427 7647
4462 4462
808 808
8436 5640
3307 3307
5197 453
1972 5320
2417 6378
1803 9712
6566 9029
5626 5593
1547 1039
7494 5172
5810 5810
8535 5119
8919 201
443 1805
6633 1804
5921 7175
7135 3783
9260 8561
446 8458
4445 6911
5031 6879
4652 1240
2459 8917
224 224
1842 3150
1933 6580
7841 9306
5017 5017
8955 7569
456 9059
6047 5143
7869 7869
3862 247
2836 5096
3742 5665
1603 1785
4125 7570
8543 8543
3823 1841
1490 5115
8516 8516
5915 6061
7216 1595
7360 7758
7329 4469
6552 1217
6761 5108
11 1360
9549 654
5785 1574
9573 5255
3929 2156
2767 3690
1280 4970
1114 730
5603 7912
895 895
5134 1216
3870 5140
5251 5166
8012 8544
276 9299
5361 6116
422 422
1737 4012
2558 7239
3557 4009
3138 1058
8157 8173
3645 7557
1540 7827
3023 4244
5051 1270
8003 7143
6907 7908
4158 9102
5923 8166
9061 9006
4252 4184
7252 1602
7385 1712
7412 9161
460 6878
8810 4229
5222 8156
4533 2
1012 3739
8968 1164
8305 6188
3104 5137
8275 7935
2536 8449
8144 8144
3968 2204
3371 3371
6652 6839
4202 4202
9717 7635
8737 7180
1819 1819
292 210
7561 475
2379 8161
5384 5384
956 6132
5105 5965
823 823
6237 6407
8427 7903
9530 8168
9679 7884
5946 8830
527 5387
880 993
3042 4635
7291 7032
4992 482
5295 4206
553 8960
8893 9516
5839 1091
1841 7349
810 1150
6 3177
7858 697
3293 3293
2800 1184
1392 8959
8138 1249
1557 8923
8544 8426
773 8180
5654 3192
8781 8540
2131 7654
9631 8597
9162 9162
7815 7354
4188 4188
2980 7902
8765 7539
8251 899
3682 6917
9642 9642
3397 9041
9093 5116
6916 6916
7877 7387
2768 8978
6632 926
5417 4929
2954 4620
2763 2763
5353 5353
2660 430
6765 7968
2663 1236
7608 1243
8926 820
995 995
7654 1149
9029 4297
9023 1209
1178 1178
546 6419
4038 7607
4309 1237
2331 1200
7269 3010
4259 5953
9871 9070
9540 6081
2990 2689
1598 7889
1969 1061
1643 1033
7986 2992
3324 1266
6025 3985
7586 7586
5242 1862
715 5559
6164 6164
4958 1950
891 8447
8654 5454
3676 7585
1735 7996
5480 5480
3245 7412
9778 8240
1898 8924
6819 5892
1232 1232
3579 887
5332 1007
8957 3200
8201 7147
5721 1049
8203 4570
9509 8254
6706 6675
1539 796
3423 7738
4930 4930
5145 3143
5485 7614
1961 3184
9420 1476
724 724
8005 4576
6459 6402
9085 605
3706 3706
4427 651
3083 8596
7156 3199
6900 3235
3220 3220
5922 3233
1824 3247
728 4222
4072 7841
5846 3232
1614 1166
7831 9644
9307 3198
3246 3246
805 574
4825 3253
2720 3187
4180 421
8533 3243
5209 1482
4497 3236
4826 3244
1076 3189
3510 3217
3188 3188
7933 3270
8119 3256
5378 3265
3634 3212
586 3278
4518 5921
2102 3206
7790 3269
8233 3222
8779 3231
6105 3245
3316 3280
5520 5520
1855 1855
7718 9005
8226 8226
6058 1083
3622 1830
59 1956
9435 3249
843 506
4685 3218
1596 3191
6120 8242
1299 4632
6109 6109
2151 6702
5079 5079
5658 4625
3238 769
1745 3273
1141 3227
8289 901
9038 7340
7046 5884
7184 7184
618 6366
7028 3151
684 1227
4400 893
774 7620
406 1253
9371 5243
2733 6291
9981 1824
7609 7609
9691 9346
2065 1818
5307 4169
2353 1742
3256 7683
7913 7913
6786 8983
295 8302
5645 7108
1243 1070
9884 8008
1661 8300
8174 7733
8986 8986
4581 1215
15 15
9051 9051
4128 5958
9658 6009
9273 7658
2725 9259
7762 193
5195 1256
6749 185
1968 4911
4454 4454
4469 6836
9604 350
765 1340
2747 7802
7540 476
3320 3773
9054 607
1170 1170
5628 4548
2985 3
1721 1721
7386 4581
6466 8879
7601 7907
7807 861
3106 4547
2087 1006
17 17
2486 810
7358 7064
1545 9766
5358 3652
412 1207
3031 7813
3948 5217
6738 3794
1356 531
8117 1074
6755 7604
628 7345
5342 4961
1211 1211
1467 5451
1758 3174
1071 913
8064 3335
3651 5325
3249 1230
6361 9100
1160 5136
4080 6003
8105 712
7581 8876
2305 3219
3357 8480
53 1877
3728 8594
6037 3309
5124 8207
2919 1085
3349 7780
3018 6904
2054 1603
4972 1365
3053 7572
5442 1725
9581 9581
1827 1827
9654 6392
9736 7646
5832 7679
6468 7613
3492 7720
1342 1342
9922 3195
3225 4896
9473 3998
9299 4246
4282 5289
9667 3984
7875 7370
2329 7791
8760 8760
2314 8552
5978 1116
4355 4355
3021 26
8830 7623
4226 4641
6008 6008
5600 1825
863 863
4303 1157
8895 6290
8388 8388
7111 1953
9456 8184
171 255
4179 4179
8355 4998
8576 872
5019 5294
2867 7327
5809 655
6832 6710
9817 1037
5392 857
6942 1364
1374 4210
300 7822
6548 1368
5691 499
9710 9710
2125 706
3304 898
5240 3286
6056 7199
84 7852
4524 4524
1577 1577
232 912
428 6105
9059 3201
2299 1535
9219 225
9503 1525
1740 5010
3516 3720
3640 5588
3535 524
2503 7847
4713 5802
6943 6598
5937 5937
1191 6300
7842 7842
5061 538
1471 8499
1338 1338
1098 7173
3370 3370
4470 4032
4367 1234
9246 827
8033 8457
4132 489
5039 747
2670 8147
2239 1235
5186 7875
374 3861
7899 7899
7515 8394
8489 6231
8001 8001
1777 519
944 1238
5704 650
3800 6253
3219 8962
7375 7375
5166 8946
6393 4503
7572 9068
8150 6349
874 874
2374 1117
9001 782
1457 3242
7052 1700
7810 7810
6879 6597
1625 5202
2773 7352
594 5602
255 7381
6013 960
6210 8152
5225 1104
4209 4279
8952 1754
973 973
9339 401
4646 3374
1998 9169
8672 3588
3469 7721
5348 5295
4336 8717
2676 8450
8317 1025
3329 415
878 20
1652 1220
6001 5169
3399 6131
5967 5967
1943 5002
9563 5513
3154 3154
6823 806
6670 5254
1623 7739
9534 9261
6522 9457
1218 1784
5217 7740
3487 3170
2339 8591
1606 6897
8554 6603
6176 7890
16 2665
6370 1650
1647 4700
6252 5232
9365 4986
4605 4544
3988 6348
9952 1703
270 5106
848 3651
7804 3618
7614 5554
3832 6418
2618 280
5087 8018
5434 811
6296 8958
6603 8554
461 18
5960 5960
8267 6133
4455 3271
4 8138
3715 6424
7098 6423
1121 9410
8431 6664
7009 9385
5327 9391
6285 9392
5290 9400
3826 9406
6143 9386
4383 6422
5942 9408
3086 9384
8333 9401
7531 9388
6036 9390
4045 9398
9052 9396
9383 9383
2615 9387
2143 9411
9381 9381
6571 9394
1441 9399
9358 9404
4022 9405
8808 9413
5003 9422
7505 9417
5500 9407
2827 9409
6266 9389
5261 9418
5423 9403
664 9379
6430 6430
9380 9380
2955 9412
9049 9415
9978 9402
4836 6432
689 9430
9427 9427
630 9397
8910 9425
3509 9395
6962 9437
9898 9436
8889 9424
3247 6421
3769 9435
6596 9414
5136 9416
8589 3543
2463 9382
9096 2949
3286 9426
7411 6135
1937 1777
7338 5556
5118 6429
945 856
2093 2990
3235 491
1269 5601
9247 5274
8786 4357
8276 4505
5920 7904
358 5199
2098 5572
6996 1107
6209 7652
2002 8932
8243 8243
1717 1872
5078 1867
5339 938
2018 183
1376 9057
722 722
5984 459
572 508
5315 7633
109 1041
6110 1255
8634 8634
604 7392
7778 4592
9842 4648
6804 1228
8473 8473
4546 670
4171 1199
2051 826
1313 824
7081 392
1460 4047
5035 7389
5164 9600
1671 1181
2012 4347
8980 3299
2387 5561
5112 5346
1534 4549
7288 7894
7674 5112
2106 586
3644 5179
3434 4589
7653 987
4182 4182
3839 4178
8917 5154
7497 4189
2692 1905
4848 5637
6901 6128
9291 7803
2635 944
2284 5334
735 735
2673 3887
6344 8073
8756 9643
9763 5994
6311 8575
4672 1248
5090 5090
8791 940
3853 3703
5395 3190
8742 1335
7462 8573
2538 3572
7373 4203
5100 5100
3033 8592
3670 7228
458 458
882 882
915 5660
2354 776
2255 5227
9454 9431
6224 781
3609 1145
71 9378
7105 30
1016 9393
7102 879
7136 7136
3426 7722
5016 8454
8772 6859
4816 746
7225 246
1715 204
1040 1040
2221 1163
6661 6661
6397 389
7811 702
4015 4015
7433 7410
9949 3383
4562 3267
179 179
4729 7321
4577 4577
5042 462
963 963
7145 7693
3980 272
1637 7856
5014 13
1584 690
8439 8703
3008 807
2145 2531
7943 1931
7850 7850
5781 5092
7724 7724
7977 6099
2265 2265
7445 1358
9962 5630
7296 3223
8152 3185
6853 2518
4155 7990
3418 7812
573 6862
5385 1285
8210 9289
3326 1412
2164 448
8284 5760
6376 4391
8342 51
7424 4445
4710 187
466 6881
2126 2126
7224 744
7139 6601
9841 8648
5239 5239
1425 32
2488 1077
5695 1001
8597 5812
4723 390
845 3300
1085 1849
511 4615
8207 742
9885 5220
9011 4647
2112 2112
693 693
342 6166
1914 9042
4555 8873
5525 6676
1207 1277
6390 7836
3700 708
4463 427
3610 3610
1929 1929
5208 5208
3232 1930
3574 7741
6705 6705
3229 3229
854 6278
8676 3592
1669 7004
8616 3314
8292 1553
6124 7542
1529 7657
9912 6748
6019 6849
980 4982
4474 3225
4012 6143
5797 367
9123 780
126 8387
3618 991
9215 6425
2809 8155
1749 276
3759 3759
9665 7178
1231 8595
1103 1103
6512 322
4606 4606
4219 9419
5884 3171
8458 6344
7340 3548
9111 3268
7125 8438
8165 282
5765 3545
85 2989
7399 5094
9548 6426
7202 7465
529 1424
4413 6890
4820 7109
857 6239
9757 5617
2947 2991
4023 1210
8319 1780
8643 437
7356 1826
1630 7162
5130 1156
3959 4892
4418 6148
4278 6351
3439 6361
1390 6284
5479 9001
9104 9583
5727 5727
2905 4626
5131 7697
6982 3792
9646 5053
6171 6171
6125 497
4364 7311
3273 4627
3040 8788
7770 4659
8432 647
1548 7782
9939 3254
89 905
907 4248
7580 6161
8567 8963
7114 4876
1440 1440
6824 8957
3443 5223
6282 7059
7812 1452
4947 3736
3415 5009
8339 2449
6096 6096
4676 885
1018 3210
5456 3263
267 267
4006 8564
7616 4220
6737 3730
3312 4877
6497 3732
1558 3727
5463 3733
1354 6993
6803 7245
7236 6997
8160 6994
8274 7243
2293 3738
9707 7264
5595 7267
9421 7262
3818 6995
40 7266
5729 6998
8948 7265
6568 3654
9965 7248
2200 6992
8604 7254
439 439
5224 7260
2193 3728
1862 3734
6985 6985
5377 3729
5459 7241
3743 3735
7798 6989
8181 6996
1564 6991
665 6987
4047 3731
4503 6984
8268 6988
8633 7250
8977 7281
8667 6990
7444 7251
1730 7258
8367 7268
3671 7249
5163 6986
8877 7259
4204 7270
734 7263
6500 7275
2677 7246
7238 7274
2500 7271
9418 291
7568 766
1162 7592
3763 728
1912 1073
1339 6868
3813 6031
6556 5701
1385 4519
2223 269
5811 559
6218 565
7150 6304
8718 8819
850 8812
8348 7378
7076 3241
2204 1009
2999 4367
3993 563
3793 2453
8892 2462
2460 2460
2977 566
517 517
3298 2461
1068 2456
1608 518
237 2447
2196 2458
2446 2446
5747 3525
1017 2450
567 567
1363 2441
7253 2459
8537 2445
6494 2448
7918 2468
9445 2455
3527 3527
2752 177
5579 2442
4753 266
4332 989
408 3538
9221 3745
3108 1280
7803 561
4810 2444
3939 907
5041 1259
7177 7242
4584 418
2742 1018
9077 9108
9213 1121
9558 864
5047 513
5818 876
1663 4893
9402 7256
8517 873
6895 6895
3097 349
949 949
6222 1258
8286 1011
5541 9509
4781 4542
4762 1138
6529 979
189 189
779 779
7369 7369
4143 1114
2932 692
6324 4508
5798 4446
6575 1183
6369 6369
2222 5659
3857 4582
4254 587
5406 394
2601 3724
4302 5658
7087 5177
7912 5603
7589 5000
1391 7471
7838 7386
1367 1367
7506 8616
8593 8593
195 5629
4975 5733
4266 8599
2209 918
306 3260
9916 7751
8341 4008
3772 4559
5413 5413
4793 4793
5218 1212
4482 671
5248 5248
1226 1226
7366 7681
7143 1013
2679 7999
9044 9044
6867 6867
4100 5014
8178 8178
4981 8296
1064 1064
8768 9071
7878 7878
7518 909
5364 231
1772 7121
6946 7233
2598 3768
8189 451
2978 4489
7687 7687
667 3226
5939 4658
8337 1021
7159 2530
7600 5650
4044 7699
1720 1720
9946 6707
1576 7689
524 988
6573 6332
2114 7798
6790 5893
3243 4538
1653 7598
919 3156
8141 1753
3428 7253
531 980
3416 7252
2504 5419
8351 1045
871 7701
4079 8642
1305 3797
8720 7365
6343 7650
9561 9582
6616 3145
1346 9062
900 900
6779 1051
1464 4043
4968 4209
2110 656
1549 6415
7426 9048
5852 4988
8037 8308
1802 1066
9453 1251
4654 4654
7170 8907
4295 4295
4918 8631
1566 8647
5062 411
5257 2979
1955 3213
8913 1047
1225 3611
6944 5033
4607 258
7030 8402
8923 1557
6995 657
7744 7744
6650 7388
6351 3312
133 8646
8130 4393
9741 345
4531 1274
1080 1151
9628 8649
6274 465
5750 7360
6717 582
8053 7545
8701 1533
1449 667
3945 1597
2886 5162
7658 6860
4936 7373
8738 4631
4895 4895
8000 6120
2724 9069
9686 4247
8716 1038
7389 5035
9747 9139
8019 6656
1015 3711
5085 1417
1242 4594
4270 8653
4046 1576
8905 4897
8636 8636
5338 5515
6805 8100
9494 7343
6411 6411
7095 7888
6742 1357
8253 9526
9805 5012
7866 5034
5356 8086
3524 168
7280 7280
3915 7531
4117 4452
4661 4661
5441 197
718 293
2722 5886
4401 6892
4596 8948
4780 5270
5202 9314
4838 7240
8570 7624
5486 1014
6278 9805
9929 866
9994 1093
5220 908
9788 985
8865 3725
7435 6020
5026 5026
9999 6072
5904 8818
8803 7379
9272 1020
8237 5357
9139 9539
6682 8757
4773 858
339 339
6730 8835
254 5986
3358 8590
9934 8451
1826 456
6589 6589
9536 680
7025 7829
1078 997
1413 6408
3916 3587
7230 951
9517 5354
5647 8169
9869 6154
513 7677
2238 871
3457 5356
635 6004
7090 7399
5291 7056
7337 6016
4678 978
173 4502
3406 5392
308 4863
1472 7287
4506 853
6863 4504
587 7405
9056 7081
9457 5077
9344 703
6313 6313
6375 5488
2895 1143
7954 948
7321 6024
8531 7278
6592 9109
4094 8393
1230 6292
5081 5081
6229 8397
5493 541
708 4624
1680 7622
7764 4039
1345 1345
2953 211
3165 3165
9356 3380
7227 7227
4241 3526
9119 9073
9697 3157
1450 7779
6526 6626
6882 6882
2854 3369
591 3264
5740 9092
1357 7815
1918 7823
6214 6367
4234 3639
98 7642
505 7726
7650 7385
8679 1471
2182 7123
5723 6896
6687 6550
8079 720
8635 8635
5575 7786
6015 8640
441 906
4467 227
5181 5181
2386 6417
7753 9030
8479 739
909 4177
5495 1100
7422 8931
3270 1048
8650 8650
5168 5168
4776 664
6585 6428
4285 4285
4572 8548
9287 3257
6215 6699
7313 5247
6189 206
7774 3296
5851 5533
4833 5991
9144 591
301 7213
3175 3175
5655 1396
4167 6924
4211 494
3209 3209
423 4447
925 897
7919 777
4375 8945
8943 8944
5344 865
7545 8943
1010 1374
7981 4013
7619 7619
6132 4697
9886 242
242 4377
1344 1344
1938 8839
5925 1373
8595 1376
8244 1377
9672 1375
2523 1254
2345 3786
8092 1167
1252 1252
3858 6251
4119 8727
6461 9420
1 7587
3119 2439
3746 5083
1184 5201
3466 4692
3517 1133
1474 1474
7662 6915
1859 1859
4687 709
563 4643
6151 982
6479 1092
2062 1569
3556 1188
4791 8549
2094 8977
856 8743
9948 6282
8307 5595
6004 6537
6407 6272
150 6005
6740 939
2892 1159
4898 4898
9836 1844
757 5421
7099 1224
4696 1530
1118 8820
9127 741
1447 974
946 946
7833 930
1993 6410
7736 9031
5635 5635
5094 1294
4009 27
2607 1289
935 935
7680 916
5599 698
4530 589
9140 783
1741 6910
7577 7554
7889 1418
8861 9170
890 1323
7733 1016
8684 8692
7397 8305
101 3274
5509 8535
4862 5898
6006 1385
5123 4552
6660 802
5075 1307
6689 1441
1442 1442
8704 8307
5032 5210
1690 8927
6557 6335
1926 5323
281 1354
1437 1437
3152 4969
5182 5182
3855 5900
203 5777
6600 4205
5705 8902
1667 5268
4944 3563
8906 8906
1655 6646
2702 3568
634 3321
3233 1315
8048 3005
8637 1460
7023 2015
8228 8891
921 921
8623 8905
6020 7374
79 6170
532 1054
6402 992
7835 7835
1582 8800
6710 1162
3569 1019
2452 238
5066 8901
999 999
8993 1008
7708 4170
1815 7058
8459 8255
4561 6396
1316 1316
7244 8966
9121 9121
5380 1105
9372 8101
6919 6587
4880 4880
5001 9313
2518 6118
5455 1262
7261 549
3604 5708
3376 8298
5762 8299
6750 3303
5198 5198
739 3344
3665 1087
7779 1325
2251 7366
6657 1056
1750 1750
683 6700
2447 496
2981 7402
5869 5830
1562 539
6955 1076
7837 8689
302 954
4311 7380
610 6090
1216 324
7405 414
4513 4513
7100 7078
5140 6599
3657 4588
3355 9282
5966 6125
8548 7593
1989 4218
8778 9267
6067 4468
417 417
767 4287
516 397
9439 9439
8642 3288
914 6539
9433 5817
9533 8495
263 3136
3615 3615
5300 279
2625 5825
9979 4563
1585 6768
2404 6333
5216 5216
743 8578
2055 1142
5993 7756
6570 8249
5138 6769
3744 3744
6791 6791
8171 7757
3255 5517
2101 1065
969 3743
8131 7686
485 4900
4253 6280
8696 6785
6772 6772
5386 5620
5234 6781
6206 6206
6812 6789
9856 8632
9353 6683
4033 4033
3164 6770
6118 4375
3140 6235
6228 1527
6505 1938
9583 3204
744 8721
8821 1035
9623 5633
6190 7898
2863 3197
6537 6802
4368 4368
5841 1573
3214 3214
335 1095
7627 4200
9835 7765
9891 8163
5612 5612
6743 3215
6793 6793
6599 6806
7917 3599
69 3540
9319 4904
2217 4593
2428 8306
66 8878
6908 3564
7638 6794
5528 1842
9079 6792
7721 6808
2464 2464
7465 7202
7646 6795
4106 9128
5366 767
642 1118
2653 7192
2010 6804
5778 8119
477 4146
2104 6790
3558 6788
6662 6662
3601 3601
6103 1425
6679 6679
9314 7306
8396 1348
500 1391
9513 1390
6851 7326
1043 1291
1353 1327
7840 1455
9197 7363
8978 7364
3764 3764
556 7294
7944 7391
9378 6298
2956 7445
8060 8060
2162 3080
1210 5130
366 5485
9850 1768
4976 4976
611 4987
1204 8025
4611 6805
3174 1279
3193 7972
1416 5023
4554 9327
1863 4999
5173 5173
6147 8827
4648 5215
8842 8842
1398 1206
7264 986
4588 1187
7287 5197
9819 3367
1224 8855
629 7477
8964 281
1634 9348
8580 8814
8477 7055
8127 7742
6865 3262
3356 5688
5370 7390
5987 6711
8410 6236
6510 1179
7371 7371
1696 295
36 7546
5121 8382
3751 1947
6212 7866
5303 4176
5777 203
9484 8999
8352 9646
9621 9650
5914 9640
1621 584
1419 4286
3275 1214
9201 1026
5951 1580
4873 9075
9217 7468
5113 9648
2514 9652
5556 4175
6487 9651
3952 3952
1081 1081
7758 5105
1201 5626
5310 4510
5146 9647
288 9952
8106 8106
5700 9953
432 8704
3701 9111
4680 1361
6515 3721
8705 8705
9954 9954
3955 8655
4924 904
4032 9972
5996 6798
4655 4655
444 444
2391 6413
8393 8904
7597 6831
9216 4369
5522 6586
3721 1263
7217 8940
8034 734
8666 8261
8585 870
9130 9130
8456 8456
5804 902
5147 5147
7760 4699
3205 3205
7962 7886
8584 1887
8845 8845
6416 6416
1101 1101
8809 4940
8646 7318
3028 1520
5728 7897
9285 5983
868 1239
7107 7107
1169 1169
6641 4378
8868 8868
1130 4634
5200 1318
5782 6811
4627 9016
4235 219
1400 1400
672 3306
2160 5360
343 581
5685 5423
5593 7981
547 6714
3560 1454
4705 7767
5192 3153
5901 972
9767 7900
9458 4909
5566 8577
299 299
6733 9432
8315 8315
1179 199
3378 3378
6507 743
7027 4302
4637 4214
6784 4521
745 745
1120 1120
6350 1043
338 338
4286 8395
537 5022
4460 9645
1960 2443
879 984
1132 6540
2457 4499
1436 7096
617 920
1458 8628
912 787
251 9649
3417 8858
140 1031
9133 9135
7847 9133
1093 665
6613 1392
3808 896
8853 8853
4308 5131
5955 8969
5712 9304
3494 9122
7078 3593
4263 4263
5748 3333
5412 8967
2823 1393
2751 1397
3554 1601
7546 36
2856 9347
4432 729
1535 8547
6874 1324
1755 1755
6721 321
5963 5963
9806 1435
215 2986
5129 4525
4525 4364
6428 6270
9799 9799
7180 7762
8601 8601
8985 8602
8789 6660
7829 7970
8056 7838
7469 8289
8506 402
3771 668
4967 5155
5998 5998
5847 819
6940 289
9154 7915
5161 3590
2926 6394
3099 7084
8482 4901
4494 4653
2694 7845
6246 3202
7061 910
8936 457
1454 3559
4398 1182
104 1223
3037 4149
9141 7818
5945 8079
9331 7887
4438 7083
2549 1835
3087 3562
6231 477
7512 9605
7084 2072
167 1717
7637 2420
5431 2178
1804 6633
515 2183
5357 2193
7555 2302
5883 2354
7747 7747
9724 8844
253 8117
8114 8114
4706 8115
4624 5333
6514 9015
7557 6303
8560 3216
1277 7219
2770 7694
9179 7621
9963 5889
4945 7919
5365 5420
3983 653
6816 8694
3345 1813
3177 8318
3072 7232
9692 3382
5440 9335
4712 4304
5369 4495
1716 1716
5596 8684
3747 5778
473 3310
6162 4090
6590 4923
6470 809
236 4873
599 2938
57 440
9369 8410
2150 1071
4287 2948
5126 7231
2236 6302
9955 9797
5070 221
198 198
3317 3742
8873 4264
4392 7230
7312 4226
230 230
4256 4256
1172 731
6087 3221
4989 6391
3928 4617
5125 1910
4993 7982
763 3767
6893 5076
7147 1558
2249 511
3279 3279
2138 7200
4527 1046
2993 4191
1480 1480
1790 1790
421 600
6693 6693
4519 1063
1555 6863
5935 8848
2577 6800
4665 8652
4767 5310
6668 3325
9175 6431
4138 6532
1099 1581
6818 6818
7967 778
9169 932
1414 1797
418 6521
7936 4299
6289 5972
3514 3377
1992 1578
9626 6393
552 8545
2083 447
719 245
7123 3250
4539 7806
8958 6296
5000 7589
2704 7660
543 1832
5139 5139
149 8688
8550 2943
7757 6852
3311 3311
9391 6891
3745 3146
5313 6688
9557 915
4426 5915
9294 3358
1487 8491
1676 8546
1767 445
8264 8264
6186 2452
2636 1839
648 9307
2513 1722
3810 9544
651 5764
7251 6918
9114 454
4711 3771
8746 1069
3720 7595
727 1124
6787 9018
1051 5159
7559 7559
8649 1086
9262 1123
764 859
6649 6649
6686 1208
6870 6870
1616 7383
6356 9134
8434 241
1833 1833
4174 8148
8404 8404
2921 3341
3624 7611
6032 4678
235 235
7651 3820
1186 5300
4387 1886
8838 4186
5247 7097
8907 40
7615 6775
579 127
9491 3176
2764 8194
831 6619
2798 5904
934 7279
1935 3594
3454 7191
7214 1017
2462 23
1298 1298
3667 4660
632 6214
7607 8750
6582 8562
1986 8390
4280 243
3570 3570
7096 2747
4199 5073
7707 460
350 4185
7072 9763
4437 3332
9844 9140
166 7288
7516 3088
780 8851
9594 4259
3600 7776
1431 1431
7887 3350
4005 1042
2771 9540
5122 8418
7146 5358
6431 285
5661 6295
5564 6305
8834 4640
3101 1916
5451 1467
7302 3390
6891 3161
2269 669
5276 3178
1326 662
8839 5109
5756 6561
5292 1416
4304 1202
9012 1302
4396 7212
9083 6279
3571 1190
4688 3347
1279 8157
156 6817
6961 7691
9286 9286
8246 3539
4908 3338
5196 5196
5120 1139
2542 2542
2172 6813
5997 307
2045 737
8903 8903
5574 1343
388 388
2997 6687
2754 9156
9854 2748
8536 7920
5882 9611
187 1137
6259 2465
3607 3607
3625 4509
6986 6297
6010 6851
5924 5924
4441 9428
885 8566
4406 968
601 601
5516 1185
1379 1379
8785 1481
3139 7661
6810 1384
2279 9423
4054 4054
3382 1955
7891 9445
886 886
1340 715
4892 9446
8011 1410
4683 7204
5312 8938
4970 7989
1244 1244
4014 4014
2719 8886
4395 9441
2360 4290
4641 284
3068 232
8188 8188
146 1329
6760 474
8044 6602
3433 572
5215 9434
4587 695
6936 1278
1265 502
6254 6254
4874 9552
4483 5555
9131 8212
2308 8311
7496 270
3294 2987
6405 1936
7112 7089
5754 7883
8941 1408
3587 9438
1002 1222
31 1652
7094 1072
7457 8550
6185 7099
4071 1836
4424 8017
1746 1272
4745 1399
7719 4602
5597 1172
2925 5011
7691 4004
824 1313
4870 8024
6085 1445
1451 8417
2081 1346
7347 4181
8088 1112
9560 969
8950 6681
9956 9956
5012 1432
2664 4219
4201 4201
1835 3757
6002 1468
4264 5516
7011 314
7511 7911
4832 1299
7946 1427
9110 1303
3109 1411
3089 256
3389 5225
4514 1433
2355 4984
8799 9429
6050 9447
9798 4958
2302 1273
1544 4348
7558 4993
6223 7333
7179 412
4238 7247
7379 1507
9834 7876
9838 9288
4508 4266
8266 9328
9897 9311
6640 6074
5783 5879
3321 332
1325 3349
192 192
5415 3316
8374 424
3405 8865
6318 1290
7795 9775
2266 773
3737 7804
6412 6412
3408 5843
5393 5237
4961 1386
1156 7361
5 5183
6491 7382
7678 290
62 7362
4625 5118
9481 798
1097 7177
8527 6799
3711 8065
9625 1135
1297 6760
155 6286
2668 8181
1131 7406
5433 65
3653 6069
1084 6087
5408 6088
9414 6121
4275 6122
970 6355
9964 6568
9448 8804
313 6311
3626 449
6156 2744
1360 7234
7970 3834
4557 4557
1889 1351
5350 4874
2068 3840
8645 9527
2982 6842
234 234
5990 5990
4099 5486
7883 7735
4001 3297
3773 3320
3930 3298
3603 3816
4556 4556
231 3804
310 9033
3541 3541
4274 3208
8965 8965
1899 3522
962 962
315 315
4007 4007
7563 8069
9395 1134
4486 5913
9953 1055
8271 8914
1732 8913
1838 1838
7339 87
8316 7665
7828 7828
5598 799
2576 274
3078 3791
8252 5883
9552 7692
6938 68
5646 7916
4763 2646
5795 471
7926 123
472 472
95 473
8335 7695
8859 4603
7915 6853
2774 725
9184 4029
493 265
2964 1540
2707 7353
9428 7863
4070 7283
3791 7418
3861 9038
2579 2684
3770 7851
8204 275
216 8303
8209 6686
5179 8317
194 8970
7032 7302
7999 8912
6914 9160
8208 182
3172 7755
1020 8187
7270 4204
9670 4546
5188 7007
8311 3758
8344 966
3710 514
6725 3251
8549 4237
7413 7413
814 2845
1302 9012
658 658
8061 3368
8406 8118
9645 3723
5478 981
1212 4195
2589 3248
7859 7859
5719 6234
6175 914
5961 8406
6800 1331
6133 8606
5175 5175
5068 9017
1813 3600
4388 6274
3860 1349
3192 8893
1366 6258
321 1570
4594 1080
4516 4465
5287 9684
4737 7187
9303 1099
5420 7795
22 8895
6413 5020
8460 8460
7168 3359
260 8021
5151 4686
5484 3237
7350 7350
5985 1034
6199 5782
7374 3196
4291 7493
8512 6933
9124 9124
8110 3547
2472 1128
4271 6899
1902 1807
4888 8476
1892 4776
6898 6898
182 7656
4008 1479
6811 4737
8914 1710
8395 6614
289 4496
2546 3808
392 8929
3567 8930
947 8081
9915 892
8662 3573
6136 9637
5938 1024
5663 1711
6154 3294
4221 911
5668 7750
4684 9844
6421 1084
7017 8484
5326 5528
96 5532
9938 8728
928 928
9525 1122
8602 6140
827 5024
3967 1132
2687 1098
952 4531
8273 622
6673 6812
8848 1010
5763 8177
4192 6912
6300 5597
5657 606
8100 917
7226 212
3049 6663
5245 570
7048 4475
3313 3313
9283 4466
5036 9141
4690 4512
4901 178
6460 8253
4148 8911
5045 927
50 8920
559 6938
2706 8968
9738 5315
8790 7034
21 9158
541 9536
9840 12
5141 5141
6007 6007
3923 100
2958 6816
6198 8832
1407 5184
1794 7560
534 4023
7322 7322
1793 4016
815 9565
4569 4569
4865 4865
657 404
4853 5914
1600 6893
5512 1175
6622 6622
7045 9553
4991 3524
2848 4294
4127 396
3987 6285
7576 6238
933 933
8625 3832
8067 4712
4411 8947
9082 4792
9074 4492
9177 1940
7906 4704
2806 8236
520 4529
4315 2993
6021 3400
7148 8542
7697 7299
8651 8651
9032 4749
4885 4885
1532 1532
4404 9620
8256 6401
7353 8777
5065 6757
3137 3137
4609 391
1854 8276
932 9626
8745 8268
452 8272
1714 5178
1891 8270
2941 2686
4246 8782
3608 9627
7409 8781
5577 8779
7922 9624
9630 9630
273 9482
3398 8780
9128 8273
3374 8271
2244 9632
2493 9628
5862 8778
7945 9621
2296 4224
3628 8783
1770 9631
5529 1963
5717 5717
647 8432
7705 4253
9516 7578
8380 3240
3821 1493
1165 9573
3112 1275
5329 5329
768 1319
8151 488
1618 6549
924 8284
3134 1453
3035 4470
7593 8429
8040 8829
8420 1415
7349 9711
5111 1459
6423 9103
7935 3164
6158 5803
48 8055
2678 2996
4431 8068
8161 8624
5271 5271
365 4380
7857 1462
9304 3023
8663 704
7948 8061
1878 8847
4744 4744
853 7957
4881 4881
6439 6022
911 1562
1638 5332
3828 3828
5403 2994
2394 443
3262 3523
1143 8580
3760 3760
4907 9440
3758 4370
8565 8952
5507 3602
3755 6771
462 9309
4917 8010
9888 327
7474 271
6011 5129
4882 4882
1056 6657
4267 7544
375 375
6999 6830
4027 107
6965 8610
7189 7189
2057 1407
7176 7176
6543 3597
9531 5015
3472 41
7190 7190
5992 6829
449 5036
3383 7003
257 257
3079 3079
7612 7035
9801 829
3302 7301
4716 1463
2219 1401
3363 7002
972 7005
4824 4048
9379 7937
4869 4869
1465 292
8723 2897
7495 4050
7309 7309
6643 3962
2783 7552
7746 1267
1308 1308
1428 1428
9925 6556
562 6810
6309 1282
6338 5987
9889 9889
3105 4240
3508 6409
6320 4382
1895 3324
7696 8190
8159 1381
7212 3603
8732 39
6429 8193
3445 3755
3824 3831
5336 5565
1438 5240
3588 7376
5828 6306
8691 1268
1347 1347
1858 749
2933 7454
6196 6307
1420 2740
9775 2717
6388 3870
7153 4216
9409 7261
8111 1321
8221 3384
5050 363
9002 6308
6137 6137
2451 6309
2097 2743
3848 7449
9438 1004
3664 3869
5665 353
3833 3833
1315 7457
3914 971
3852 3852
7509 6037
396 5142
3713 2721
6925 5388
6931 3874
2666 7983
8577 7976
7520 3839
6048 3847
955 955
401 3849
174 8896
904 8897
2211 4231
1830 3853
3005 3544
1644 7576
9363 9363
5101 7324
1443 523
7441 6010
1293 1293
7562 7562
6458 7582
3838 7336
3816 6386
9411 4910
5713 3854
3850 3850
6953 9318
2622 7579
9053 308
6360 56
283 283
3971 3827
1907 4908
9940 3845
5143 547
5698 5698
1382 1382
64 1926
1383 1301
1209 9167
132 8269
6365 6145
575 6144
6550 8997
9905 3747
3911 329
1423 1423
7478 4358
5860 8063
6625 306
3364 1438
9155 9155
6838 8892
2748 3331
8027 4668
4942 7909
9924 4291
7519 3134
6442 1297
9532 9157
9726 4235
965 8898
3280 8910
8991 8900
2264 8894
9137 9137
9004 7985
8734 5
2865 6013
6258 5030
1220 5788
7382 9554
5346 9557
5243 167
3449 5923
3325 323
1967 8815
4899 309
8493 8493
8908 1141
1901 3836
1331 1485
1463 1140
9135 6621
8205 4532
9520 9520
770 5874
7642 98
5057 3336
411 3513
347 347
1332 2479
4576 4374
1748 9606
5174 5996
9618 6040
480 6034
5082 5703
5157 8702
3026 3203
3210 4687
135 3778
8639 8639
966 9138
3920 3920
4184 4252
7554 6011
1871 8849
4875 4875
570 4456
2788 8399
2176 7805
603 3019
9466 9773
4878 831
7404 7404
6802 4217
3617 8265
2868 5008
5052 7377
6746 6746
1282 8630
8940 7676
9034 9034
6239 4194
872 6758
3518 9123
8190 7359
4872 4561
4105 6052
1493 6006
7300 7300
5333 301
736 736
1646 7315
4689 4689
2161 628
9607 3653
8707 5521
5025 5025
3366 7195
8257 569
9570 9570
8542 166
3504 3579
1660 6495
9701 8758
7256 1136
5414 410
9550 9550
6471 7401
2824 8833
3798 3291
7548 9078
6236 7892
8976 8976
8569 405
9827 6647
3039 8470
6702 4912
3200 6590
2048 2867
4296 9847
7278 3255
7476 7209
8220 7207
5827 3746
6238 6786
3301 7783
1518 9564
8640 923
6463 9709
1129 3591
7461 4193
9071 9444
9173 9173
8390 1509
4740 3387
9682 1948
4347 9680
8973 369
2497 4500
3585 3585
4087 3142
5260 1536
5584 8928
8670 1529
1014 501
7380 5043
978 1487
9660 8629
5555 5209
979 5751
723 2457
5533 965
2159 70
8385 82
9489 62
5294 426
7193 922
7450 7450
7761 4255
4582 6350
5688 1130
3070 4245
7367 7451
2631 7506
512 512
9521 5729
8796 4849
2173 6807
8660 4227
8829 2548
8343 8926
2124 6673
6481 4819
9163 7459
1501 8925
4757 4774
2313 4676
8250 5256
1079 1079
4550 4550
4811 1023
5716 4723
7702 6314
5439 236
5741 4794
2665 4443
124 5204
6630 6962
7140 7672
4938 952
431 431
3552 4795
49 49
6993 877
1062 8446
4601 4601
4931 7291
8753 9320
6152 2513
2784 7179
9746 869
1359 1359
7447 4764
7446 8482
4715 4715
4146 996
7648 6588
9452 9433
8523 9452
5083 4711
8442 8442
7183 4683
9937 956
4333 9093
3120 8396
7359 8576
5936 6130
918 3168
4964 4228
4331 4233
1764 3806
1664 3813
1792 881
6544 1984
2049 3765
8379 1044
9236 967
2262 947
855 958
52 9474
6555 1029
9636 9636
3212 4681
5355 4682
1422 8310
5934 1477
937 937
9158 9545
9666 9666
1927 8840
4775 8838
282 750
7988 3825
4203 1330
7772 7772
3996 9613
6128 7932
9355 8198
7712 72
5853 5853
5514 86
994 6208
5510 8971
6193 8790
5117 337
8823 6604
8945 9105
4458 4458
590 4028
8445 8641
7656 1002
4200 7811
9406 8572
7018 8691
227 4467
4161 7272
3016 3016
2042 6446
3906 1012
9200 5361
9551 2559
2390 2720
8644 8644
7276 7276
4133 1758
1205 1812
9316 880
7884 875
4777 9800
4051 1075
2988 2988
4528 8077
7530 4572
5390 6382
1061 4359
6588 8683
2642 4719
6837 9523
1699 9618
8695 8695
3876 8682
3688 8693
4372 2998
1026 4675
6353 5393
4281 4281
4262 4262
9495 8685
6700 2997
2426 2985
6880 8696
8979 3851
1406 5591
3334 3334
4129 6866
4589 1497
2640 8725
4903 4903
9226 5600
5802 1498
6714 1501
1193 1492
1362 4208
5109 7573
143 1814
2765 3658
45 7853
6840 5753
3377 1486
1502 1502
5343 7575
364 1508
2282 1496
6208 1499
5115 1490
5858 1500
897 1504
6126 1488
8423 1503
2713 7848
4250 536
3444 9172
8277 8277
1867 4890
8971 8256
7165 8257
4300 2980
3285 4706
4215 6026
5148 7924
3475 6207
2927 9681
6077 8205
652 1715
678 1701
1328 1737
6017 6017
2072 3614
7681 1740
4011 1820
6781 1809
246 1798
2870 1752
9447 1796
6998 1795
1500 1794
888 6233
294 6615
1884 7110
9903 3770
908 4831
2723 8251
5452 8809
4592 8557
8876 6443
7622 3252
8444 4917
5887 4301
4748 4748
7819 8189
1948 8834
9818 8319
3030 7591
9879 4669
5581 261
7902 8248
4020 8252
6333 1937
9543 4822
1139 9569
3499 3805
3253 8481
3258 8453
766 5040
3244 8625
447 6165
2020 9518
8534 6560
8139 9551
1554 8637
9413 4762
756 9003
5650 6613
954 8160
6695 8877
3190 4587
7471 6623
4764 5744
6173 6173
3623 6271
9975 1195
1900 7282
4634 8821
2494 2494
4217 3093
2320 4242
356 356
5407 6187
467 3018
2122 3821
5573 5573
3 8716
560 8151
54 4718
110 6609
3160 7314
437 505
1491 5078
3013 3013
1453 1961
3359 4289
2728 2728
474 844
4363 4363
8777 4791
5049 5049
2116 625
8963 7933
1075 3024
433 7583
3897 7910
1248 8618
2776 4019
2004 1144
2066 8734
2257 8210
9224 8208
984 8209
8561 6949
3900 3900
5587 5587
377 377
3730 2536
806 2937
4783 3913
3341 9522
349 294
1609 7356
7317 7317
172 4644
1949 3147
7425 8536
357 357
3482 4673
2079 4672
100 7532
120 9843
1601 8175
5102 8062
1974 7285
7629 3925
6049 6062
8104 5585
9228 1478
1482 7748
6842 407
730 1618
8417 7612
2465 3754
7985 6784
1116 3810
4480 5045
1251 1219
6130 2682
2437 1218
468 468
9035 1614
9390 1612
2710 4985
2732 2732
2960 2960
6381 5846
8172 8172
4620 1829
4523 1640
659 316
6203 5848
6088 1655
9006 1644
7127 5335
7643 6547
2418 99
8982 1620
9582 1641
4630 1632
9327 2764
4034 1660
1039 1661
2569 1670
2669 1656
2344 1622
1953 1608
6337 1624
5586 1664
3412 1627
7419 1654
3981 1657
2423 8316
5318 6177
3319 3319
4667 9808
1188 6342
3012 5992
8710 8710
4451 1643
2969 2969
8934 7303
2358 3014
1370 1370
3777 1317
3741 8828
4983 7307
6713 1196
1276 1276
1939 1939
2198 1628
2667 7688
3919 376
9809 373
3732 9421
8017 374
1781 351
6569 1461
4904 1434
9350 7959
3874 7305
9554 5819
7976 4234
8029 560
7537 1153
9218 1672
9066 6819
9605 7494
1476 21
4649 4649
3198 5781
7536 4628
8596 81
5250 8164
4912 7289
9463 6211
1970 9032
2973 2973
3485 1959
4144 4693
9450 7316
9278 8304
2319 1960
726 726
4830 8949
1236 8942
661 661
2095 4372
4024 5634
5572 1371
6605 573
1336 3722
2130 2889
7243 165
9385 6360
2033 108
8376 432
9881 6783
9259 7411
1239 2864
2894 2894
8038 2872
2556 6782
2917 2566
4025 2900
7383 2896
7734 2868
3837 2927
8428 2926
6493 5107
2901 2901
2844 2844
1920 2913
3997 4211
9847 8170
3973 2466
4081 9004
4721 5696
5020 1617
9366 2811
4365 4365
5917 4843
1021 1197
5677 1606
2190 9625
2644 6070
2928 7319
4134 2757
7266 1362
2471 4824
2887 6934
102 2928
1341 104
5919 8822
4187 4187
4849 35
4502 9713
2840 2840
2448 4754
169 4707
1941 264
8140 4722
9655 7510
1726 4756
9702 3966
390 1667
4977 4977
5736 5736
2662 1
7728 4920
134 1623
9857 6337
696 9724
6735 6494
3740 3740
63 5505
2006 3362
8564 3855
8403 1406
2109 8715
8303 4928
9851 3741
1763 8537
9317 9317
1245 9095
7868 8742
7002 3363
9909 1405
1744 1941
6666 9456
7763 6232
9779 4283
2348 1420
5986 8295
298 298
1856 1856
2690 3846
2571 2571
1300 1300
1435 344
502 7831
8590 500
6409 92
2595 2595
1510 1510
1519 7086
1028 7082
9843 5231
2533 2533
4477 6339
7914 3318
1050 4679
1287 1287
6963 3737
1538 3029
9882 3879
6250 4232
7431 2594
1701 2592
6188 2596
159 4922
7067 3035
9992 1539
8182 8182
1137 9610
1778 1314
5799 1356
1355 1352
8183 8183
2553 2553
8792 2561
219 7214
8301 2577
1320 1341
5667 1173
6482 2602
1372 1439
1161 1229
7231 1473
8279 1161
7669 1450
6663 1472
5069 1470
4360 1421
662 1186
7390 1469
569 1309
1173 1465
3351 1355
8775 1466
3063 1378
5865 1398
2371 1429
6117 1464
6574 1422
9951 1447
1227 1201
2179 1419
4348 1446
7120 1288
4955 1168
2184 1457
9764 1458
5256 1436
6941 1320
7308 1456
1456 1383
1189 1395
402 1451
3287 1426
3974 1322
5023 1430
1168 1312
44 1180
3048 1449
1311 1380
1196 1336
5857 1189
2435 1448
9567 1198
7187 1350
3264 1402
1314 1311
2407 1328
1633 1296
8338 1281
1409 1326
4356 1409
4429 1394
602 1372
9080 1363
3222 1332
3216 1310
2373 4968
7725 3360
4730 6901
7041 6864
9571 1636
1983 403
8551 8551
3006 3006
5864 5864
9614 9614
7780 6042
6659 6659
4998 91
8858 8801
5506 5506
5909 7447
9706 3876
2031 3007
1809 2490
9984 3769
8247 117
9613 4690
2268 4545
8724 4494
8361 9036
8700 8700
3182 3182
7448 7448
1979 1979
9700 115
1410 8707
3414 76
2060 2578
8690 8690
9007 5989
393 6767
6509 6509
7864 7864
4560 121
4784 105
1988 64
2522 9262
8450 5340
8832 214
262 262
6744 3604
2938 7785
8942 851
4884 4884
5268 9577
2672 9579
7927 7519
5165 9450
4949 7
309 2750
2945 2477
6174 8
7834 9
72 2775
2388 10
9545 6
7228 71
8323 4257
5273 621
3277 9562
2453 543
1567 1567
3387 8107
7925 7925
1706 9769
5127 7659
7755 97
7924 9010
7965 2912
7420 4847
4010 1521
4796 4796
9113 4236
1648 7446
7378 58
2602 2877
6988 6194
2411 8384
6904 3788
312 5988
5868 2487
9683 9683
4322 8192
2842 7760
7500 5816
487 487
9647 7006
2871 2871
7186 2842
4409 6035
9302 6538
3614 6045
8214 6050
5193 3787
2191 8607
2560 5258
6051 6051
1283 5999
5426 5796
7742 6001
403 6055
2011 5997
8694 6041
5169 6028
5060 6053
5204 124
7594 6167
4982 1475
2903 520
4299 7936
902 7395
9659 9310
7033 452
4102 4223
3581 9639
318 4816
1237 6168
7677 5568
8627 6533
4812 6535
6253 6529
3736 8732
2192 1927
3584 5916
6104 2644
544 4818
3167 3181
8405 8405
8483 8483
9839 103
9000 9000
5231 120
8712 136
5467 9113
6843 4128
6080 9809
8788 3811
8485 8485
4366 4366
3490 6689
9065 89
1801 493
1860 6293
8231 9112
4244 672
1613 1613
7684 7458
3441 2475
578 113
9998 3566
3187 3565
5815 5815
5011 8633
673 3801
7786 2597
7294 3953
640 8803
2040 3718
3084 2765
6030 6030
5639 3397
6975 4183
1200 498
5825 8475
3254 6569
6217 8951
8890 5832
4806 8191
9870 9478
4906 6690
1381 3795
4255 9851
9762 7690
6023 6023
5371 7830
8757 8933
9480 9480
6889 3605
4357 8786
5185 428
1077 7833
6534 7834
9904 8581
7998 48
6624 5799
8628 2491
2403 7749
3594 3945
2016 3910
2400 9850
4990 55
858 7663
4297 4790
400 2590
5687 5687
1318 6301
7493 9147
7427 9212
3998 143
8291 3911
1066 9514
162 137
2805 2805
3847 4564
4564 4560
3400 191
5476 674
5641 9515
7843 9803
6928 7917
1711 119
7973 3017
4590 8565
2481 7394
1617 8313
1982 3002
2959 3863
8192 4491
12 3004
8508 195
7694 4212
5232 8787
177 5787
5808 6358
5843 1985
7110 4728
8835 4539
5308 6259
5228 4487
8087 1605
4113 8211
7191 4448
3540 5735
4273 461
9205 616
131 131
8057 8057
3886 5737
5930 5877
2708 5731
3782 8174
5891 1560
7879 7310
8187 4769
9107 9893
271 47
4374 5746
6346 8337
9041 5702
8847 8351
1057 983
7126 3829
9652 4932
4551 4551
2430 4453
7630 4567
7827 8349
3553 8353
5152 8339
7272 8352
9199 8348
6194 8341
3902 8342
958 6336
8373 8373
8530 4864
5450 4482
4632 4514
7016 4562
8878 4507
1433 4553
3658 1659
1000 1621
851 7879
9639 7880
7870 7839
8148 7840
2995 7877
7286 7849
6558 7870
622 7865
7880 7857
2987 7855
7064 466
1247 3766
901 976
6734 95
5898 1225
7639 1000
2080 1126
6528 1089
1008 943
8592 1125
3982 1102
6839 1030
6163 1088
4214 950
4206 1119
7587 1115
229 1111
6615 919
2885 1036
7535 1090
9715 998
35 941
2443 862
6235 1060
8951 1005
2316 975
588 924
862 929
5916 1052
3648 936
2498 1003
4403 977
950 1050
943 990
1944 961
4660 1032
2304 1015
6490 2690
3032 8002
5349 9777
9171 3862
1553 4721
8481 2522
78 4883
4735 273
1997 1413
352 352
2034 6352
9923 9923
5299 5359
6275 5185
2424 7293
5481 4026
5561 4780
6885 9453
8754 4866
1629 9925
7403 8730
8766 7351
8692 7455
7595 2863
8953 8953
9892 8955
8227 3001
3970 6552
9638 3789
1670 3790
3725 6372
2934 111
7771 8826
2343 5176
4786 4786
7026 8974
2575 8623
8509 4825
6069 5734
3956 6947
6647 152
3846 146
7990 5739
1834 9449
7984 9451
2458 1651
821 532
1432 380
380 381
157 157
9505 6935
1840 2626
3085 3916
2071 9129
1241 1669
5275 612
6220 5195
9109 6592
154 8322
1183 4820
8332 8332
7341 7341
5008 4763
7301 3302
3463 7984
9361 8324
7430 8323
8326 8326
4804 4804
4704 8327
2654 8334
4553 8320
9401 8333
2588 9908
6968 4785
3949 8527
8987 4376
6288 8520
1587 8325
3779 3779
5454 54
2701 4276
8097 3715
3206 3028
9459 5738
8944 4371
7398 7398
8330 8330
2382 8328
5330 59
190 190
6425 3972
2716 9260
1403 6338
3693 3894
7703 6027
7693 8216
8331 3895
4136 277
4346 4346
5404 9633
982 8697
9478 142
9103 1965
5835 7938
5957 3308
7394 9301
1448 3943
8143 7396
8070 4725
7436 4221
6757 8066
1923 4868
8813 8813
9160 3258
8591 5875
3498 8887
9178 4726
2039 4272
7290 8884
9784 9784
4960 6648
70 1566
6501 4905
2397 9013
4444 4444
3208 8471
1568 1568
9508 171
3575 3285
8581 7238
9524 5059
2440 9008
1612 3826
1771 6012
4699 4274
6041 608
8699 8699
2224 4190
2559 832
738 7639
6329 6329
1041 4753
2212 1637
5320 169
9745 5344
2685 2685
929 4742
296 521
9553 2683
2648 6044
6780 2546
5160 1609
1886 4268
7784 7784
6775 6255
6591 6957
1424 4778
274 1692
7571 7584
8540 7574
5774 7566
7692 7577
4755 4755
9186 7571
8683 3224
3842 8369
7008 2783
77 6591
2930 3295
842 842
6336 9578
118 2572
5187 4736
948 2755
6301 455
4925 5801
3606 3606
2300 9538
8588 8588
8045 4745
4986 2555
6926 9458
2766 2766
9760 2731
7279 5054
4412 326
4756 4758
1190 8686
4003 3356
346 346
2564 7001
6334 342
9345 313
655 278
7334 8785
3062 4747
9748 9664
6665 8199
8605 8605
8924 9607
3752 300
9410 548
4759 2723
9908 384
6386 6174
2866 8501
1378 8414
1624 370
4809 4809
2276 303
297 297
387 361
1053 305
9732 387
5538 379
325 302
4520 333
122 334
4019 319
379 385
3975 386
670 362
383 383
333 382
939 320
7801 348
6447 325
2543 328
6899 354
6918 358
3305 378
378 366
8454 368
6149 7325
2552 2552
615 615
9695 9106
9469 6359
6897 9903
114 114
9281 2000
1599 1611
1640 8603
6433 6433
504 504
2351 44
1639 1639
7934 7934
4622 9209
1805 2012
1831 9811
7258 8654
7376 296
4694 8400
5948 4501
2899 2601
4265 6572
4778 1555
8806 2963
4269 130
2180 8567
2948 8972
5190 46
7155 3372
2657 2955
2686 66
1773 2589
8514 8582
887 6734
1138 9823
5592 7763
7851 2981
8082 4665
5492 640
7164 9084
797 8759
4353 2568
3819 3819
864 470
9556 1564
5474 9821
4379 4379
2563 3386
47 3385
3227 7793
4785 8598
8324 8937
1104 149
6595 711
7464 3259
5021 5021
1105 9801
9417 9224
2175 5907
7950 8613
1712 553
9467 8722
7797 4051
638 4734
9196 259
1401 5861
7042 213
8009 7743
311 5111
111 554
3533 4127
1649 558
5544 839
4537 4052
5952 5780
3563 8806
3580 2618
5553 6551
117 176
8897 3818
2232 4740
3815 3815
9068 8810
2252 9822
1284 4933
8200 8200
3025 2473
8949 9563
9648 8726
1985 7174
9619 5839
7195 4241
8664 9810
8709 8709
7407 6497
5735 7193
5753 7205
3891 3389
3207 3207
1847 3239
4354 2574
1011 6310
3215 3304
2750 9930
3339 3339
9333 2880
5363 249
3917 3917
2467 4784
3091 3322
5733 9603
1632 9604
1032 4807
9987 34
8698 8698
5679 1519
4932 3340
3337 3361
9362 3330
1375 3394
3393 3289
9812 3393
8928 3337
5092 3352
3289 3375
4666 3391
4017 3376
2630 2630
8370 8370
1945 1514
5779 8579
3964 1518
558 8984
564 564
8025 8979
8688 5509
4056 5510
2531 7196
3765 22
2082 8291
4362 8712
9043 4213
490 490
2852 2841
2052 147
9641 9641
8041 9905
8199 4645
5135 2610
7971 8741
6075 9333
91 6357
7940 3443
2684 9332
6709 850
7415 7415
3551 4848
6756 4913
8336 2758
8638 8638
2183 2742
550 9785
1631 1631
385 5582
5569 96
7897 6508
8206 4812
6422 5031
7499 5747
3314 9513
8169 1987
6732 1673
1890 5675
9101 5511
7968 5507
9392 5748
6317 5514
3381 5522
125 4265
6675 4230
4544 2667
8497 8497
1571 1571
9730 8274
8084 8220
9635 1671
9824 9824
5823 8626
7573 2903
5772 4261
2340 4282
5213 2911
4137 4267
2294 4249
4430 8350
8658 6237
692 5855
8956 8956
2139 8988
623 8267
2476 1534
5580 1559
8571 3949
3149 4766
4610 8538
6157 3238
6577 3194
3350 4814
7417 7417
9462 9197
5279 3824
4342 9957
6347 128
8553 8553
8080 2724
4313 85
4175 3003
4541 9196
1384 9199
9802 9200
8389 9959
9958 9958
8488 6809
4156 9973
2 9955
9960 9960
147 9961
6078 9976
3864 3864
960 9975
747 4277
8864 8864
5578 8753
6018 4708
2365 4839
4928 8214
4805 8263
3547 5596
3323 1604
8814 6931
3918 6821
6071 9186
3656 359
9703 8494
4618 555
2838 2838
9227 1848
2643 2643
7040 516
2621 2856
836 836
1751 6927
8240 6928
9727 9727
2416 2964
9009 6708
9474 4811
2442 5834
7198 4349
9597 2859
3649 3649
2650 2650
9267 3272
9471 1495
484 484
4026 8275
4559 6606
4782 4180
1215 6692
7645 9665
2263 1491
3327 3049
5304 6175
2475 8292
5341 9101
4640 4775
5095 8019
5859 2569
5184 1563
8820 5574
2796 2968
3263 5583
2864 7778
9094 9094
7442 8293
6584 5047
2762 3780
7319 481
2141 4902
9846 1541
9901 9571
7872 7497
4511 8583
4449 467
8891 8533
3950 2604
8302 5740
9599 5075
164 2583
1330 5639
4746 8532
3476 609
1959 3230
9837 8109
1100 5564
8468 8468
9070 4844
3143 2605
5801 4925
5106 1513
646 253
688 4727
382 3026
7947 9165
2979 6796
8939 8939
2872 8344
9982 252
731 2584
8412 2573
870 172
1561 3749
5999 3328
4277 7500
316 2532
9311 8215
5718 6321
7152 6320
3843 2580
6517 6517
4228 4385
533 1615
8731 4303
2438 3843
8184 4251
7776 4817
9721 162
3985 3546
9770 6323
8021 260
1689 6038
9823 5060
9705 2440
1397 9517
1164 135
4840 4840
3123 7420
6492 2607
1060 8409
6801 6801
8186 2598
1796 9521
3887 7502
6759 2773
1260 8431
6580 1933
9134 4801
1106 2753
3045 2767
2756 2756
3354 2797
2234 2719
4927 2944
3185 2716
7660 696
2975 2795
6886 2754
7057 2800
2491 4260
3332 9561
6335 4788
8219 8297
4359 8201
2487 8331
3202 4867
6707 2647
7805 3021
5931 2847
8149 4383
4834 4834
7620 2895
8402 2861
1931 748
4196 3140
6932 6932
2711 2619
9749 139
5694 7705
3817 3817
6398 7269
3074 9629
1521 3128
4787 4787
7055 2454
142 156
6841 14
3015 3015
9446 8724
8606 3103
3534 3113
3868 3109
9112 3121
705 3096
3116 3116
9090 3107
584 3118
5983 3122
3922 3095
922 3119
9740 3098
1666 3132
148 3089
5642 3110
1681 3129
2646 3104
5707 3114
3365 3115
2904 3112
1605 3108
3131 3131
3122 9891
9240 6123
6280 837
5621 4254
1829 5824
4195 7313
25 25
7714 4921
496 237
9890 9890
9330 9892
6654 2653
6722 7515
8573 7521
5086 341
8612 9895
8372 838
9693 2675
8614 43
5908 3211
6612 6612
4091 3411
2803 2803
1492 5027
5428 8723
840 840
4118 2657
1306 8489
2573 1544
6718 6718
80 2672
6142 7403
4140 2540
2740 7355
6131 7407
9386 7312
8870 7400
7297 7334
4036 7367
7959 7397
7400 7357
1135 7323
1973 7384
2620 7292
2213 7297
1950 9308
3872 639
2163 7766
4920 109
4487 2538
7661 3514
8938 110
2545 2545
9397 630
3092 3092
188 6299
7689 7995
968 8587
1286 8262
2611 3452
2780 2788
7685 7685
9769 3830
4614 416
5523 7456
8120 8687
6913 8204
580 2857
9680 6555
7245 6803
5850 2648
4734 3781
1578 8740
8020 3951
9193 8745
9147 6398
1112 843
2555 562
8828 9964
9126 9126
1825 3968
846 846
9263 8744
6145 6889
4692 6869
3451 3451
4041 8867
3543 8507
6688 4278
5819 3444
1036 847
7438 2606
3239 3803
86 3529
1473 80
6144 617
5018 9609
2984 6797
2364 148
1910 483
997 3485
5816 848
414 7286
7247 4936
2900 4025
8574 5818
2539 845
5758 3276
5235 3782
368 544
4910 3277
3176 4674
3717 3717
6970 4705
2332 3484
2084 4703
3555 4701
4631 6814
32 2977
2911 5706
2144 5700
5009 5705
8629 5692
8234 5704
794 5697
4358 5699
3420 5795
5334 4192
3436 6276
5652 9910
6626 7771
8290 5041
769 9144
1203 1996
614 614
1222 4490
1528 1528
5375 8711
5755 4773
6362 3772
9146 8990
1090 400
9145 8080
303 6900
386 5562
7672 1935
7585 8766
7791 8862
8028 8568
625 8563
4394 4394
9343 4520
8563 8569
6906 5586
1219 5050
1181 9011
9804 8934
8617 8617
5693 9682
6540 5798
3004 9127
3768 3823
4891 8989
9143 9143
7459 9921
8740 6682
9943 9007
5602 83
9813 9473
2862 7649
7903 6677
1797 9686
2117 7861
4691 7752
1728 8521
1499 6608
6948 8463
6446 1679
6854 631
4846 409
9698 3534
3290 6684
7316 6685
2385 6678
4402 6680
88 88
3885 9530
838 7337
5590 4815
1615 676
2167 4738
5751 45
1146 2438
9928 2677
1729 9714
9360 8611
1489 5273
8004 6147
1019 393
7542 3520
9989 7854
9499 3094
3545 6778
2524 2524
8449 9715
2578 9716
7974 7940
812 8747
8415 8415
345 2549
3699 7186
1700 1942
1337 9717
8058 1638
5391 8338
5773 9532
8213 4296
7092 6283
3940 3940
9542 7320
239 4713
4887 4836
4349 2917
8619 2809
1541 6740
7298 6725
67 67
6426 9909
3333 423
4499 3873
7890 6176
2695 2695
9637 6727
6297 6730
6691 6691
2495 4760
4741 4741
6833 263
3901 8558
3754 8511
4768 3719
74 8883
1952 6728
2216 6737
6736 6736
4097 6735
1148 6731
7213 6744
7354 6742
261 6732
6719 6719
2946 6726
3385 6729
4813 4813
5614 6733
5089 6724
3835 8882
2656 2656
6990 9081
5956 6739
471 6722
1394 8523
2709 5566
7453 7453
8954 2570
985 9788
7421 6058
3844 3844
2181 8064
4758 3078
5084 1957
8356 8355
8578 8356
2318 3716
7414 155
6314 6492
415 2591
6619 4878
9653 9653
9808 6525
1881 9512
6850 1951
97 7487
1324 7485
1642 1642
1610 1610
3802 3950
4177 6263
2547 2547
5814 5814
8085 6913
7898 343
9907 6936
1520 626
861 8645
5317 5835
3636 1630
8502 6273
6044 3516
9936 9936
6146 3521
5230 9208
3631 6363
1074 8935
8407 8936
5947 9463
2801 8870
3785 3785
9340 4841
844 4850
554 6965
2937 4735
5941 4852
9152 9152
5080 9154
6073 9201
9734 9734
9822 6518
1009 7946
266 6179
2876 2876
4604 9896
798 3179
4996 8748
5435 2873
2477 2870
9972 6544
3564 2971
5702 8411
3583 5188
6379 689
8702 7931
631 153
4914 4914
2540 2878
1536 4354
4718 4739
6382 7711
1089 6738
8850 84
5328 2659
5203 2958
5760 4846
6623 9978
3162 7706
8419 8218
6579 3888
644 2807
6768 8487
1069 7000
4223 2759
6153 2999
1583 9315
1187 3657
6035 9316
7836 9979
8909 8909
6191 6191
1656 4225
3807 3807
5448 8899
1852 8908
7980 7980
9669 7979
8369 3842
6455 3281
7867 3860
7115 478
6281 2843
3260 8856
1059 2883
6261 8643
8312 8312
8844 6356
4135 3025
8795 3877
2278 2801
3806 3856
3173 7237
3792 8467
7197 5854
7449 3848
9833 2866
2322 6318
1542 9107
7865 1970
3680 8713
5792 5792
3136 2550
8469 8469
6418 8706
4808 5838
7522 6319
3801 6198
4889 4889
9512 4275
5436 8082
6636 8808
7044 2768
6201 6201
8314 6190
3335 3101
571 571
6825 6826
1213 6825
6748 2967
4621 9009
9714 6324
5664 9767
1976 1976
1812 2823
7647 317
2587 3020
2506 3127
1814 2539
7720 3932
5258 2560
1259 3457
6476 3355
7454 8375
9170 2793
8346 9795
5072 9771
1866 2829
9610 833
8729 8729
1484 9090
4994 1691
4886 6340
1092 4293
9062 3445
7295 8058
4857 6275
6207 4126
1760 4280
8474 8474
777 8462
841 841
6980 9812
3550 9622
9919 6636
2737 2737
3761 5849
1589 3366
6042 8461
8472 8472
8461 8479
6326 3392
593 2975
9046 9789
1455 6833
3655 3655
5162 3512
9243 5867
7015 3569
8547 9654
3829 9655
8185 8496
1494 1494
6690 4906
8288 6939
2321 2789
6989 3290
3904 2936
8451 2645
2799 4269
4043 2869
3343 3354
2038 6312
8879 37
3130 77
682 69
4207 3323
751 3342
1533 3946
9115 2537
2907 7986
9596 9596
7905 6645
7062 6644
4147 73
3067 3067
8927 3060
9917 3070
606 3059
4378 3075
4345 3072
2688 3069
877 3054
2619 3066
3071 3071
6384 3068
3077 3077
4434 627
3503 3503
9102 8407
1117 2498
9422 9588
2812 8413
6053 9110
7060 57
228 228
9464 9464
9899 683
3461 3461
2893 2893
9624 6212
9519 8680
9959 6655
1157 8731
7456 8285
1495 1634
9359 7882
656 3501
4048 685
8293 3508
687 687
595 686
5263 196
6172 688
1348 3506
430 492
1477 3519
4902 9969
361 5863
8539 6761
1659 603
4697 3903
2408 5841
832 7922
9678 7921
6731 1148
795 4870
6638 2500
7961 7507
5360 1982
4565 2489
507 175
7789 629
7978 9807
7625 9185
3401 3401
5421 3398
7178 4938
4883 78
6892 63
8524 8524
6699 9443
8354 8354
394 159
7729 469
8375 8359
714 8336
9475 9475
7082 8279
1936 8203
4016 8213
3019 2736
9040 8206
6508 8195
9544 8196
3590 2752
4229 2739
8340 9619
5354 9174
5337 5082
8245 1635
4115 6563
6563 6567
7800 6566
5430 6557
1266 6562
8281 6559
6183 6183
2986 5813
3932 8627
3180 3450
7443 9214
8898 8514
9640 3502
920 74
3257 2745
55 7947
9766 1545
6711 9555
4442 9325
1619 2853
2582 5831
5362 5362
7552 6514
9894 9894
3310 4832
5624 8890
8733 8796
4225 8795
9803 8797
876 8798
6836 2670
7860 3999
2123 2879
1147 9468
9349 9349
9161 2899
3549 2874
7582 2875
1256 2966
6170 6764
7257 7255
7255 7257
7311 7284
8308 7273
7951 3518
6604 6558
9971 9971
5340 2676
2237 4024
2502 4021
6089 3994
8904 4027
4583 4020
4294 2848
641 2885
5876 5876
3935 3935
1556 1619
5233 2749
4405 158
3677 9104
1784 9776
1665 7460
3723 3494
3994 3871
6697 3906
354 684
5064 3907
9010 1607
4656 9817
389 2770
3883 9477
8258 9818
3738 2824
3727 5862
8872 9472
790 6941
3121 4292
3506 3120
8158 8158
6651 9730
5696 4931
1785 102
7485 408
9518 150
4021 2798
2898 9989
8735 8735
332 9827
8618 2940
612 4872
3259 141
9620 8260
7503 3448
8195 6759
6598 6943
4714 4714
7997 6519
5359 8250
5515 8224
3913 3872
4084 2658
5886 2722
5708 9136
5005 2002
6684 3822
6181 9616
7024 9615
9368 9442
8262 5741
8476 3517
7876 5057
6394 3939
3392 8401
9716 2651
2966 9115
5606 2687
9440 2467
8334 624
3224 8991
5932 8994
6205 6205
7526 2786
8857 8857
3421 2463
9203 9203
5513 8345
9192 9192
1462 6743
4521 8619
6927 6832
9616 4688
3598 3598
8399 7194
9612 4871
6903 9079
7318 9077
2286 9074
4210 9076
6610 6610
1905 4387
39 5911
1508 5910
7320 7800
4190 7949
8579 634
1343 1997
8055 112
8433 3477
3047 7503
1597 6219
6553 6553
8463 3909
4658 3878
6100 7939
7768 7943
7960 7960
4505 3918
76 3908
7952 7952
7510 7954
2496 2496
3204 4373
6122 3942
2047 3446
8841 568
3538 8860
3201 6185
2603 2603
279 7942
6031 7955
5854 2622
9988 9589
3057 3057
5594 9779
3849 9780
7788 7754
4464 8863
8922 479
9794 9794
5730 9211
9183 9183
9248 3130
1094 7505
9415 9334
3058 9218
4542 4853
4717 4838
334 9783
2272 4781
6934 4717
2297 9849
5833 9331
1765 9549
9547 9547
280 2729
9774 9774
5749 2565
7310 3835
2912 8941
4971 9782
509 509
521 9778
5666 6909
5742 8321
2347 3934
7525 7335
7893 8329
6783 2776
1485 6715
6672 2956
7093 5259
8525 3901
6438 2920
3228 3228
9584 9584
698 5581
6789 8823
4112 8824
2877 5598
6594 5599
799 5604
8882 6404
6213 6213
2628 9096
740 9924
5637 3897
3156 3812
4284 6960
7440 9568
1303 4065
9206 9575
9116 9116
3088 7516
1768 4845
5903 61
1851 4783
1531 4826
4916 4916
1810 4899
800 173
9393 4802
3199 9114
6902 545
9731 8574
6523 6523
7265 9740
3056 3056
8937 7956
2818 2818
883 9117
8175 3062
9073 9119
2107 3486
8780 174
2808 3756
6052 2799
2882 2882
7750 8531
9796 4691
7012 636
8310 3048
3775 2907
6178 3284
3266 3266
1128 2472
3990 1629
4029 2567
7982 3117
3480 3063
3010 3417
4770 4856
4751 4777
8069 4757
2703 4770
9935 4827
1268 4837
4732 4854
4765 4731
2312 4743
9416 4767
8156 4732
9257 4761
2508 4833
4067 4823
2745 4828
3639 4830
9875 4806
2527 4803
3525 4765
7250 4733
8416 4768
5401 4751
9451 1889
4095 1414
3926 3926
621 8219
4055 4664
7670 486
250 6341
93 834
9601 6630
2942 6220
465 2846
9198 9198
1774 6218
6715 6713
717 6716
6279 6717
3766 6365
1046 6976
223 6963
8749 8719
4974 6405
395 9365
3809 9826
894 1932
7701 9511
373 3784
1930 7501
9911 140
6593 4663
6950 6950
7722 6920
7652 6203
5950 2814
2562 2562
1113 9983
5325 9726
7941 6400
6751 5052
8325 8585
8285 1964
4580 9326
7355 3463
9538 4197
8586 8586
4423 546
725 2774
1688 2892
391 1846
3880 3880
3946 8701
510 510
5911 144
6342 3648
8368 6926
2633 2887
4807 2922
4828 2923
4000 480
9 4300
633 633
8725 9510
6298 6944
9811 9915
9632 6779
8349 4851
7194 1647
1799 9491
2171 835
7304 3761
7468 6054
2029 6036
8797 1694
9265 6046
9118 6039
581 6049
6358 6047
5272 6029
6054 6000
6195 6002
6046 6025
2415 6021
4261 6015
4018 6014
4310 9736
4965 6196
1828 9927
2922 9190
551 590
3878 8510
1628 6527
1088 6541
2671 2671
5568 3061
2623 2623
3796 7423
495 1678
3778 9634
2439 9612
3453 3453
8915 6186
7327 5809
7743 3055
3065 3065
7486 3482
3196 7435
2484 2484
6065 2478
913 7664
9872 6181
8900 3650
3113 6712
2441 3051
8118 3471
4876 6695
9586 3802
6257 6257
7657 9221
1003 7499
6974 6974
7735 8103
4799 4799
2289 9222
6827 9213
5526 9223
5004 9220
9230 9230
5640 9232
3158 9234
5761 9247
6094 9244
6169 9256
4558 9252
1254 9245
160 9250
8046 9246
5321 9233
9527 9226
4950 9217
1580 9215
3296 507
9249 9249
3646 1962
8776 9228
9225 9225
8647 6967
9166 9166
4126 9236
9990 9370
2030 4939
5309 2925
4031 638
8763 9770
7683 1646
3698 2904
6888 9369
2363 9371
3962 9448
7492 9372
3869 3881
7173 4238
9852 4271
9377 9377
7003 4284
9492 3944
5511 6930
2760 2760
3515 3515
5875 8343
4170 9987
1509 4710
7408 3886
3825 4810
1526 1526
3529 4729
9514 3928
9643 2664
4065 2751
3528 9798
5284 9804
2810 9802
7972 6959
4049 4049
8239 3933
9970 9970
7086 8165
3840 8171
7679 8167
1753 6929
7432 7432
4496 2730
519 3912
1710 6777
7267 3931
8050 1511
9151 3050
178 6522
3299 7424
277 7422
9342 9354
1789 4907
284 3008
278 3504
7821 6331
2918 2608
3069 2688
8572 2746
7437 7437
8381 6787
1565 1565
7996 5055
8685 3777
5619 9241
4386 4388
9387 4386
6028 7436
2290 8368
1380 8361
7303 5797
424 5865
5870 5870
7000 2810
2583 164
3029 3436
9015 3656
8714 1658
1635 602
3565 101
9444 4053
8353 9888
3274 6638
4536 6182
1182 53
4896 6624
1063 8488
8013 8490
176 8362
7578 8363
9488 6347
5905 4565
7167 4558
243 4568
1956 4543
3129 4566
136 4472
3315 4555
4479 4540
8558 4541
3681 4511
1917 4554
3330 4479
4548 4493
5900 7832
4381 7868
8582 7874
1595 7862
7862 7871
2061 2890
2830 7926
9790 9790
5534 8492
2820 8340
2529 2585
6354 9900
7215 9897
4164 9887
1125 2579
4720 4720
9914 9914
548 3408
3695 9988
6256 2502
6807 2476
3283 2576
6822 9227
4538 8614
4216 552
1174 8377
6960 8282
7050 8374
9719 3957
8180 3956
8365 8365
971 7513
4866 9330
4894 4894
7863 6625
3491 3491
2634 7770
8661 8661
9207 9207
8673 8673
1925 5873
5975 8657
3794 6264
3767 9948
5591 5807
1756 6582
2377 8609
8475 9761
4436 1616
6778 8666
2879 8659
5446 8378
1966 1966
7472 2959
6114 5871
8801 9350
1752 4759
9479 9479
2850 2850
9873 2726
6502 2813
9436 2781
1095 5823
1033 2534
5015 9602
8392 2738
5255 5850
8620 8620
8321 8622
2787 2787
5671 3493
2983 2983
6140 5800
9785 550
3297 116
1693 1663
2940 8981
4338 2483
2482 2482
4995 9556
9750 6202
8730 134
5732 5732
5834 1154
7583 2860
6617 3809
3446 4724
6546 9542
9755 2612
4245 2961
1115 7512
2287 7188
8849 7215
2369 3413
9900 7201
5689 7198
8294 2593
3708 9558
910 8525
7738 5857
4681 9175
2554 2554
5172 635
129 7517
8764 8764
7128 4750
4289 9902
7439 7439
5013 5113
3456 3456
4879 9901
7077 6774
9468 7426
7551 7551
5110 6721
6480 6720
8093 6723
6723 6741
285 2588
7204 5806
2661 2661
804 2535
4272 1542
3856 311
9136 2849
2802 2802
4092 2808
2178 2649
2581 2581
4061 4061
7368 8784
7814 7927
8675 9118
7001 3420
568 5018
3709 1981
4761 5808
2652 2652
555 2558
1386 6334
7649 3838
4073 3837
6809 2654
419 9163
6038 2947
7073 4381
7659 9590
3521 2519
5537 9738
9298 9623
775 2778
3566 2777
7325 623
3050 9145
2445 9151
8921 9598
5902 310
1570 360
7218 330
6798 340
272 335
3597 5811
8812 9592
9593 9593
8129 9966
9282 9967
7331 7440
41 6215
2053 4066
4636 5134
1388 9725
5033 3899
8528 8528
6225 6225
8682 429
7987 9204
5890 6953
4104 3814
1839 705
8164 4077
4343 551
9606 6330
1369 8869
5662 8664
330 7734
5351 7244
8216 1967
8163 9120
936 4059
942 6195
5817 9195
3841 3841
637 637
2869 3412
852 2516
5542 9531
6243 6824
8610 3542
4852 4069
451 9189
5582 6169
6420 6420
4176 8247
983 9938
898 2791
9018 9087
6074 9086
6973 1625
1365 9470
5402 9869
9712 3455
4153 2699
5531 3404
3984 9524
8507 9467
8102 9754
3957 9864
542 9525
9296 3123
6923 9977
616 1693
2936 3904
9185 9825
9739 9528
1430 6545
4103 8518
3096 3924
5501 6546
1816 6548
9725 3343
5298 3381
7097 3388
7956 3357
1327 3379
3348 3345
9313 3348
2510 6210
6419 2762
2149 5070
6316 6316
9868 9868
7565 3073
5494 9718
7793 9719
1527 8775
1592 9881
5319 9089
6226 6226
5487 9872
1202 9874
8032 9857
905 503
7314 4859
8177 3858
786 9871
5638 9882
975 5261
4890 4857
3522 9858
1119 6937
7873 8139
8103 3449
9704 9982
8744 7950
8613 7944
691 9870
7808 4860
5177 6222
4481 5847
4288 1484
7344 8357
7239 8371
3034 3409
6434 6434
9405 8379
5768 6968
9176 9176
7035 6261
9684 5504
2111 3000
9476 9476
5866 2855
9729 9729
2880 2663
7284 2930
8196 2933
4251 8376
8465 3490
8867 1516
9832 1489
8026 2915
609 3476
8793 6822
2605 6823
2782 610
1954 1954
1942 8571
5063 5063
2874 2692
3184 7945
3827 2698
6022 7951
2311 7953
9656 7948
7942 8335
2816 3898
7908 8570
4078 5138
9483 6146
7104 8662
4919 3283
5701 8346
3110 8720
6554 6820
7504 5829
976 9546
6005 2784
5397 9171
6635 2942
2005 9462
596 9460
6029 9459
7171 3100
6325 8993
1421 673
5995 2950
7132 4056
1995 1995
6166 1969
4522 5820
1975 4389
1481 6948
7352 4060
5690 8366
1742 9243
9608 9608
7466 6442
6448 6448
9320 9535
3022 3022
4529 7792
6799 1626
619 619
6227 6227
9309 6184
8751 8751
6952 6952
5194 7498
416 2995
8559 9852
5589 94
9295 106
4722 3036
4913 6756
4728 3407
4597 4597
9375 644
9629 8678
6976 632
8615 8615
7333 3011
1791 4858
9535 8221
3941 9002
2881 3091
5796 3111
5889 6629
5562 138
6539 3193
6814 8733
5861 6445
5176 8737
2861 8738
5314 8736
4909 2935
2896 3532
9529 3533
8437 3531
2271 3530
3532 3528
3582 3963
702 3955
8855 3971
7362 8509
1044 9764
2585 4709
1687 1687
4779 4779
1175 8675
8846 1676
4417 3958
4567 3960
8671 8663
5411 8671
9220 3875
1034 732
3211 5822
7043 9486
3493 5080
4619 8105
7232 8104
4760 122
3308 161
9108 163
453 33
3804 145
8783 154
4237 38
1678 160
703 79
1940 93
7507 132
7268 129
8837 118
4391 75
5389 2782
5867 3483
3903 2919
1524 8230
7517 7941
7611 8290
5077 8287
6977 6955
2839 2839
7631 2557
2814 9692
7686 7669
440 7667
4856 2881
3830 2771
5794 9840
381 2815
8435 9919
8309 4808
2108 2003
8126 9749
8222 8222
7254 9701
5927 4772
9502 9364
7209 5845
9443 9748
988 2005
6265 6265
4668 8799
7560 9461
1262 8259
2888 2888
6777 90
151 151
6846 2772
6221 9747
5278 9739
4693 4716
3102 3102
9238 1515
7336 2862
9723 2669
2891 2891
2199 9759
6200 6200
9795 3064
5737 7329
8665 7290
5237 7408
5706 7358
1650 3038
2088 2486
2511 2511
9559 9559
3718 3884
5372 6193
9877 9877
8272 2021
8522 8771
3218 2939
2949 2628
8869 1684
7489 7489
3291 6172
2357 3489
2361 3492
9222 9860
8770 8770
2026 2527
3899 3510
2489 5074
4145 849
6449 6449
2326 2693
8016 2826
3602 8772
6363 8767
1991 9873
2629 2957
6572 2970
7315 7905
674 9205
6776 4350
3046 2761
7624 6634
8674 8769
6681 6635
4248 9939
3592 9586
1980 1980
2638 6439
1176 6435
7364 9917
7273 9585
7151 9913
2860 3902
7006 2984
459 9746
1788 2794
6478 8677
5994 7495
4702 4702
9132 2634
6327 9353
2078 9587
7248 6224
4617 2655
1415 8584
3465 3465
8630 9597
5058 9595
3568 2702
1848 4070
6076 4091
1946 1946
6828 9164
7759 9238
9633 2614
9753 9753
7621 4058
2076 3454
3831 7421
9611 1958
9237 9237
1727 7522
4064 7508
704 9216
7005 7509
2070 9182
1709 9937
5037 5037
6204 6204
5611 2704
8074 8506
4801 8503
1389 9179
5221 8515
8504 8504
8519 8534
1007 8529
8414 8519
2738 8505
2261 8526
6525 8513
3133 8522
5776 8517
9442 3535
9037 6406
977 2470
1977 4072
9685 9685
9067 9985
8225 1506
3678 1986
5490 3889
3146 9848
8884 9743
3282 4081
8641 1512
9565 2725
9292 8982
4837 9820
5632 9814
6939 9494
489 9505
3407 4087
8555 4078
5879 4080
7169 2700
8825 3865
9223 7427
6516 1992
3780 9635
9600 2924
7429 7429
6139 4084
5683 4100
9120 2796
7074 2701
9432 9481
783 1680
6444 3961
363 3125
881 3977
3977 3970
3910 4088
9657 9657
8042 133
4154 4076
9537 9537
2035 6961
732 2469
9069 9839
9374 9374
6138 9376
1290 3399
7498 1668
9791 9791
9783 6966
183 9796
9828 9828
6378 3419
2718 3410
6981 6978
5613 6958
1507 6981
4183 6982
2826 6942
8827 6964
1965 6945
5285 6951
4013 6956
6966 6980
3605 6975
6951 6977
4002 2779
360 9845
7931 6921
9941 9932
3786 9931
7939 3052
974 4105
5002 1943
3098 8681
8125 6317
4698 9146
4185 3074
6829 3012
3450 3180
4574 2978
2096 9911
3513 3936
7328 9319
327 3867
8194 3921
2561 3866
3927 3915
9030 3919
3866 3922
654 3947
3867 3923
7305 3941
1575 3927
6559 8776
5623 5852
9388 556
8541 8672
3799 8358
8360 8360
8621 9360
2591 9359
9288 9830
4232 8996
624 5058
4108 5069
3241 5067
4844 5044
4123 9833
8109 9837
2310 5042
5044 5051
1844 9836
8426 9831
1719 9834
6834 9832
1820 9838
6113 5065
5067 5071
4864 5262
3372 9813
9866 9884
2584 6628
9974 9974
6406 9037
8871 8871
6251 2629
1323 2965
9976 6627
4509 8811
7767 9591
2696 8228
7533 9786
9742 9742
3896 3896
2624 2624
7289 1548
6796 9667
9211 9142
1880 6322
4608 9219
4435 9210
7921 9678
7031 2639
2627 2627
9210 9229
9229 9231
1289 4888
8887 9772
2245 8367
7299 8372
6869 9793
9781 9781
3479 9792
9357 9358
218 9352
498 9362
3115 9351
3322 9355
5714 9356
8176 9361
2600 9357
9122 9741
2675 6954
3969 3969
4109 4109
5283 6973
3394 6403
1798 2945
6820 7626
9400 2563
6391 2556
7716 4062
2659 4079
3812 6256
6815 6815
4120 2600
9351 1934
7384 2668
9713 9366
8249 6511
9687 6513
1795 3885
561 8237
6527 6362
9336 9337
9214 9336
4408 9576
5226 8258
9883 9883
742 5805
213 6462
1292 4092
801 8478
8466 8477
6123 4071
1278 4082
4700 4118
9323 6450
8142 4101
8669 8466
4738 2974
8400 9248
46 8278
2210 8294
6179 4073
5429 4119
2409 8286
7574 8280
1461 3478
9008 9469
7839 691
6930 1677
463 3905
9859 9859
4488 31
8767 1550
8347 8347
5863 2514
5219 2504
1673 2713
3888 6399
6806 8281
457 9866
434 9853
7470 8403
506 8408
2401 9867
8408 8412
1783 6652
442 1990
1429 8500
626 1537
9159 3467
9399 2631
4089 4089
5530 6496
3170 3487
6813 4098
2739 3930
6489 9668
6303 5844
5840 5793
3531 5821
2208 5826
9306 5856
3871 5860
5821 5833
5856 5859
1159 5836
73 2611
3749 2541
5376 2543
6305 2551
2599 2587
2586 2599
3757 2582
4926 2586
4727 2575
28 6463
5464 5750
5829 2509
2398 6189
121 5336
5252 5341
1153 6346
384 1685
4222 1681
3965 9760
9768 9768
9720 9765
4319 9762
540 9694
5944 6479
7201 9922
5236 9454
488 3414
8197 8197
1233 9617
6954 9693
7335 6565
6498 6500
2568 6498
1082 9704
6565 6554
7452 7452
1352 6524
8121 3447
4421 3475
2998 2660
8833 3479
2241 9787
2064 2858
2841 2865
2884 2854
7036 2910
3936 2934
2906 2914
2902 2932
1932 2852
2914 2931
2655 2918
8935 2916
7488 2902
9816 2884
6453 2908
196 2886
8866 2909
2908 2898
5855 2905
6262 2906
4325 6476
6234 3470
6045 1690
6910 1556
9150 1546
8885 1547
9968 1551
3000 1554
1434 5851
7277 7277
6484 1974
3361 4017
5482 9188
5396 5827
8413 2812
6704 3753
3169 6999
5830 9688
1405 9699
1255 9690
5539 4120
2507 9916
2950 9471
3483 9906
5608 4055
5335 1633
9546 1665
4318 1666
6917 1645
4867 1688
3478 1675
6095 1653
8911 1662
8235 2679
9945 7438
7849 3405
8929 5794
6524 2806
9255 9202
6451 9675
802 8789
4795 4085
6821 1683
481 8998
8703 9669
1377 9672
6712 9673
501 2790
9677 9677
2396 9674
9676 9676
7434 2822
3269 9679
1272 2733
3404 2828
6541 2825
3135 2817
6437 2827
7644 2741
6969 2821
2769 2792
1581 2820
2972 2769
2792 2819
6062 2785
3043 2816
4585 125
8238 8238
9024 126
7740 7511
7783 5056
5028 9085
8807 8807
8480 8992
8995 8995
8232 8232
211 3406
9060 9702
9780 557
9895 9735
1922 8964
7751 6632
6099 9863
9020 6343
3877 2492
9728 9728
6403 3427
3647 2007
2565 5749
5453 9534
3576 2691
2046 3424
2727 2727
5010 8859
2218 8861
9075 7753
5787 8866
7888 5190
1913 9755
2855 5866
1111 9846
9465 9465
9268 3396
6107 9180
9181 9181
8363 9177
2301 6326
7200 5592
9997 9502
8364 8364
7556 9947
1155 9990
4743 9946
4380 1689
2474 2474
6161 9663
8603 9660
5897 9662
9270 9661
8600 8600
1271 6262
7514 7514
3082 3275
3081 3282
3183 3183
3261 3234
7259 3261
4854 4067
8193 8676
7626 4842
2324 4746
8822 4855
9084 4730
5977 4797
4842 4805
4771 4771
265 4752
8748 4782
9470 4789
2168 4835
426 4798
5559 4829
4829 4821
8771 2637
8223 8217
9585 8223
1722 8225
671 2625
1468 3431
3630 2620
1708 8670
7222 8674
613 3415
6291 8660
5048 5048
1504 9303
4130 620
9063 2616
9598 3039
4149 3037
7262 1649
3459 3459
4131 3082
340 9567
5156 9533
3511 9574
6769 9566
9566 9548
8608 8608
4566 4093
6864 4094
2356 9497
9926 7490
204 6440
9498 9498
9496 9496
5056 9484
3306 9689
9233 8530
5622 9698
3497 2673
5767 5062
2833 2833
7566 1505
9487 9487
4198 642
796 641
3953 2718
3038 4104
3909 2023
2890 9322
5610 9855
8687 2022
2022 2024
8811 9321
8854 9323
1217 9324
4069 9879
3388 2528
4979 3499
2013 3044
26 3009
3403 3472
3488 3488
7929 3027
3191 3032
1486 3040
6628 3033
7513 3043
3044 3030
4935 3034
9506 3042
82 3041
6168 2507
9562 6436
1294 6444
690 2508
9396 1944
7455 6709
2362 2017
4937 3929
1264 8229
716 1561
2273 9375
8800 9368
2726 1991
1291 6266
9718 9367
2697 4113
3774 4074
3912 2954
8722 2951
9541 2952
8990 2946
4653 2982
9668 2953
9681 2962
8008 2976
9942 2972
3440 3428
4915 425
8992 3857
2455 9907
4532 6940
1607 2709
5201 2697
7263 3882
4446 9671
3621 5840
3362 9670
494 6216
6443 6230
5838 6217
6230 6209
6372 6229
2275 6228
7306 6223
328 6221
3197 8176
6184 8179
4719 6971
6972 6972
2875 9806
6014 4086
4086 4112
8787 9745
6530 9920
113 5066
5519 8667
2935 4861
307 8604
2705 3890
4075 4075
9251 9251
4063 4063
3181 9506
8329 4117
3496 3464
9076 3496
9014 3076
3076 3053
9932 3418
6506 6315
6070 8486
1505 9499
476 1988
1657 6354
6758 9492
9376 6057
4726 9184
8546 9178
4591 8665
3470 9899
4966 9898
6701 9886
4139 9253
9651 3097
3674 1531
6992 2615
9212 7719
175 9723
4062 7709
941 7714
7460 9722
3340 9495
650 3507
3495 3469
5630 7717
9501 9501
9157 3460
3460 3466
6884 3495
1821 3500
4629 3505
1402 3974
7713 7713
9539 1972
8270 2009
6792 2025
6945 1983
427 1975
8023 1973
2009 1977
9820 2008
8899 2014
2137 1989
2105 2006
8774 2004
4389 2013
2041 1998
9996 3106
8322 3105
1349 6464
290 2921
7957 8283
7704 2851
4677 3474
6197 6178
8091 6199
1142 6197
3473 3473
6115 9965
2735 2735
5745 5745
3409 8774
9957 8765
6167 7430
2148 7419
1654 7425
2405 7428
1996 7442
1301 7431
2402 7434
1682 1682
4197 9560
2609 2609
7014 485
4121 8714
807 6451
8912 6484
1560 611
9072 1549
355 3099
5959 3126
6081 3133
9500 2642
6658 2638
7983 8768
7113 8763
2525 2510
5416 3975
9455 9455
9153 9153
8430 9149
9149 9150
200 9148
4923 9594
3958 3083
9752 9751
3036 9752
3075 5028
7477 2011
4954 1999
3055 6639
1333 9193
7075 9737
9431 3964
4323 9944
3954 7590
685 9757
2811 3967
8805 8805
6683 9744
2612 4108
1108 9842
8391 5084
2989 6455
8773 8773
9373 9373
30 9720
9138 3973
7182 4064
6639 9721
7710 7710
6499 8233
2258 2493
8096 2497
4312 2501
2501 2505
9191 9191
3559 2674
8689 9466
3523 9088
3704 9529
5820 9885
7527 2780
4552 9601
8133 3087
9709 9490
8418 2662
2761 6828
3447 6827
4350 6776
2699 5061
2781 6780
9485 9485
875 6437
3803 2515
5053 2521
9555 2485
2521 2495
8981 2499
1786 2517
3638 2503
2744 2506
4305 2512
3342 9875
1872 2681
168 2678
1214 9951
7085 9756
1145 3433
9587 3437
2260 3402
3410 3441
3368 3403
5238 3423
6299 3426
2851 3425
3425 3440
2971 3429
6241 9541
9341 9341
6637 6637
3002 8739
3731 8656
6631 6631
8648 9841
896 6641
8063 9543
9627 2529
926 8239
205 8246
8478 8669
5601 1945
6767 3058
3103 3046
1887 3047
5979 9993
7051 9904
7391 6643
7207 2451
7020 2437
2698 6651
3166 6650
1263 2705
1238 2715
6475 2703
5345 2711
7853 2708
2712 2694
9027 2712
3066 2707
6984 2706
8248 7673
5254 8231
1261 7504
4320 7496
6302 7518
8467 7520
3629 2525
123 2523
5805 6180
9980 9981
1087 9980
2350 8508
2520 8512
6847 3480
6068 3497
9947 9819
3367 9816
9815 9815
7428 6640
2089 2640
8136 2613
2682 2621
5497 2636
759 2632
3589 2635
221 2633
3739 7492
8443 7486
8295 4106
8167 4124
8116 4121
1873 4068
7955 4095
7237 4102
7490 8872
1058 9962
6642 6642
4674 6946
4283 6969
3284 6983
6855 6979
526 6970
193 2710
4178 9994
5368 9599
2499 9500
2370 9493
3976 3976
3577 9876
4377 3868
9407 3914
6924 3883
1593 3893
4595 3948
694 3938
7910 3937
1875 3859
244 3892
106 5068
2235 5046
6883 5064
8538 5038
5980 5039
6536 9488
1525 9504
9504 9503
8831 4111
6671 4125
7549 3084
6920 3086
119 3085
3599 6482
5873 9257
9235 9235
6306 9254
6240 6488
2085 6481
9239 9242
9242 9239
9254 9240
4736 9255
1319 8380
4752 8381
1102 6460
4172 6457
6000 6461
2277 6466
1070 9856
7567 9865
4068 9854
9865 9861
20 9912
3865 8621
6211 8749
3484 6512
7818 4097
6587 4107
7777 4123
3073 4110
713 4103
1045 4096
4397 4122
4110 4116
4083 4115
7766 4114
5669 4083
2399 4099
6202 9750
3437 7704
1154 7703
1684 9829
6532 9835
2730 8288
6483 6483
2341 6507
5752 5752
2795 5742
7458 5743
503 6765
3360 6504
6653 6653
1140 6654
819 2666
7274 6477
2731 6490
2067 6503
5098 6491
4709 6485
2003 6478
4798 6506
6477 6487
2090 6493
7271 6499
304 6502
3530 5828
2156 5804
5837 5869
2610 5837
5244 5842
1602 5868
264 5858
1703 2544
8327 2564
9261 7700
2834 2834
1516 2837
2835 2835
5907 2836
6454 6452
8230 6475
3633 6470
8852 6458
4859 6447
6456 6453
1031 6454
776 6473
6472 6471
668 6456
1569 6472
9280 6465
701 6467
6284 2488
9862 9862
3489 6469
6754 2929
5241 1543
3017 9706
9106 9695
5653 9935
1896 9933
5475 3421
4733 3434
3422 3422
3157 9703
7989 9705
7817 9708
7575 9687
6849 9707
3661 9691
2334 9700
3697 9697
9649 9696
7792 9940
4818 9942
3705 9943
8856 9941
1978 1648
1674 1686
2121 1674
247 9483
7463 9206
4871 2804
2734 2734
6692 9991
2957 9949
5651 9929
7241 9926
4236 9928
6957 7675
2567 7674
4819 2696
3500 9945
8721 9656
9064 9658
3978 9659
5445 9733
2406 9732
7715 7715
8798 9731
2651 9340
9025 9345
6272 8658
8112 8668
3111 9338
6929 9339
8409 9342
259 9343
2641 2641
9572 9572
7748 9329
1052 1517
9967 645
5826 618
1158 613
3194 643
9364 9997
8843 3045
8229 3031
4057 4057
9095 7718
5969 7716
3151 7708
931 7707
9918 9918
5270 9963
3024 9984
256 6056
5046 9344
9472 2832
1870 2831
4490 3511
207 3458
4439 3509
4399 3498
1782 3481
5400 3462
8366 3468
589 2001
4510 2020
4410 1994
4526 2019
3942 1968
4850 2018
1994 2016
5381 2010
1697 1978
5764 1971
7142 1993
2857 9968
6192 6192
7192 7443
4371 7441
2580 7433
3090 3090
3124 3124
4905 6501
1234 9758
9321 9992
6922 2830
636 9187
9194 9194
13 6438
6399 6441
6676 2520
847 2471
4124 2481
5253 2480
3834 2680
9699 3439
9569 3416
1180 3395
3895 3442
6680 3438
2152 3435
8529 3432
2336 3430
607 8234
8462 8235
9797 9995
1658 2714
3548 6658
450 2617
3094 2526
9384 7491
7491 7488
5107 9489
9522 9508
1893 9507
1497 3081
9878 9880
8726 9878
1163 6480
1418 6486
1496 6489
7059 6505
1622 6459
7372 6468
9507 6474
620 9934
9793 9986
4495 9999
4959 7712
2790 9950
34 9996
6994 10000
9577 9998
