2714 268
1250 2146
7664 2252
8255 2197
2270 2270
6578 2049
8526 2223
222 2267
2194 2194
9876 2037
5643 2275
448 2164
2815 2085
6634 2273
930 2282
5210 2147
8170 2213
9437 2334
1691 2095
9711 2341
2129 2129
2214 2214
2050 2050
681 2278
6092 2324
7539 2215
1837 2280
3854 2269
1267 2308
2729 2255
3171 2350
3851 1152
9208 2224
1038 2281
4101 2219
1818 2093
8607 2044
4545 2268
8168 2248
2461 2109
8622 2088
6852 2279
4670 2386
2395 2237
4742 2242
9759 2353
6708 2239
5223 2148
2185 2185
2393 2393
2352 2352
2225 2225
8054 2122
2206 2206
8115 2144
2378 2378
9092 2258
5583 2388
5211 2409
5323 2029
2822 2094
4651 2384
2195 2195
4675 2116
8299 2173
8173 433
8429 2276
4673 2272
7479 2321
3145 2234
1698 2311
8706 2277
8297 2339
9189 2096
6090 2079
7752 2389
1151 2229
8328 2040
314 2089
3226 2240
3336 2179
2323 2323
996 2401
3687 2394
9588 2356
4638 2114
3943 2099
5293 2216
2295 2295
336 2329
5848 2119
2338 2338
4369 2217
3095 2390
6606 2149
9807 2315
2113 2113
5770 2243
6263 2261
376 2340
1249 2245
9933 2051
1885 2392
2027 2027
2961 2283
2166 2166
2544 2405
9195 2222
2230 2176
4939 2030
7521 2043
2828 2416
1743 2271
951 318
5676 2250
5267 2052
9016 2400
1091 434
1850 1850
5547 1843
8036 2297
8358 2189
9367 2226
549 2227
2059 2059
9318 2208
1288 2198
2741 2331
7911 2344
6621 2143
2228 2228
9419 2101
6504 2238
7246 2084
8883 2218
5532 2314
1747 2134
5458 2408
4504 1726
828 2106
5771 2348
9810 1907
4831 2316
5103 2317
2413 2413
5170 2274
6858 2191
2952 2060
5971 2061
2528 2404
3947 5439
2203 2203
3933 3793
1005 2186
9733 2257
2118 2118
6352 2034
4321 1730
4393 2299
2375 2249
9394 2292
8282 2160
4074 3774
1588 2419
8241 2376
5282 5441
7640 2163
7749 2403
7047 2346
3875 5404
6983 2187
834 2247
2100 2100
3790 2068
2333 2333
7054 2423
2548 5433
2073 2232
9663 2141
1312 464
3380 5366
4433 2251
5191 2039
4790 2387
4861 2357
8918 2192
287 2058
1590 5281
5437 5437
322 2127
9595 2056
7892 2301
6187 2073
3898 2313
7949 2310
5460 2319
2566 2107
6866 2128
4326 5435
993 2414
5264 4352
2250 2294
9860 2289
8486 4399
2043 2362
3248 2426
3889 2244
697 2120
4116 2399
3999 2046
6400 2342
2231 2231
5673 2150
583 583
3716 2318
1971 1845
9737 3704
5388 2207
9825 2103
608 2117
9021 2336
2069 2069
7342 2108
6112 2256
8283 2293
4114 2320
4750 2175
5301 5301
4628 1731
1849 220
492 2115
6562 2125
825 5401
7904 2434
1439 2407
8959 3667
2468 5282
2309 2309
2924 5495
6233 2105
3041 2041
6127 2102
397 2062
5367 5367
539 2421
2155 244
7907 2398
2432 2432
5988 5456
7058 2396
8076 2055
7007 2374
4107 2300
6741 5523
2246 2246
3309 2263
9312 3705
7592 2209
1412 4273
6009 5306
5286 2045
7021 5427
68 2351
837 4481
8758 2425
3429 5383
2146 4800
137 2406
585 5305
8345 585
2024 5493
9005 2422
4142 2139
1762 1762
5438 5438
2939 5461
4165 5763
6648 2177
1572 216
7547 1906
2680 2111
2436 2436
9744 2133
3127 2385
6520 2286
1030 2312
2142 2142
7816 5529
9661 5464
7975 5264
9086 1728
2259 2259
233 1904
6560 4480
2366 2366
7361 5280
7406 2360
2592 5428
9013 5524
2254 2254
8747 2172
3924 3891
791 3551
6785 5440
8863 2402
7229 2361
9821 2121
4769 1772
8931 5436
6066 3669
6872 2230
5137 2070
7820 2097
5724 1775
2794 1920
1285 5385
5288 5288
6465 1766
6027 2365
5449 5449
4731 2349
2632 2188
2367 2367
3750 3750
5410 5410
8631 5443
7163 4153
1843 5287
3845 4001
2132 2132
8624 2379
4189 759
4370 2167
3179 5426
5043 5467
7387 2035
1725 5766
9510 2304
4515 3557
8470 2064
6602 2165
2197 5364
2368 3673
3991 1709
7846 2291
75 254
1426 2138
4476 5397
7785 1857
7845 3682
6395 5452
6486 2221
2537 2285
7666 4590
3748 2033
5405 5405
8894 4315
4835 5425
58 2391
2058 1806
161 2260
2516 1876
2303 2303
811 5434
8010 5400
3237 2370
1908 1908
6545 4474
4543 2071
884 2287
6997 2083
1246 3556
1807 2383
2420 2363
518 1706
3338 6080
1857 2151
869 575
4571 5445
6859 5494
8782 5263
1817 1817
5142 2196
5527 5527
9920 2343
8930 7599
7886 2174
1731 5651
4341 2162
4181 2098
3240 2154
5171 5375
7196 3661
4093 5531
5477 5477
4682 579
9674 5530
7423 3796
5158 2057
6121 1732
1806 812
128 5402
3673 2130
3242 28
348 1747
5686 1801
5616 5616
8599 1729
7900 3671
5447 2140
5302 5302
2376 6077
425 5466
7634 1552
1864 2335
3117 3574
2746 2371
8218 2375
8594 5941
7219 3674
6959 1773
6655 2296
1904 3979
9098 288
7392 3980
7285 2435
6614 5368
737 2284
7080 413
51 5272
9174 1901
6503 2067
4212 2305
407 4131
9022 2347
429 2364
2135 2135
741 1724
3963 3582
2372 2372
4679 5961
8113 3670
353 814
3386 5628
1990 2136
7739 6142
8254 5539
9329 355
2205 2205
1733 1733
3346 7923
5465 5465
899 2168
9950 4345
893 2123
2410 2410
7871 4579
2306 2306
6268 7478
2298 2298
4822 1695
445 1767
4301 5458
4292 3688
2229 1915
781 2158
9033 1774
1411 5526
1627 675
5418 5417
8387 580
2649 5969
6244 2235
3972 2266
6911 3684
5812 5327
8018 4353
2220 2220
1408 2028
7141 3680
4240 4449
3672 3672
680 4942
2099 2397
499 5942
2063 2063
8447 5284
1321 2090
6102 2345
9995 251
7756 5680
4600 5398
3783 4305
5660 4310
8320 2212
7731 5710
5006 2332
6055 2337
8902 3668
4066 2053
2505 3666
5552 5552
4823 2086
7206 4319
5549 5549
6134 4133
5443 4414
7501 2199
5374 5374
9675 2181
1373 5925
7475 5482
1258 1743
8862 5444
992 1791
8 3991
6286 5891
6310 4328
9234 4312
9574 6268
5739 2264
6716 5442
2813 5371
185 2395
669 2190
5550 5550
2000 3751
5040 5478
1387 2415
8739 5542
4929 5935
3659 5490
3789 7463
1903 1903
1395 2330
9180 8074
8211 5679
6040 4134
8998 5501
5734 1707
8609 5518
8715 5476
10 3577
4803 5683
6912 5880
9425 2036
2996 3351
9772 1786
7089 3537
2169 3646
8901 2137
4997 5395
9322 4136
7401 3685
2325 2325
5974 5974
6770 2233
3951 4516
9696 2153
3811 5304
7508 4166
3724 5670
2530 5707
6656 1885
7690 2081
5710 2200
677 5463
7069 4129
2829 4130
5822 4573
6877 5422
3411 2048
8296 7024
8313 2201
2158 4132
2819 8085
3352 578
6909 5376
4999 8043
8269 4941
1832 1146
7700 4666
2247 5481
2779 2066
1573 1744
6079 6079
8043 5470
2091 2091
7343 1760
1911 1911
1574 1864
7596 7596
4492 1852
4419 5543
7467 1912
8552 4311
5895 1736
3467 1918
9858 5276
4231 2211
2775 2145
5617 7597
9389 2424
729 5308
2970 4038
6511 5475
2359 2359
5605 6078
8287 3169
163 495
5488 957
6312 2038
5535 5535
2431 2431
6620 6620
4227 4483
497 5431
2028 1895
3686 3686
2233 3987
8632 1831
9328 4320
7282 1914
8306 2152
2832 3660
3331 7928
8259 5455
6549 2042
8124 4337
5769 9023
5807 5492
2831 5469
435 4680
9490 4609
1916 1896
2681 825
206 8038
1552 5330
8224 4002
3303 5714
208 5681
2154 438
29 2236
7605 2110
1479 1913
2170 2170
5472 5472
2103 5541
8049 3694
56 5283
2429 2429
2189 3627
6283 2241
1086 1909
7825 2433
5759 5759
5789 4408
3281 803
1452 2184
4851 2326
7174 5377
9829 1891
2008 5791
1761 1761
4290 2161
4039 1697
8984 5381
8762 5497
5965 2054
6359 5767
4911 1821
1713 2087
2242 2169
6435 4437
6581 2290
9305 2288
2092 2092
482 5496
2307 2307
8496 5534
2483 4338
9241 6596
8817 8093
7323 2082
4468 3664
2074 2074
9165 2104
2381 2381
1853 2355
653 2380
1427 2077
2077 2078
4459 4155
7675 4045
9849 8036
8501 446
9039 9039
6396 2430
4317 4317
268 2328
5836 6571
3627 5540
478 2157
4461 2377
1136 2253
7166 2080
241 2031
5659 6063
1645 1883
2075 2075
226 2182
1206 2171
1845 2065
8659 2026
4141 4335
1787 2358
750 2428
2202 2427
2412 2417
4230 2412
3486 2047
4082 2180
4956 2411
699 2202
5088 2322
3893 2327
2186 2369
4218 2373
4563 1702
4037 1781
1934 5678
793 5406
469 4981
7773 5646
7131 4326
6669 7600
8455 7037
7524 7524
4208 3678
9511 3373
1924 209
7357 286
9814 784
7223 1782
9275 5471
865 5544
9088 5669
5874 5756
9622 3550
6277 6277
5725 5725
6059 6059
1882 1882
2608 5298
8759 797
3477 1719
5536 5536
3427 5723
2590 3775
4792 5685
1679 5765
9325 7480
4946 5299
33 5324
940 1892
7901 5313
9231 4979
7916 6922
7993 3687
4058 3634
5091 3689
8761 4423
7709 5473
9100 1771
835 1899
4643 5754
7953 4340
7056 5291
5973 5973
8052 8052
94 3555
153 5932
3662 3662
1611 1803
7307 4684
8969 3776
5097 5878
331 331
2736 4139
9403 9024
4863 4140
1199 5768
7199 8041
404 8084
2115 5378
8386 5462
5382 5382
6485 6665
720 4461
5943 5943
1928 1928
5711 5711
7570 6240
7324 7008
3153 5647
7091 3683
4157 4157
2883 5363
3107 3679
5933 1763
1579 7067
3125 4334
6958 528
4847 5003
576 2210
8006 1708
2014 8053
3784 5396
6249 4656
3696 5537
9370 6111
7676 790
5743 6138
6043 4321
711 6595
9172 5686
454 757
3537 7112
4963 5652
1736 5895
4644 5415
4978 4978
8280 576
4507 419
7172 50
27 5403
3178 7777
112 6379
1307 7229
7395 8037
24 5605
8728 3681
991 6112
2201 5712
3685 1815
4260 6117
369 5331
3683 4318
6292 4309
8999 533
8975 7550
8652 8049
7668 2262
3474 4173
6450 2418
8717 6075
6745 6745
7909 4135
8678 8011
6764 1705
2532 3709
7346 5285
7185 1884
5644 5644
3011 6076
4330 4330
2749 5267
5648 5648
1543 6243
9047 5351
4613 5643
7663 3693
4306 4306
7124 7124
8741 5977
3986 3986
7623 4418
6106 7062
6380 5265
3544 8048
7727 8091
1964 4041
3989 3989
2015 4956
3267 5654
8511 5674
3635 5948
1042 4433
6519 5348
4457 1799
438 768
9187 7526
258 8039
1358 2124
2019 4046
8107 8071
5071 5303
8881 765
4707 1756
7598 8386
2920 1875
7588 7588
9253 5623
9308 3954
4766 5314
4316 4316
2878 8027
3884 2382
5517 1900
5775 5775
6270 5290
5675 5369
3879 4959
6098 1765
1869 6605
8677 4966
9332 5677
1511 7043
5576 830
1296 7530
5524 7009
3147 3560
8888 5218
9983 7469
3379 7020
7732 4934
2614 6294
4258 5317
3663 3663
5912 8831
4257 5631
5144 4142
6862 8005
1368 6528
3620 181
144 4360
4739 5577
1874 4152
3882 5608
3396 4989
8521 7523
826 8072
6535 5551
3251 3959
1909 7054
139 3697
3937 4000
6387 4159
3292 4165
7590 6124
753 753
2025 7929
8035 8035
4845 3561
5981 3659
8960 5312
9460 5901
849 4145
7802 5394
7365 5610
4329 1902
3726 3726
317 7042
6696 542
7529 7529
5347 5347
5483 5483
2127 6427
6331 5407
5703 4042
4268 4172
3654 4143
7034 4327
3464 5429
8708 7077
1144 5322
4328 5653
5699 4331
5615 5615
6788 5553
217 217
9579 5238
202 6065
5311 5311
5888 5888
1897 1897
523 7028
2967 5774
2616 9063
2944 6067
4657 4657
2243 5770
7038 4937
3236 5230
9735 7799
4860 5408
371 371
4943 4943
9244 6129
9204 4611
4969 5338
362 5448
6561 7197
14 6706
3413 4307
4948 4948
3419 5569
3613 1735
1523 1523
7157 6126
9461 5606
436 436
6473 1698
6293 646
3931 7549
1506 594
8440 5657
6915 4196
3660 5881
7541 3695
2023 8000
7613 4694
1921 1921
9568 5089
6232 5668
7019 3536
792 7668
1466 5479
4671 4671
1668 5761
7591 4171
4453 1787
6295 7014
9848 4471
3859 2159
3234 5484
990 5897
2434 5726
7671 4339
3458 3982
5670 5102
1766 4144
6474 5772
5633 6542
1685 5908
8503 1898
7532 5191
6116 3800
8022 7095
5183 3676
6747 4151
9826 5684
6753 3326
9792 304
5324 7470
5813 5318
1769 5409
2594 7732
6086 6086
6255 7615
6159 7155
6093 8185
4475 4436
1150 7048
860 8030
577 577
6392 3578
4547 5579
9853 2155
1274 3554
9045 9045
8101 4460
8024 7030
4239 5938
2512 7036
8155 7630
8002 2032
9615 5453
666 7483
9310 5503
7796 7796
9324 868
9609 2131
2492 7126
5991 3580
3616 8918
3060 7183
5277 8915
7628 7628
6424 5927
7682 7682
6956 7061
3536 6526
4448 2076
2317 1925
4159 6387
6135 7930
5214 1851
8996 5380
6677 6574
6685 4586
3776 1699
8108 5502
5678 6089
6611 5459
5427 4485
7882 7154
409 8070
4443 5468
4382 5370
8681 7144
6248 7580
4635 9064
7162 2368
1683 5939
4004 7049
5928 4990
9279 5224
2534 5460
8261 5525
3787 3172
1522 1522
9252 4332
5557 4610
9142 8186
3992 3992
5457 5457
2807 8973
3369 8016
4414 4018
9352 7653
6978 7601
1811 1811
1177 4862
10000 5538
9028 5328
5469 7122
6441 7164
4485 7021
5099 5099
771 8020
2342 8088
2285 5655
180 5187
5119 5277
8198 7039
2133 7075
2793 6584
7220 7220
2758 6043
4194 7091
7606 7606
5470 4398
3929 2156
1037 678
8769 1757
2032 6114
9906 3700
9337 8095
8300 7087
5249 8836
1984 7797
5116 5124
2789 4584
7203 7203
3894 3798
5305 5722
8492 5902
8916 8916
9334 7462
5379 5379
6294 7328
1185 6119
8994 7017
2689 4583
3353 7016
709 4329
1329 6287
6057 3630
9592 4362
5274 1866
4420 4420
4533 2
3968 2204
4276 4946
1704 1704
3966 7079
291 7482
8668 8112
4500 8094
2817 758
6576 4412
2265 2265
7928 5163
938 5339
5926 1741
6853 2518
6597 4419
1335 5962
6119 287
37 5642
2968 7047
248 248
1047 4141
4076 8108
2164 448
2086 6374
3642 1779
7066 7066
2126 2126
9913 8009
9209 4622
3505 9025
5059 7527
3881 1894
9300 7474
4921 7118
582 1890
2112 2112
6231 477
3733 3638
9232 4951
7084 2072
5431 2420
7555 2178
515 2302
5357 2183
7637 2354
5883 2193
3132 4163
8134 1788
8988 4417
1124 7073
9961 7093
1626 6100
8802 3988
3546 4618
6024 5547
5849 5372
1800 1800
3003 5755
8933 7116
4633 4633
9125 1789
1417 5321
7641 5909
8484 8843
600 4983
8089 8089
7326 5728
5954 5656
2526 3636
2165 4156
5076 8443
5893 7053
5824 8012
2226 7618
7149 4574
1604 7182
4242 588
2994 6083
5316 5316
953 953
3715 6424
2256 4484
9789 596
2335 1727
9831 7146
5266 5266
2383 7072
1208 1828
4344 6575
4279 372
8874 8874
4598 772
398 398
8382 5121
2207 7594
7121 5234
2283 7115
6064 5072
5029 756
1270 8006
9973 1582
6538 7737
7655 5414
5496 6068
1836 5004
5306 3699
1947 5286
9863 7466
8122 3144
4985 1292
8487 5959
470 5971
7053 3581
1686 4341
8562 5693
4612 4612
7473 7473
2248 4313
8359 7015
7832 7142
420 5297
2315 5365
7098 6423
7010 5944
9091 7631
5629 3996
7632 7632
9708 593
1868 1868
2639 3707
197 7610
5462 3748
9944 4323
8464 3708
2683 7045
1861 5970
530 5930
2849 7605
5720 5720
2120 6847
4827 5418
1958 5882
1757 8034
7205 1776
4570 6289
6935 312
5726 8042
9575 8097
3250 6071
5780 5952
5672 180
6374 6093
6271 4965
3061 4677
8611 1840
6348 5940
8818 4324
2772 7651
3995 3995
9412 8026
3271 4455
4233 29
9117 5964
9164 3665
8598 6578
6371 6371
785 1696
1695 6384
9662 8096
9902 7022
7022 6573
1334 789
2479 7070
5757 5757
286 5713
4615 4308
4922 8075
4385 7033
43 1879
1025 6594
2846 5389
4447 8140
2786 6095
4575 3619
181 5957
7938 7132
7396 6773
1718 1718
1223 7026
1445 4006
1121 9410
733 733
9058 5627
5831 5194
6495 4434
3318 7475
4855 677
1198 4138
535 7801
2715 1592
18 8985
6285 9392
3863 4336
7602 7602
6586 7479
7895 4198
2910 5918
4160 4160
6987 3628
7550 682
7242 8137
5784 7636
9188 5500
6182 5649
8431 6664
1707 6110
8583 7068
4085 3552
4724 699
3230 5667
2119 5545
762 365
2414 9050
4452 4005
3195 738
5570 5570
7009 9385
9931 6064
2157 3631
8047 8047
5625 5625
5810 5810
7969 5928
7402 3558
3960 7206
8039 4607
2797 4608
5466 6094
3217 7046
4980 1924
7603 7603
9256 8131
7782 3162
7794 7728
3430 7011
1498 1793
3100 7171
9346 4685
5607 5607
3512 1748
83 7476
5790 7025
8494 515
2693 6136
2755 7977
4390 4390
1551 3677
1550 4477
6304 3584
4579 854
6373 8837
3814 5236
3734 1334
6355 7101
7610 3305
6308 4429
8920 8134
9326 5890
4501 4598
9761 5450
6698 1713
7809 7809
6797 5721
7117 7117
1240 4147
1636 6581
4077 4463
5899 5899
6674 1231
9019 4630
6417 6066
3278 6704
514 3710
7483 7745
4772 7825
5953 7088
8059 6395
6452 3616
5150 7736
5989 4638
8145 8145
4858 7168
5432 5279
9893 8875
7260 8127
1734 1734
7363 6097
663 7125
660 4963
2778 5170
538 4154
8441 5624
7856 5905
1530 3623
818 818
2593 7057
7822 5926
7119 7119
4059 8850
7029 7029
700 700
6808 3624
9190 7133
2470 4148
9910 660
7543 6127
2645 7141
4383 6422
6260 6260
3148 5221
1351 6543
859 8059
6276 8888
8499 3364
7137 5716
6143 9386
4663 5001
761 761
5155 5235
7480 4442
1364 8033
7154 1191
8713 666
1304 1304
165 5995
2478 5682
749 8420
8362 5412
2036 5446
7688 3641
220 1283
9787 8150
7418 4613
3295 5790
4337 6671
1675 8142
3384 4243
329 8841
686 595
8068 3696
9991 1403
8073 5206
6097 5122
5885 6380
8566 6834
4493 4164
2674 9080
6072 5399
2965 6888
5027 5936
1083 7167
8510 5980
2456 1745
5604 5411
4947 3736
3163 816
8815 6874
5159 7010
8755 8755
238 7051
130 7608
4749 8126
5327 9391
3027 7114
7667 7060
9031 1204
5588 3292
7130 7130
9335 883
3714 3714
4352 4207
6322 1880
8081 6616
6216 1847
7723 7723
8966 8044
7065 6139
6083 4924
4151 6747
4376 7163
2909 16
4754 8434
4450 5373
6328 6328
7234 11
8015 8015
3934 5885
5964 6530
4340 7616
6315 9061
2991 7092
4593 4926
9688 4424
3223 716
4166 890
6860 5006
2613 6670
8947 8881
1702 6390
5290 9400
9266 7027
3144 8122
8071 7013
4568 4974
4573 7727
8094 4696
9168 7170
2017 3632
6063 7074
7894 6246
522 8123
5906 5906
2837 7135
8967 4421
1361 3621
6377 7137
5545 6250
5788 7050
2915 3571
3691 3691
7208 7019
6488 6534
7161 1333
4111 5088
359 229
4243 3635
3471 1247
7544 526
3805 9022
9277 6672
1027 6385
957 5776
1739 1739
9430 5619
1067 8133
1999 188
9590 5784
9408 4426
3795 7040
8425 8425
2485 4580
6269 7153
4797 7461
574 805
6737 3730
8217 5275
8384 663
7569 222
6321 1919
2444 7165
2021 6585
2519 3990
4361 4361
9017 6152
7233 5666
649 649
4599 4599
1865 1865
967 9125
3328 8023
6111 3620
9250 5245
116 5126
5746 7236
6364 3692
2777 8541
998 8028
7754 7464
7964 5945
4169 6674
7351 5546
6060 5671
5976 5976
7158 7158
7665 8124
4774 7052
6148 5386
8421 8421
90 5326
19 8136
7599 4585
5498 4322
1591 1591
9290 6098
8146 6763
9589 3629
1054 9082
2450 6019
8394 8919
6366 3637
4647 8437
1459 3575
464 6564
6273 3596
8333 9401
3562 785
9754 8092
1197 5872
1065 1778
2976 5779
2743 1353
5499 5499
8896 1593
6890 4413
1134 5920
4703 7120
1228 9014
4028 3589
3788 5424
3820 3135
5149 1878
252 5557
1152 6327
9271 5622
1399 6115
4351 4351
1467 5451
6933 8718
816 3163
8099 7991
5491 5491
1962 6158
1759 1759
9634 3642
6307 828
7711 5390
833 4698
4298 4298
5915 6061
2291 7111
6497 3732
8191 7106
6861 6861
305 9021
5803 5474
1705 7145
2700 6162
8711 681
8875 597
2535 5979
3155 6101
3054 7993
989 7525
5942 9408
7699 1949
9497 5931
2858 7127
508 8921
341 5621
906 1176
5682 1305
4045 9398
6876 8130
7013 679
6857 6857
4415 4415
9081 5993
3159 3159
6964 4427
6531 4980
9202 1257
214 8129
8794 8794
7698 8385
4098 6753
1149 1746
8653 8754
3650 6108
3272 5560
4162 4162
8957 3200
6245 6245
2717 6141
7717 1094
4800 1250
9576 8111
7991 4404
4616 4616
1558 3727
8737 7180
7004 8029
1822 194
1951 6850
2056 3158
3595 3595
184 1572
5709 5709
6180 6516
754 754
5463 3733
9664 894
2140 5447
7138 7901
3462 7223
813 813
2557 1888
3826 9406
4549 6669
8851 7018
8719 3713
7726 4396
3586 3586
7781 4960
9424 8889
7484 7484
3873 4031
5877 7769
3611 794
817 817
4339 8143
5791 9054
706 5293
6627 8141
6457 7541
370 7346
9429 7023
1354 6993
7410 7138
2974 659
1221 1221
8065 5355
5565 599
8371 6048
6036 9390
8840 1860
6831 5641
6160 8125
5880 1783
4473 942
6339 7820
7528 7528
4962 4962
6782 1853
9743 4600
7633 5192
639 7216
1883 7166
3086 9384
9867 8135
3907 7338
9003 5251
2267 7893
8260 8391
6267 6267
645 364
1738 7152
6445 3645
809 6856
8946 1158
5104 5103
1122 6536
981 4
1723 1723
3118 1575
5419 4518
8086 6134
6129 6107
7181 7181
6039 5954
9383 9383
5563 5563
6542 4515
9276 9276
6385 1053
3542 6160
1469 4137
8654 5454
6607 6607
7144 4915
5480 5480
2128 5917
4893 7129
803 8746
5322 7131
8686 4410
4933 1284
6795 9027
5409 9290
8132 5498
5697 6698
9603 7156
5560 9020
4416 4416
7824 7824
5259 1596
2859 5663
9404 336
152 5278
5471 3752
5444 5645
2847 534
2962 9269
81 3609
1894 9266
105 1769
6667 6667
3168 9053
1513 6414
9689 3978
4088 9131
1029 1749
3890 6846
1776 4604
5030 7295
6551 6073
889 1389
210 5896
7531 9388
4050 4667
5489 5489
3692 6843
873 7031
4440 4440
6830 7103
9052 9396
5034 7076
9800 4333
1888 5350
6949 1387
2873 1873
5189 775
592 592
2845 9272
7695 7563
3064 4927
4 8138
145 6106
3892 4344
3578 1388
1309 7308
597 1822
1110 1110
1006 7298
6521 5164
324 5085
7068 884
710 5127
5543 5773
4425 4425
2147 9291
6323 4044
3925 7094
9418 291
9765 6666
7293 5249
8212 184
959 4397
6084 5189
9441 4395
4645 7071
3921 6388
1808 5019
4327 6281
643 6697
7184 7184
1876 9083
2274 4950
8318 1837
4815 1917
2433 3640
1281 694
8030 740
7135 3783
99 9277
7133 6163
8448 800
5722 5135
5024 9049
7122 774
6436 215
8378 4949
3735 1808
6101 3155
8031 4971
7281 4439
5715 5715
4249 7867
3612 5161
4973 4973
5913 5955
5508 5508
6219 5636
6848 6848
7995 6520
8077 5919
6547 8076
7109 5956
2943 7561
6571 9394
4747 5432
3150 8392
4053 7872
829 5975
9381 9381
6739 6375
6645 442
4897 1295
8471 1260
3908 7140
5352 5352
4090 5156
491 4343
5618 5618
337 6085
1754 5694
5128 5128
2346 8146
1229 6104
6971 1264
413 7080
8128 8128
5289 6084
6414 1261
9880 3981
1677 718
3593 710
2044 1858
4984 7998
5540 5673
3402 8802
3059 226
2037 530
4586 1738
9930 6510
9694 6389
5358 3652
9078 6397
2153 5519
3632 207
1322 8051
1559 1770
2791 4270
1004 5145
7292 970
367 4488
1512 7678
293 6248
3694 7535
4428 6153
7523 5929
4484 1922
7088 9285
9289 5718
1517 3553
3189 8389
5680 5613
410 6373
3502 202
7635 6113
6678 4402
6979 8428
7992 7992
8680 9519
4191 1584
5731 8132
9398 786
707 707
5521 867
9578 7975
8383 4945
2330 1802
6016 1022
7823 7012
7330 7330
8532 24
4877 4441
527 5387
7775 7775
3689 7885
9722 852
8657 5567
1107 7342
9523 6157
475 727
3762 721
6771 1764
830 5319
9354 1816
2292 4944
6496 1751
2606 7794
6720 4288
7966 7966
2454 8054
2615 9387
4096 218
9782 8423
5631 7211
3702 3702
7930 7104
3093 5292
5546 3799
6368 6368
4314 4314
6752 6752
8962 8099
9515 1871
9449 8880
1310 4596
2240 6102
61 5903
4193 7098
2223 269
7979 7731
3652 1062
4952 4952
405 8559
1692 4575
7481 7481
1620 5125
9482 7918
1073 5950
5417 4929
6033 6033
9771 6577
5609 4533
8880 9043
6803 7245
8970 5343
1133 4432
4035 4035
7106 5783
598 598
2647 1893
3561 4639
4173 8433
5206 9263
2174 8007
5296 5296
240 9019
5269 4991
5627 9058
3114 7221
557 6837
9540 6081
9993 4174
1167 1792
1470 7041
2299 1535
6091 6091
3455 5632
6287 5609
7416 7416
3591 1129
8655 6576
3722 6092
5567 3622
9665 7178
3979 4168
8626 5695
823 823
8401 9040
3268 3701
1963 4401
2889 9270
8062 7645
8656 1588
9148 5789
8972 7225
866 5662
8137 6593
2574 5269
3344 751
788 788
115 7467
7283 4011
5265 9047
4060 9297
6383 6383
7202 7465
5167 7819
3619 8120
2380 5349
2134 6103
2541 7808
8520 3329
2490 4637
6583 1147
483 9026
4686 5151
9358 9404
857 6239
2001 701
7236 6997
2253 7974
545 5416
9089 5730
8242 3301
5518 1306
8736 9283
5197 453
1257 6082
9650 5762
5554 8440
3423 7738
9864 5233
4930 4930
755 755
8568 8098
4220 855
7134 7148
9707 7264
4987 8852
6459 6402
5851 5533
1096 1096
6633 1804
443 1805
2515 8980
3572 3647
7584 7372
9477 7696
3707 7100
1235 1241
2843 205
3126 4450
6564 3626
3679 5487
5246 1869
9156 6886
6982 3792
9646 5053
3818 6995
917 8679
2572 240
5485 7614
1194 1194
782 1538
2392 7157
8808 9413
8166 6908
7937 4342
8179 1160
7101 5771
9927 6241
4953 4953
820 4199
5394 7536
6125 497
5424 7069
8075 5933
87 7339
6724 6872
5399 4405
249 1131
3526 7044
8123 7065
676 5590
6150 6150
3329 415
525 525
4456 8419
6921 1587
4022 9405
6109 6109
6937 5086
2992 5345
6601 7139
4364 7311
3203 7090
2597 5575
1694 4464
7852 6907
5674 4030
746 648
5205 888
8438 4003
8072 8762
4052 7105
8160 6994
9050 3365
6096 6096
406 1253
1823 1823
1961 3184
2550 7773
6868 1339
695 4428
170 7567
5949 5949
1275 4571
2951 1177
2293 3738
9564 3139
5972 7472
1662 7962
9756 7085
3938 1583
6629 7102
5894 5894
2626 7969
4951 8445
2143 9411
2517 8013
3373 3983
7063 7063
7614 5554
6618 6618
9087 7702
1441 9399
7129 4528
5361 6116
6462 4406
3007 6288
5806 4646
3312 4877
7221 5093
4839 5244
2658 7643
1123 4431
3573 4486
8236 8589
6881 8975
1777 519
9965 7248
3944 8435
9526 8846
8743 4935
1127 6840
191 7761
9348 9035
1919 3567
8925 9271
3435 7896
6401 795
8135 5571
1672 5981
2551 1337
2617 3712
5684 6370
3637 7172
4940 5242
245 9275
6817 6249
9274 9274
59 1956
1171 9066
7071 5887
199 19
3797 6858
3231 3167
7540 476
7561 475
7156 3199
8452 8452
3052 7978
6466 8879
7765 4964
5958 6364
5881 1870
7160 7160
9690 4886
4471 4400
2637 7846
7118 1286
5331 1265
7482 8383
4817 821
5800 6701
6513 604
5003 9422
6755 7604
5548 5548
141 3608
6264 1068
225 7543
1557 8923
7874 7169
5846 3232
8505 1242
6003 6247
3596 7113
4814 1369
4293 4037
1371 4022
9591 5205
8298 239
4213 5219
3961 5101
9855 7222
6404 5165
4793 4793
6155 6155
6440 7444
4472 7781
2673 3887
7963 7963
6794 7638
1035 4955
2136 6060
1024 4239
6887 6887
2466 1233
4465 770
8457 5391
8274 7243
2827 9409
4992 482
3668 8424
2518 6118
1404 1404
320 6570
1055 925
1846 7965
7037 8455
3781 5005
7377 8040
2963 1579
6878 7540
6568 3654
7706 7971
4517 4517
7111 1953
2188 7662
23 9028
4407 4407
8557 8416
9977 3317
9896 5098
1653 7598
8095 7161
8575 7997
4373 8045
2990 2689
8750 9056
4335 5016
7505 9417
610 6090
3161 1108
3021 26
9026 5690
107 7973
7618 7891
6247 1057
4422 4422
1651 5148
1981 4534
9036 1067
8411 9279
1013 8003
5007 5007
60 60
2384 9159
7769 6159
5398 522
4152 4887
2759 4972
4163 8113
6726 1246
7830 9052
3675 3675
5055 1028
2897 8087
7977 6099
3753 3549
65 3148
9962 5630
5940 7331
8424 5724
209 4967
8824 4392
4652 1240
6408 1106
9602 170
2459 8917
6609 7296
7079 8539
5922 3233
3320 3773
1842 3150
5229 5229
428 6105
9301 5146
7885 5091
3719 792
9509 8254
1933 6580
8153 8153
2193 3728
724 724
784 7637
8693 4435
5468 4595
3516 3720
4626 9046
9421 7262
3641 5250
7579 7789
2913 5087
8490 7843
867 1810
1396 6903
9671 1923
5786 6269
7806 1027
1191 6300
1614 1166
6728 1874
9777 793
5551 9065
8014 8014
903 3287
7370 5978
7636 6876
326 8149
8489 6231
2473 6381
6875 6875
127 5512
3729 8102
5166 8946
7332 7332
4941 4537
5504 6325
1862 3734
3221 7666
6345 6345
9245 4621
2215 7640
9423 4438
4957 4957
9486 435
8000 6120
5383 1171
2691 3576
7958 1594
9182 7634
8007 6032
8819 8792
2558 7239
1515 7759
3615 3615
854 6278
366 5485
3643 3643
8968 1164
4602 5664
6430 6430
4462 4462
7345 804
9861 5661
3276 791
6896 7627
3265 7347
4662 4662
964 964
6427 8159
7269 3010
1023 8950
7538 7538
4535 4535
5558 5558
3448 7038
3080 5594
3375 6149
6082 4167
3993 563
6012 7837
5595 7267
3793 2453
9981 1824
6266 9389
8090 8090
8842 8842
4534 7134
5636 8441
822 822
5500 9407
1819 1819
4639 7964
4247 4161
787 6579
6694 6694
629 7477
8860 9296
5262 801
3468 8444
5571 5672
6341 250
7249 4476
4224 5337
8989 4891
6640 6074
7291 7032
2349 7159
8672 3588
7116 4158
7435 6020
2065 1818
9999 6072
5871 7555
4664 8439
8453 7814
6985 6985
7741 4636
8154 8154
4324 3625
8587 945
5114 5114
6108 1155
9952 1703
6026 7873
7393 7393
6967 860
9264 9264
6703 6703
848 3651
9874 8612
758 1271
4708 8825
9269 5922
8518 7414
1218 1784
7108 1245
6165 8922
8983 6877
7617 7617
40 7266
7039 1366
1906 4918
5681 208
6644 8448
9580 7537
1957 9273
158 6871
5178 8560
8098 7218
2200 6992
1775 8067
7844 7844
3213 7151
2331 1200
8826 891
7338 5556
9097 9097
4988 1600
3001 1881
4794 1205
5377 3729
635 6004
752 752
5139 5139
5929 815
6332 1165
7932 7729
7745 5203
1048 6906
6357 1097
4789 714
9284 5174
1192 1192
399 399
892 1598
3014 4614
9493 5578
5892 3698
2177 1714
2660 430
9338 771
1253 406
8051 6668
5199 7725
5585 5611
5503 8427
5729 6998
1084 6121
9414 6122
4275 6069
3653 6087
5408 6088
9673 6377
5918 5580
6218 565
7083 6749
7235 7235
4934 5029
4307 5309
6242 6242
1987 7655
2977 566
4038 7607
4040 4040
9871 9070
8500 5260
5224 7260
5297 420
5896 223
915 5660
201 3612
5656 4506
4843 1599
3220 3220
6845 6845
916 7680
664 9379
1827 1827
5593 7981
5054 934
5620 6252
3520 719
6468 7613
517 517
6856 4473
2422 1082
4900 2941
4099 5486
6566 9029
3142 931
8804 7684
9105 233
3501 9168
5073 8816
8498 8498
1475 7210
4030 7344
4303 1157
1586 8791
1915 7548
5261 9418
8895 6290
3980 272
6415 9072
6871 6244
2929 1113
6573 6332
439 439
1444 1444
5575 7786
8377 3160
1898 8924
1824 3247
721 5132
3579 887
7604 1174
9887 5013
1537 5149
6826 1213
5423 9403
6773 1078
4309 1237
3434 4589
9057 5342
566 5253
2419 762
1166 1861
5108 7629
6552 1217
7861 1585
8271 8913
1732 8914
6608 994
3622 1830
8138 1249
8997 3613
778 7967
11 1360
3051 7881
7210 7568
3106 4547
5459 7241
8943 8944
7545 8945
4375 8943
9042 1443
9048 8436
8147 5104
6664 6841
7813 1193
1010 1374
486 6838
3395 7816
2222 5659
7826 7826
3452 5246
7487 9305
8604 7254
3853 3703
4302 5658
4122 713
923 6914
2663 1236
5373 9298
1391 7471
4150 4150
2449 5152
2916 1834
9380 9380
7999 8912
319 1269
5133 5133
3438 7788
8215 3315
5134 1216
3905 463
7240 3644
5300 279
1478 7149
839 5719
1585 6768
4355 4355
6646 6376
3431 9265
774 7620
1594 8032
3756 9060
3141 3141
5910 4947
2570 186
6389 540
7275 1863
6533 3353
2733 6291
3432 6156
3252 5123
748 4478
675 7817
5105 5965
6763 1589
9948 6282
7609 7609
3703 652
5925 1373
6432 5576
7855 1127
7673 4954
3390 5226
1879 1203
9055 9055
2353 1742
6407 6272
6766 6766
5968 5968
1841 7349
3481 6531
6786 8983
4334 6755
7608 1243
6727 6835
8263 1952
9786 7533
7188 717
572 508
1483 5985
6900 3235
1126 1059
8948 7265
1720 1720
1608 518
8597 5812
2187 7534
8952 1754
4868 5966
9985 8761
8892 2462
6061 7746
9051 9051
9773 4526
808 808
9217 7468
4454 4454
1346 9062
9751 7128
9420 1476
9049 9415
1012 3739
8595 1376
6991 4995
4555 8873
1001 7641
5425 7961
275 5257
5628 4548
7502 8266
2931 5584
6632 926
2345 3786
8317 1025
3539 7625
1721 1721
4603 8050
8397 889
3138 1058
1488 4356
8556 8556
6290 5222
5738 5769
1195 5689
8727 8245
9426 7547
5326 5528
96 5532
3186 3186
6835 763
2923 8756
7854 5430
1022 5676
9758 7790
9023 1209
1178 1178
5705 8902
7920 3762
4836 6432
772 8502
4841 6515
2460 2460
2425 6151
5600 1825
789 5785
7762 193
7023 2015
6873 9067
3862 247
8886 6754
4512 4522
479 9091
3742 5665
8906 8906
4788 5614
1749 276
1072 9098
1603 1785
5845 5214
5227 5912
4080 6003
927 6600
6729 9268
6762 7895
6330 535
50 8920
2281 7670
7581 8876
344 5150
1937 1777
8458 6344
7 5095
53 1877
7329 4469
1547 1039
3743 3735
2421 8078
8513 6884
9978 9402
9778 8240
4993 7982
5744 8116
5649 5758
1514 4527
9549 654
1170 1170
2821 8301
5281 5307
4413 6890
6819 5892
1232 1232
3424 7860
2825 8885
9757 5617
8319 1780
1114 730
3009 723
3712 6925
4802 8227
4384 4384
895 895
4179 4179
422 422
4695 7185
4540 4457
5461 6919
6464 3997
3690 5786
2523 1254
9672 1375
8244 1377
1737 4012
5195 1256
6237 6407
2018 183
6034 5951
7451 4536
9921 5171
1049 4523
1540 7827
5051 1270
5079 5079
3298 2461
4182 4182
630 9397
9293 9293
2800 1184
8576 872
5962 3173
4478 959
5727 5727
5692 4695
5809 655
4489 9294
8926 820
6367 903
7100 7078
3669 7581
8202 8202
1393 5241
6742 1357
6058 1083
8548 7593
4466 4325
8357 3149
9710 9710
3128 8022
2389 9281
2196 2458
1671 1181
8083 8083
8078 6923
171 255
6905 6905
5384 5384
6469 4994
8836 200
4623 4623
4725 4459
4596 8948
684 1227
2955 9412
9679 7884
5946 8830
5797 367
2607 1289
3684 4403
880 993
7049 4996
3288 8046
7103 4591
8265 3617
2007 5228
7534 4010
8339 2449
5839 1091
5842 450
9776 878
9427 9427
9258 9258
4072 7841
810 1150
9763 5994
565 7558
8278 6018
1068 2456
9986 6902
5704 650
6319 6855
8623 8905
5180 5180
6567 5110
760 760
3666 3346
8201 7147
6467 3633
8422 8422
6349 441
4047 3731
5841 1573
2239 1235
2087 1006
351 4992
2280 5252
1826 456
5307 4169
3256 7683
1803 9712
4367 1234
9315 9580
6340 5032
3720 7595
9162 9162
7896 6696
5645 7108
5442 1725
6224 781
7211 8004
458 458
3609 1145
2980 7902
5209 1482
5612 5612
8268 6988
9817 1037
1724 7304
4252 4184
8251 899
5721 1049
890 1323
1641 7764
8784 7368
7787 7787
8446 7821
9001 782
2753 8110
9642 9642
9884 8008
8515 6353
7877 7387
4503 6984
8986 8986
7052 1700
224 224
3238 769
4581 1215
4650 4530
2446 2446
1109 1109
7321 6024
9273 7658
5041 1259
3823 1841
8434 241
2328 9292
8305 6188
3836 6873
7798 6989
6103 1425
2337 6880
4659 764
7881 4497
456 9059
5225 1104
3624 7611
765 1340
6804 1228
4701 7906
2327 7348
3246 3246
9850 1768
4498 4498
3097 349
9830 4034
546 6419
6570 8249
882 882
5066 8901
4259 5953
3193 7972
987 4430
9339 401
3418 7812
7807 861
3822 7409
237 2447
7358 7064
38 5144
7360 7758
3324 1266
5387 527
5766 5946
8162 8162
7424 4445
103 5167
1969 1061
9966 4451
8117 1074
7564 7564
6518 7150
6025 3985
5242 1862
5982 5982
5138 6769
2676 8450
3347 7858
665 6987
1780 9280
4491 537
6774 8708
1211 1211
6942 1364
5473 4215
2721 9300
1918 7823
722 722
1071 913
8410 6236
5505 8854
5303 4176
4578 4578
3249 1230
3772 4559
3645 7557
5413 5413
8816 9312
944 1238
689 9430
961 8314
2386 6417
8910 9425
6176 7890
5332 1007
8203 4570
1539 796
5038 6883
3952 3952
1647 4700
42 42
8398 8398
7388 8031
3509 9395
2919 1085
5132 5638
6390 7836
5422 7224
4821 7807
8005 4576
4669 4997
3349 7780
4463 427
5222 8156
4972 1365
986 7768
9085 605
3700 708
4427 651
2536 8449
6772 6772
6705 6705
3492 7720
1342 1342
9299 4246
5154 1854
4042 7958
6376 4391
8393 8904
8495 5934
2221 1163
5978 1116
679 5213
7217 8940
5878 5097
6124 7542
712 4619
7175 7565
7831 9644
5520 5520
3235 491
9912 6748
2666 7983
8577 7976
904 8897
174 8896
5212 5212
2114 7798
8276 4505
8181 6996
5634 5947
5793 7914
5039 747
8396 1348
2853 8430
8226 8226
9382 4258
500 1391
7381 6583
1938 8839
6120 8242
2867 7327
2002 8932
3192 8893
3634 3212
1972 5320
8289 901
8903 8903
6548 1368
1717 1872
9644 395
22 8895
8544 8426
9061 9006
2635 944
1564 6991
1295 7556
4400 893
5153 5153
9845 6750
6110 1255
9260 8561
7553 5691
874 874
2618 280
6838 8892
2785 7644
3507 4629
3556 1188
529 1424
4188 4188
1460 4047
9898 9436
269 5157
5047 513
2757 8817
6779 1051
9924 4291
232 912
1446 7774
3519 6617
5312 8938
2264 8898
8991 8894
3280 8900
965 8910
9004 7985
7356 1826
3188 3188
1630 7162
8889 9424
3397 9041
7799 6762
9513 1390
8955 7569
295 8302
7730 7730
4180 421
5502 8121
8633 7250
7869 7869
7027 4302
9297 8056
567 567
7170 8907
5280 7648
1243 1070
3247 6421
2692 1905
1563 4652
4848 5637
536 4250
8977 7281
9099 9099
1338 1338
3108 1280
212 7226
15 15
6962 9437
1043 1291
4128 5958
7515 8394
5392 857
4826 3244
281 1354
605 1483
4125 7570
8974 8464
3442 6854
3300 4651
8756 9643
1546 5589
1132 6540
6844 6844
9617 7217
6351 3312
1436 7096
4642 4642
8350 7208
7572 9068
2767 3690
9307 3198
8932 4036
4672 1248
6717 582
1449 667
8768 9071
9604 350
1440 1440
8092 1167
1317 6611
1273 9295
8491 4605
8742 1335
2227 5186
9434 52
963 963
1643 1033
2538 3572
3020 4919
8752 8752
1350 7553
2486 810
715 5559
4168 8465
3670 7228
1093 665
6282 7059
8697 3327
1690 8927
8961 8961
7812 1452
1735 7996
8003 7143
5872 1524
412 1207
3031 7813
6749 185
1242 4594
6505 1938
7597 6831
973 973
2288 1586
628 7345
7653 987
9167 5193
7385 1712
4646 3374
138 8555
1040 1040
5074 5120
267 267
460 6878
8304 529
92 7988
7737 9302
1968 4911
1755 1755
7095 7888
1912 1073
3557 4009
1472 7287
3813 6031
9717 7635
6556 5701
7848 4650
6410 8241
3939 907
2427 7647
4171 1199
4205 5160
3510 3217
292 210
8459 8255
7445 1358
1652 1220
6428 6270
2469 4409
2720 3187
7070 5158
528 7987
9563 5513
2204 1009
5385 1285
5075 1307
5695 1001
8427 7903
1252 1252
6919 6587
4332 989
2417 6378
3326 1412
995 995
1017 2450
9929 866
7718 9005
9994 1093
8066 9132
2742 1018
4825 3253
7779 1325
7875 7370
7858 697
3293 3293
323 7671
9213 1121
863 863
1750 1750
6613 1392
949 949
1363 2441
845 3300
9038 7340
2131 7654
8355 4998
6222 1258
6589 6589
5087 8018
4781 4542
4531 1274
7815 7354
4762 1138
3769 9435
7994 7994
189 189
461 18
9054 607
805 574
779 779
342 6166
2836 5096
6689 1441
7654 1149
6832 6710
1103 1103
945 856
2601 3724
9371 5243
300 7822
1207 1277
8791 940
1097 7177
1442 1442
7337 6016
4678 978
5920 7904
1367 1367
1802 1066
167 1717
2145 2531
7557 6303
5691 499
2895 1143
2763 2763
5353 5353
3304 898
84 7852
5970 3152
627 4411
2374 1117
6013 960
1353 1327
3345 1813
9558 864
4524 4524
5339 938
5218 1212
6156 2744
4482 671
1280 4970
1376 9057
109 1041
4518 5921
1226 1226
1447 974
9123 780
2480 3138
5369 4495
7143 1013
9528 6865
6596 9414
9219 225
1313 824
946 946
8012 8544
3618 991
8980 3299
7778 4592
1877 4670
5844 6885
9658 6009
9378 6298
4202 4202
3535 524
7878 7878
9119 9073
8157 8173
4469 6836
1501 8926
8343 8925
6996 1107
5364 231
5818 876
6943 6598
2236 6302
8667 6990
5220 908
2804 5117
6907 7908
4158 9102
8189 451
4470 4032
2488 1077
9246 827
7986 2992
8337 1021
7899 7899
5984 459
5207 5207
7288 7894
3245 7412
7386 4581
9129 8987
6008 6008
7102 879
3800 6253
8679 1471
1576 7689
6393 4503
4186 9638
1076 3189
5626 5593
1637 7856
423 4447
3371 3371
4820 7109
1779 8459
4023 1210
8533 3243
3307 3307
1437 1437
1790 1790
3948 5217
6652 6839
6738 3794
5378 3265
8913 1047
3232 1930
5130 1156
5778 8119
5145 3143
524 988
7840 1455
5747 3525
8535 5119
8919 201
2162 3080
1758 3174
1716 1716
5921 7175
8064 3335
4685 3218
5655 1396
4211 494
8893 9516
4445 6911
5935 8848
6947 8309
5031 6879
3174 1279
4767 5310
8105 712
3744 3744
1414 1797
7619 7619
8432 647
4775 8838
1927 8840
6141 4975
6037 3309
1548 7782
6289 5972
7136 7136
1398 1206
7114 4876
186 8954
9886 242
242 4377
4816 746
1344 1344
5852 4988
5295 4206
9453 1251
8589 3543
4539 7806
3391 5984
6894 6894
7923 3763
9949 3383
7933 3270
8367 7268
6510 1179
455 5200
3517 1133
6823 806
1474 1474
1623 7739
935 935
1859 1859
3008 807
2596 3166
6995 657
8517 873
3275 1214
7744 7744
3104 5137
8830 7623
4676 885
6151 982
1212 4195
89 905
6252 5232
4680 1361
4605 4544
7568 766
2513 1722
3270 1048
6800 1331
7804 3618
1366 6258
6004 6537
1339 6868
5603 7912
1503 9284
6761 5108
6740 939
1205 1758
4133 1812
1669 7004
6575 1183
9969 4879
2892 1159
4898 4898
2724 9069
5434 811
4710 187
757 5421
6603 8554
466 6881
7099 1224
5960 5960
8543 8543
3023 4244
7224 744
3721 1263
6056 7199
8034 734
1598 7889
5635 5635
1663 4893
5094 1294
5658 4625
5085 1417
4723 390
8119 3256
1064 1064
7943 1931
8207 742
6686 1208
1425 32
9221 3745
9140 783
5338 5515
5240 3286
7841 9306
7497 4189
6164 6164
8545 5211
5136 9416
6209 7652
4958 1950
8810 4229
1902 1807
891 8447
8845 8845
7889 1418
8914 1710
7253 2459
392 8930
3567 8929
143 1814
5078 1867
5022 1590
2985 3
5728 7897
868 1239
7444 7251
9741 345
4204 7270
2503 7847
7107 7107
5663 1711
1169 1169
6006 1385
956 6132
6105 3245
4387 1886
5441 197
718 293
8286 1011
1471 8499
7165 8257
8971 8256
446 8458
8838 4186
6660 802
604 7392
6706 6675
5247 7097
1400 1400
4773 858
9056 7081
9530 8168
6529 979
9842 4648
3676 7585
8033 8457
5163 6986
3042 4635
4143 1114
6369 6369
5486 1014
2354 776
7081 392
2284 5334
8602 6140
1529 7657
1356 531
7375 7375
4497 3236
203 5777
5035 7389
5164 9600
246 1820
7681 1752
1328 1809
6998 1701
4011 1798
2870 1715
652 1737
1500 1796
678 1795
9447 1794
6781 1740
7589 5000
3560 1454
9272 1020
7838 7386
1667 5268
3083 8596
5017 5017
9788 985
2509 3993
1534 4549
1298 1298
9767 7900
1392 8959
3233 1315
3671 7249
8637 1460
6916 6916
5798 4446
5654 3192
195 5629
2723 8251
1730 7258
9934 8451
2209 918
6879 6597
3651 5325
6177 8244
7707 460
1490 5115
2773 7352
532 1054
7708 4170
6460 8253
7025 7829
6402 992
1078 997
7835 7835
4148 8911
6710 1162
594 5602
8473 8473
166 7288
6210 8152
3569 1019
780 8851
1815 7058
8537 2445
7216 1595
5200 1318
2823 1393
5093 9278
3357 8480
7580 6161
1316 1316
1431 1431
7340 3548
1299 4632
4460 9645
7366 7681
8165 282
5291 7056
9347 8793
9372 8101
9096 2949
912 787
8275 7935
3406 5392
17 17
7680 916
7902 8252
4020 8248
255 7381
3053 7572
618 6366
7954 948
3101 1916
7518 909
2954 4620
5451 1467
1326 662
2269 669
1772 7121
6946 7233
140 1031
2604 6751
5292 1416
8011 1410
728 4222
3665 1087
4304 1202
6695 8877
9012 1302
5111 1459
2978 4489
6657 1056
3571 1190
3870 5140
4546 670
7917 3599
7600 5650
6765 7968
878 20
3225 4896
734 7263
1230 6292
1390 6284
3399 6131
9946 6707
8388 8388
5955 8969
5096 3583
5967 5967
4418 6148
5081 5081
3987 6285
108 9287
3243 4538
5479 9001
3426 7722
6955 1076
3154 3154
1345 1345
8141 1753
302 954
1606 6897
4411 8947
7227 7227
2463 9382
5811 559
7412 9161
8554 6603
4015 4015
4513 4513
999 999
9456 8184
16 2665
531 980
5574 1343
6370 1650
6874 1324
8877 7259
8351 1045
768 1319
8144 8144
5923 8166
9365 4986
7494 5172
4729 7321
1305 3797
1584 690
5717 5717
372 3965
2670 8147
7724 7724
9806 1435
2125 706
9573 5255
441 906
2379 8161
914 6539
6500 7275
3112 1275
6479 1092
2751 1397
6687 6550
2055 1142
5993 7756
8079 720
4406 968
4226 4641
5516 1185
1379 1379
6616 3145
7833 930
2012 4347
900 900
3255 5517
6810 1384
2101 1065
1464 4043
9445 2455
3134 1453
8479 739
1244 1244
553 8960
5495 1100
3860 1349
8188 8188
9247 5274
2110 656
2677 7246
146 1329
6760 474
8420 1415
5998 5998
7426 9048
6 3177
6047 5143
3099 7084
6936 1278
7601 7907
5217 7740
7348 7698
3808 896
7774 3296
8233 3222
5061 538
4833 5991
7139 6601
773 8180
8821 1035
9623 5633
7061 910
3706 3706
8516 8516
4398 1182
6049 6062
6494 2448
104 1223
335 1095
8781 8540
5062 411
925 897
7496 270
7919 777
1098 7173
4138 6532
7238 7274
8993 1008
9141 7818
5186 7875
7112 7089
1085 1849
8243 8243
587 7405
5386 5620
1878 8847
8941 1408
8417 7612
1385 4519
1002 1222
374 3861
5315 7633
7094 1072
586 3278
7150 6304
5342 4961
4438 7083
1251 1219
1855 1855
1914 9042
5750 7360
1746 1272
8053 7545
4745 1399
6132 4697
8348 7378
8716 1038
66 8878
5597 1172
4936 7373
408 3538
7810 7810
7465 7202
8616 3314
824 1313
276 9299
7046 5884
6085 1445
2437 1218
2238 871
2081 1346
3466 4692
5112 5346
4945 7919
5118 6429
9747 9139
8088 1112
9560 969
6324 4508
8292 1553
8019 6656
2956 7445
5012 1432
1370 1370
8436 5640
6002 1468
8676 3592
3777 1317
4506 853
4264 5516
2057 1407
6895 6895
2106 586
4832 1299
2102 3206
6019 6849
7946 1427
9110 1303
3109 1411
7857 1462
6901 6128
4012 6143
1276 1276
6713 1196
4904 1434
6569 1461
3747 5778
9291 7803
5344 865
6470 809
4282 5289
9667 3984
236 4873
2329 7791
1998 9169
7790 3269
2094 8977
4716 1463
2314 8552
6805 8100
7369 7369
5412 8967
4514 1433
2150 1071
3857 4582
3469 7721
5380 1105
5348 5295
3759 3759
4606 4606
7264 986
6311 8575
150 6005
4336 8717
7913 7913
9626 6393
7586 7586
2302 1273
7746 1267
1308 1308
3273 4627
7028 3151
5070 221
5785 1574
198 198
1428 1428
5019 5294
4901 178
6185 7099
1696 295
9127 741
4117 4452
6309 1282
4830 8942
1236 8949
7125 8438
9834 7876
4780 5270
3286 9426
6670 5254
6212 7866
4838 7240
3764 3764
5522 6586
2255 5227
543 1832
5783 5879
9454 9431
2653 7192
71 9378
1661 8300
2033 108
8159 1381
2725 9259
4527 1046
2404 6333
7918 2468
9201 1026
1081 1081
7733 1016
339 339
7225 246
5310 4510
6867 6867
6730 8835
254 5986
5251 5166
4924 904
1021 1197
6318 1290
270 5106
2051 826
2266 773
4519 1063
8691 1268
1347 1347
9059 3201
3832 6418
3916 3587
5123 4552
7230 951
2644 6070
2598 3768
8111 1321
7266 1362
7509 6037
4961 1386
2905 4626
5781 5092
1596 3191
7687 7687
513 7677
3682 6917
9169 932
7678 290
9481 798
3855 5900
7842 7842
7090 7399
6940 289
2768 8978
173 4502
3514 3377
8779 3231
8585 870
8567 8963
3040 8788
9625 1135
1297 6760
919 3156
3370 3370
472 472
1293 1293
5804 902
1871 8849
8584 1887
921 921
9240 6123
8151 488
2151 6702
9964 6568
6592 9109
4094 8393
3443 5223
6361 9100
1101 1101
1382 1382
8809 4940
1745 3273
95 473
7811 702
9029 4297
7252 1602
871 7701
8150 6349
4577 4577
8403 1406
1383 1301
7087 5177
8720 7365
1889 1351
6229 8397
5239 5239
5350 4874
9557 915
2219 1401
4235 219
6067 4468
1423 1423
3364 1438
3018 6904
9909 1405
9356 3380
1359 1359
9979 4563
4203 1330
2348 1420
9654 6392
9736 7646
5455 1262
693 693
7261 549
5832 7679
1300 1300
5572 1371
9697 3157
5990 5990
6442 1297
4209 4279
9691 9346
1519 7086
1028 7082
739 3344
3763 728
6512 322
8760 8760
6882 6882
1287 1287
4711 3771
2387 5561
5901 972
2854 3369
1016 9393
2865 6013
8746 1069
3773 3320
727 1124
1778 1314
4556 4556
6507 743
5667 1395
3216 1439
9951 1281
3063 1288
6663 1473
5865 1341
2179 1161
3264 1168
1311 1472
1372 1470
2184 1173
1227 1469
2435 1180
6574 1466
1196 1465
4429 1186
4356 1189
3351 1464
4955 1458
3222 1457
1189 1456
5069 1198
3287 1451
5256 1450
2407 1201
1355 1449
9567 1229
1173 1448
1456 1296
4348 1309
7669 1310
9764 1311
8775 1447
9080 1446
7390 1312
2371 1436
1409 1320
1633 1322
1161 1326
602 1430
402 1429
7231 1328
7187 1426
1314 1422
5023 1332
6117 1421
662 1336
8279 1350
569 1352
4360 1419
1320 1355
3048 1409
3974 1356
6941 1402
5857 1398
5799 1363
1168 1394
7120 1383
8338 1380
44 1378
7308 1372
4234 3639
7650 7385
2182 7123
5723 6896
1929 1929
8649 1086
3541 3541
745 745
1120 1120
6350 1043
9262 1123
6863 4504
764 859
1141 3227
962 962
7780 6042
4280 243
5356 8086
7422 8931
6344 8073
1216 324
980 4982
5140 6599
879 984
9395 1134
5174 6040
9618 5996
480 6034
1833 1833
2457 4499
4132 489
9077 9108
3657 4588
9631 8597
617 920
9953 1055
1943 5002
7828 7828
5090 5090
3945 1597
843 506
301 7213
3175 3175
2747 7802
3839 4178
8765 7539
9534 9261
6522 9457
8738 4631
1740 5010
1186 5300
9007 5989
2098 5572
263 3136
4219 9419
7554 6011
5100 5100
9093 5116
9428 7863
9503 1525
1545 9766
579 127
7105 30
8131 7686
1015 3711
7546 36
5016 8454
8772 6859
7214 1017
9353 6683
6746 6746
133 8646
3640 5588
8940 7676
6461 9420
4253 6280
1986 8390
4432 729
3439 6361
7096 2747
1680 7622
4199 5073
9438 1004
4975 5733
6338 5987
9916 7751
3610 3610
4872 4561
179 179
6017 6017
1269 5601
8344 966
8341 4008
8439 8703
5963 5963
8786 4357
4105 6052
1493 6006
5129 4525
8001 8001
4278 6351
8061 3368
3219 8962
2305 3219
3915 7531
5478 981
3012 5992
7180 7762
9435 3249
9044 9044
3728 8594
7859 7859
5124 8207
6175 914
4005 1042
573 6862
312 5988
5765 3545
5122 8418
5042 462
8570 7624
5564 6305
98 7642
4106 9128
3527 3527
4594 1080
6431 285
1625 5202
9922 3195
4516 4465
7371 7371
5366 767
642 1118
8803 7379
85 2989
4409 6035
6679 6679
8482 4901
9302 6538
9303 1099
3316 3280
5169 6053
8214 5997
8694 5999
7742 6051
3614 6028
2011 6055
403 6041
1283 6050
5060 6045
6051 6001
5939 4658
7548 9078
2694 7845
7159 2530
1454 3559
4976 4976
611 4987
8174 7733
3037 4149
5985 1034
6199 5782
3200 6590
3487 3170
5647 8169
8627 6533
6253 6529
4812 6535
2472 1128
9885 5220
9011 4647
3428 7253
1863 4999
9869 6154
2045 737
7577 7554
8640 923
7674 5112
2549 1835
5525 6676
4588 1187
8684 8692
388 388
9915 892
9314 7306
9819 3367
2500 7271
9854 2748
5938 1024
4006 8564
4706 8114
253 8117
8114 8115
5509 8535
4624 5333
4862 5898
886 886
6313 6313
6375 5488
6001 5169
1162 7592
8477 7055
3625 4509
4221 911
2497 4500
3356 5688
6421 1084
885 8566
928 928
8204 275
3072 7232
3152 4969
9525 1122
5584 8928
3967 1132
9692 3382
2687 1098
952 4531
4712 4304
850 8812
8848 1010
4970 7989
5533 965
7193 922
4873 9075
1549 6415
8100 917
6162 4090
1201 5626
5014 13
4944 3563
767 4287
5688 1130
3701 9111
4607 258
3433 572
7048 4475
8256 6401
8228 8891
3313 3313
8037 8308
9215 6425
3914 971
7177 7242
6020 7374
2339 8591
2809 8155
9283 4466
4690 4512
4483 5555
1582 8800
1079 1079
5045 927
6750 3303
4811 1023
5884 3171
1450 7779
2665 4443
6851 7326
6296 8958
8267 6133
4561 6396
4256 4256
6662 6662
4455 3271
4938 952
4989 6391
2706 8968
3416 7252
1715 204
3928 4617
9139 9539
6993 877
2093 2990
5125 1910
5541 9509
9581 9581
7433 7410
6650 7388
4880 4880
9402 7256
6217 8951
8917 5154
9473 3998
2054 1603
9154 7915
358 5199
1457 3242
9130 9130
9762 7690
7962 7886
4254 587
5371 7830
6416 6416
2784 7179
8643 437
4146 996
9746 869
7648 6588
2251 7366
1794 7560
4776 664
955 955
7912 5603
1225 3611
1451 8417
4569 4569
7296 3223
3959 4892
9937 956
4572 8548
4155 7990
657 404
6682 8757
6622 6622
2848 4294
2981 7402
1555 6863
4127 396
7011 314
1562 539
8342 51
4167 6924
1792 881
8284 5760
36 7546
933 933
5687 5687
672 3306
1318 6301
6668 3325
7967 778
2262 967
8379 1044
9236 947
4046 1576
4311 7380
9074 4492
855 958
6171 6171
6555 1029
3847 4560
4564 4564
1077 7833
1374 4210
7864 7864
937 937
9494 7343
2504 5419
9939 3254
4100 5014
8178 8178
299 299
647 8432
9516 7578
8192 4491
511 4615
9805 5012
3378 3378
7280 7280
6791 6791
6824 8957
3644 5179
4661 4661
5208 5208
4401 6892
502 7831
5202 9314
7411 6135
735 735
4458 4458
3311 3311
3035 4470
8835 4539
8152 3185
590 4028
7593 8429
6534 7834
2719 8886
3321 332
5313 6688
7405 414
7191 4448
5904 8818
3574 7741
563 4643
7656 1002
48 8055
4200 7811
4791 8549
5415 3316
1160 5136
3405 8865
7616 4220
227 4467
3988 6348
5395 3190
4713 5802
6190 7898
3417 8858
8307 5595
3906 1012
7770 4659
7847 9135
9133 9133
9200 5361
7256 1136
9835 7765
7373 4203
3033 8592
9517 5354
8130 4393
9316 875
7884 880
8853 8853
4051 1075
1057 983
7559 7559
5393 5237
4392 7230
1156 7361
8718 8819
907 4248
7764 4039
2430 4514
1433 4507
5450 4482
7630 4453
4632 4553
7016 4562
8878 4567
6343 7650
3087 3562
1051 5159
8148 7879
6558 7877
7870 7849
851 7880
7880 7865
7286 7839
622 7840
2995 7870
9639 7857
2987 7855
2947 2991
5748 3333
74 8883
3835 8882
901 976
9319 4904
2217 4593
6397 389
2999 4367
338 338
8565 8952
9715 1125
35 1052
2316 941
7535 977
8592 1005
7639 998
2498 1000
950 1015
229 936
3982 1111
2885 924
4660 1102
7587 1060
6163 1126
2304 950
6615 1088
5916 990
6528 919
4214 929
4206 1090
862 1119
6235 862
588 1036
2443 1115
943 943
8951 1089
1008 961
2080 1050
4403 1032
1944 1030
6839 1003
3648 975
6908 3564
9457 5077
7558 4993
4735 273
6870 6870
1997 1413
9888 327
1616 7383
4584 418
2752 177
1535 8547
6353 5393
7474 271
4174 8148
4562 3267
970 6355
2921 3341
4267 7544
7399 5094
5997 307
2447 496
375 375
6721 321
5109 7573
6274 465
4654 4654
4557 4557
1204 8025
5493 541
7030 8402
3165 3165
7850 7850
8210 9289
1465 292
2343 5176
2932 692
8923 1557
5182 5182
5762 8299
5406 394
3454 7191
2783 7552
1884 7110
6661 6661
1224 8855
634 3321
4001 3297
5740 9092
1357 7815
4895 4895
1577 1577
3930 3298
6214 6367
7145 7693
9841 8648
5370 7390
5528 1842
306 3260
9109 6592
8444 4917
4437 3332
3463 7984
5777 203
9844 9140
1948 8834
1895 3324
9331 7887
5181 5181
4641 284
5248 5248
5216 5216
2679 7999
3030 7591
315 315
5937 5937
7887 3350
9121 9121
7563 8069
6515 3721
4486 5913
9294 3358
1838 1838
7313 5247
9724 8844
5598 799
1080 1151
2576 274
4655 4655
5001 9313
5646 7916
8335 7695
3604 5708
2770 7694
7462 8573
1403 6338
4396 7212
8221 3384
5665 363
5050 353
6816 8694
3229 3229
4688 3347
1279 8157
6961 7691
6925 5388
5440 9335
1018 3210
1634 9348
4474 3225
1644 7576
2722 5886
6790 5893
356 356
8246 3539
126 8387
4908 3338
8456 8456
7837 8689
7562 7562
6278 9805
7760 4699
5343 7575
2702 3568
6458 7582
2622 7579
9053 308
3363 7005
972 7002
437 505
1453 1961
1 7587
283 283
8237 5357
433 7583
7662 6915
3358 8590
5032 5210
62 7362
3028 1520
3911 329
9439 9439
4687 709
4753 266
814 2845
6010 6851
8634 8634
9111 3268
8868 8868
1130 4634
417 417
7290 8884
3498 8887
1069 7000
8646 7318
9433 5817
8406 8118
9548 6426
2160 5360
6893 5076
377 377
9628 8649
9599 5075
8171 7757
343 581
5719 6234
3139 7661
8909 8909
1381 3795
2279 9423
856 8743
2138 7200
4683 7204
349 294
9197 7363
4968 4209
1852 8899
5448 8908
9369 8410
9669 7980
7980 7979
321 1570
5287 9684
357 357
8044 6602
3325 323
6733 9432
9836 1844
4737 7187
4899 309
100 7532
5579 2442
1804 6633
6784 4521
5420 7795
7736 9031
7168 3359
8978 7364
4295 4295
8531 7278
9131 8212
6625 306
4009 27
7627 4200
5599 698
6405 1936
5257 2979
1955 3213
4810 2444
7891 9445
5057 3336
3770 7851
3415 5009
4271 6899
3746 5083
4888 8476
7506 8616
7571 7577
5774 7584
8540 7566
9186 7574
7692 7571
6898 6898
575 6144
6365 6145
3570 3570
289 4496
4424 8017
2953 211
77 6591
380 381
1432 380
7397 8305
7658 6860
2863 3197
6154 3294
6526 6626
3140 6235
5000 7589
6557 6335
505 7726
3319 3319
7757 6852
4412 326
3494 9122
9391 6891
3745 3146
4981 8296
2667 7688
3919 376
9809 373
7404 7404
352 352
346 346
5795 471
3457 5356
8017 374
1781 351
8865 3725
2636 1839
655 278
4467 227
8048 3005
5456 3263
7753 9030
7803 561
3389 5225
556 7294
667 3226
8190 7359
5173 5173
1993 6410
3752 300
79 6170
2355 4984
1655 6646
6147 8827
6585 6428
4285 4285
1231 8595
9908 384
3198 5781
9798 4958
9287 3257
1624 370
6223 7333
4525 4364
7944 7391
5333 301
3955 8655
297 297
8964 281
8707 5521
7190 7190
9799 9799
4520 387
378 305
2543 302
6447 378
379 319
333 320
7801 379
5538 386
387 325
8454 385
6899 383
3975 382
122 368
383 366
325 328
3305 362
4019 361
670 358
6918 333
9732 334
1053 348
939 354
3172 7755
3366 7195
7076 3241
8257 569
8789 6660
7829 7970
8056 7838
4024 5634
7469 8289
7243 165
1325 3349
7981 4013
4967 5155
3376 8298
5847 819
5026 5026
192 192
3209 3209
4494 4653
3798 3291
8696 6785
6236 7892
4865 4865
6032 4678
3858 6251
235 235
4119 8727
6944 5033
7795 9775
3039 8470
1600 6893
5512 1175
5869 5830
1413 6408
4265 6572
7476 7207
8220 7209
4648 5215
4426 5915
6491 7382
2933 7454
7906 4704
2068 3840
2764 8194
1129 3591
831 6619
8666 8261
9184 4029
7148 8542
7697 7299
5168 5168
7512 9605
6812 6789
7747 7747
3355 9282
9379 7937
4502 9713
9344 703
5966 6125
8593 8593
4740 3387
8778 9267
6582 8562
8905 4897
8642 3288
4347 9680
47 3386
2563 3385
743 8578
313 6311
3751 1947
5329 5329
3177 8318
5260 1536
63 5505
2006 3362
2625 5825
2886 5162
8704 8307
9411 4910
9536 680
708 4624
473 3310
6641 4378
6423 9103
6590 4923
7002 3363
5952 5780
7389 5035
1741 6910
5661 6295
4033 4033
9583 3204
744 8721
5986 8295
5126 7231
8861 9170
7302 3390
6891 3161
3214 3214
7914 3318
5192 3153
5596 8684
591 3264
9992 1539
5566 8577
1179 199
1062 8446
1131 7406
7725 3360
69 3540
7147 1558
4881 4881
6439 6022
6411 6411
8635 8635
7041 6901
4730 6864
2428 8306
4931 7291
5476 674
5864 5864
5506 5506
3215 3304
3524 168
4007 4007
9686 4247
4079 8642
6189 206
8316 7665
187 1137
9144 591
6259 2465
6986 6297
9104 9583
3091 3322
393 6767
9987 34
5924 5924
4441 9428
5131 7697
2707 7353
7516 3088
1375 3289
4932 3394
4666 3330
4017 3337
8928 3393
9812 3340
3393 3391
3337 3376
9362 3352
5092 3375
3289 3361
8785 1481
3212 4681
5355 4682
3861 9038
4554 9327
7244 8966
418 6521
7936 4299
5556 4175
8106 8106
6015 8640
552 8545
719 245
1621 584
7123 3250
8701 1533
149 8688
8688 5510
4056 5509
7032 7302
6206 6206
6254 6254
2856 9347
8127 7742
3119 2439
4918 8631
1566 8647
8958 6296
2704 7660
5987 6711
9670 4546
5188 7007
5754 7883
8945 9105
7924 9010
683 6700
31 1652
215 2986
8352 9646
308 4863
1419 4286
4892 9446
4395 9441
182 7656
8315 8315
7018 8691
2360 4290
3588 7376
7719 4602
5961 8406
8985 8602
651 5764
7251 6918
9114 454
444 444
7897 6508
2842 7760
4266 8599
8950 6681
2391 6413
1118 8820
6246 3202
1184 5201
6137 6137
6743 3215
4299 7936
4241 3526
9533 8495
7968 5522
6317 5507
9101 5514
3381 5511
902 7395
5151 4686
3164 6770
7350 7350
5101 7324
5945 8079
9124 9124
1026 4675
969 3743
7441 6010
5147 5147
1935 3594
6356 9134
5914 9640
1892 4776
3334 3334
4129 6866
485 4900
8395 6614
9856 8632
3816 6386
6050 9447
5698 5698
947 8081
8253 9526
9285 5983
45 7853
101 3274
9621 9650
6550 8997
1867 4890
909 4177
6537 6802
5668 7750
8705 8705
5234 6781
9963 5889
7478 4358
1926 5323
3838 7336
2748 3331
3983 653
8027 4668
9561 9582
4215 6026
5685 5423
9491 3176
9891 8163
8695 8695
6077 8205
7309 7309
6215 6699
934 7279
4705 7767
3667 4660
599 2938
3049 6663
4637 4214
8493 8493
4287 2948
6412 6412
9135 6621
8205 4532
547 6714
477 4146
9955 9797
3317 3742
9520 9520
4286 8395
8060 8060
3600 7776
6030 6030
347 347
1748 9606
8790 7034
5082 5703
8636 8636
6007 6007
432 8704
7146 5358
5359 8250
3258 8453
8834 4640
2668 8181
2020 9518
6198 8832
2124 6673
1480 1480
3210 4687
763 3767
135 3778
6023 6023
756 9003
5650 6613
954 8160
5198 5198
7287 5197
9083 6279
9975 1195
5276 3178
534 4023
7763 6232
2788 8399
6793 6793
4044 7699
9286 9286
6865 3262
5712 9304
7322 7322
7576 6238
6840 5753
4763 2646
4270 8653
8625 3832
8067 4712
5052 7377
5120 1139
560 8151
3160 7314
9177 1940
7638 6794
520 4529
4696 1530
6928 7917
5121 8382
2997 6687
2481 7394
8936 457
8536 7920
2083 447
7883 7735
4530 589
1989 4218
5996 6798
984 8210
9224 8209
2257 8208
7300 7300
231 3804
8590 500
1646 7315
4689 4689
4274 3208
1618 6549
4071 1836
4054 4054
1609 7356
7317 7317
7349 9711
7935 3164
1949 3147
1793 4016
7425 8536
2926 6394
4368 4368
3482 4673
2079 4672
8264 8264
6471 7401
3205 3205
2141 4902
4210 9074
7318 9079
2286 9077
6903 9076
8976 8976
6938 68
6228 1527
2308 8311
7948 8061
3294 2987
9041 5702
6600 4205
7312 4226
3587 9438
7320 7800
4070 7283
3791 7418
3301 7783
4480 5045
4551 4551
6463 9709
7457 8550
8209 6686
2710 4985
8442 8442
1143 8580
9079 6792
5898 1225
2464 2464
4008 1479
4523 1640
5179 8317
2452 238
4917 8010
7646 6795
7691 4004
1277 7219
7947 9165
8973 369
5365 5420
2424 7293
8939 8939
9458 4909
4087 3142
8934 7303
4903 4903
1487 8491
6725 3251
4983 7307
9082 4792
658 658
8766 7351
7651 3820
516 397
3732 9421
1676 8546
5113 9648
3089 256
7612 7035
3874 7305
57 440
1416 5023
2313 4676
6811 4737
2798 5904
452 8272
4550 4550
4912 7289
1907 4908
1544 4348
8873 4264
230 230
4144 4693
9450 7316
1689 6038
1172 731
6087 3221
1458 8628
7607 8750
2912 8941
260 8021
4238 7247
9838 9288
9897 9311
7341 7341
1260 8431
1336 3722
6320 4382
8110 3547
3279 3279
9594 4259
2774 725
4263 4263
5951 1580
3779 3779
7721 6808
4721 5696
9226 5600
8662 3573
6118 4375
7398 7398
6693 6693
5936 6130
5828 6306
918 3168
8663 704
9409 7261
2928 7319
5756 6561
7017 8484
7703 6027
2049 3765
9175 6431
8580 8814
7866 5034
5957 3308
9363 9363
1443 523
4192 6912
6300 5597
8143 7396
155 6286
7226 212
5782 6811
5245 570
5196 5196
2542 2542
9035 1614
5736 5736
1099 1581
9216 4369
4195 7313
6735 6494
6599 6806
5117 337
559 6938
1360 7234
7970 3834
5086 341
9905 3747
3607 3607
9738 5315
6196 6307
7353 8777
6186 2452
648 9307
6501 4905
6142 7403
3554 1601
298 298
4444 4444
3810 9544
1856 1856
6131 7297
7400 7384
1135 7334
2740 7323
7297 7292
9386 7397
7959 7367
1973 7407
8870 7400
2620 7355
4036 7312
2213 7357
3382 1955
5308 6259
1860 6293
1210 5130
2440 9008
7519 3134
4014 4014
659 316
1435 344
1771 6012
9551 2559
1050 4679
7413 7413
6258 5030
1220 5788
4587 695
8182 8182
5146 9647
2062 1569
4777 9800
6514 9015
4095 1414
1491 5078
2713 7848
2373 4968
8560 3216
1482 7748
1901 3836
1331 1485
6329 6329
8965 8965
6649 6649
8551 8551
1891 8270
537 5022
5143 547
1699 9618
9002 6308
2648 6044
5215 9434
7784 7784
1960 2443
2806 8236
9613 4690
2451 6309
6487 9651
6429 8193
8404 8404
2268 4545
8724 4494
5065 6757
3026 3203
3137 3137
2930 3295
3078 3791
8252 5883
2941 2686
3601 3601
6301 455
8859 4603
4925 5801
4250 536
8183 8183
9484 8999
7915 6853
2319 1960
966 9138
2964 1540
570 4456
2514 9652
5577 8779
4308 5131
7758 5105
8907 40
3285 4706
7520 3839
2579 2684
9466 9773
7615 6775
1190 8686
5148 7924
1835 3757
2927 9681
7078 3593
5268 9579
2672 9577
5165 9450
4003 3356
4692 6889
6145 6869
1282 8630
2249 511
2462 23
4291 7493
1340 715
194 8970
2993 4191
8651 8651
3985 3546
6914 9160
4592 8557
421 600
7925 7925
8799 9429
4365 4365
7072 9763
3608 9627
9032 4749
1302 9012
5228 4487
4870 8024
9645 3723
2161 628
5127 7659
2411 8384
2589 3248
7379 1507
7247 4936
8266 9328
3760 3760
4907 9440
7447 4764
6133 8606
5175 5175
766 5040
4885 4885
9695 9106
3504 3579
9683 9683
3771 668
3176 4674
4882 4882
5161 3590
1056 6657
2084 4701
6970 4705
3555 4703
2911 5697
5009 5706
4358 5692
8629 5705
8234 5699
2144 5700
794 5704
1900 7282
2415 6054
7468 6049
4261 6000
5272 6002
581 6014
9118 6047
6054 6046
9265 6015
6046 6021
4018 6039
2029 6025
6195 6036
6358 6029
3603 3816
6048 3847
6702 4912
7376 296
1222 4490
5948 4501
9801 829
3302 7301
1628 6527
1088 6541
3408 5843
2104 6790
8650 8650
8723 2897
2546 3808
2180 8567
303 6900
7155 3372
3711 8065
1714 5178
5592 7763
6136 9637
8405 8405
9925 6556
3897 7910
2004 1144
4366 4366
5587 5587
601 601
8563 8563
625 8568
8028 8569
9889 9889
3585 3585
4244 672
7696 8190
4404 9620
2664 4219
3824 3831
401 3849
1181 9011
2010 6804
2172 6813
5693 9682
9998 3566
3187 3565
5336 5565
1438 5240
8645 9527
8829 2548
4757 4774
7922 9624
8740 6682
1854 8276
124 5204
9943 9007
2296 4224
3713 2721
3070 4245
2862 7649
1200 498
7903 6677
6931 3874
2211 4231
5825 8475
1797 9686
5735 7205
5753 7193
2117 7861
5827 3746
3891 3389
8753 9320
7347 4181
7183 4683
7127 5335
8601 8601
7316 6685
3290 6684
4402 6680
2385 6678
7339 87
4853 5914
4201 4201
7359 8576
9552 7692
3741 8828
4964 4228
8506 402
2403 7749
858 7663
4611 6805
5679 1519
9350 7959
52 9474
9554 5819
8745 8268
7843 9803
4315 2993
6021 3400
8734 5
3449 5923
9355 8198
5930 5877
7705 4253
9989 7854
2973 2973
1967 8815
8380 3240
1809 2490
3821 1493
7179 412
3552 4795
5853 5853
3833 3833
4246 8782
5510 8971
8534 6560
4508 4266
924 8284
1020 8187
1700 1942
9343 4520
3558 6788
8823 6604
9345 313
156 6817
8213 4296
770 5874
1420 2740
9390 1612
8549 4237
8040 8829
4113 8211
8199 4645
1767 445
9179 7621
9406 8572
5271 5271
3617 8265
4161 7272
365 4380
9107 9893
1992 1578
6346 8337
3737 7804
4388 6274
4184 4252
4744 4744
6787 9018
8670 1529
1917 4472
7167 4479
4548 4568
8558 4566
243 4543
3681 4565
3129 4493
136 4558
3315 4555
5905 4554
1956 4511
4479 4541
3330 4540
4528 8077
6481 4819
8460 8460
4381 7832
1595 7871
8582 7868
5900 7874
7862 7862
6880 8696
2394 443
1061 4359
6734 95
5484 3237
6802 4217
8527 6799
6588 8683
7926 123
5349 9777
2642 4719
1553 4721
5882 9611
78 4883
4281 4281
5433 65
6011 5129
5299 5359
5481 4026
1362 4208
8754 4866
7819 8189
9495 8685
5083 4711
7189 7189
3626 449
7409 8781
9531 5015
257 257
4627 9016
9653 9653
9892 8955
8953 8953
3876 8682
9775 2717
4684 9844
8542 166
9582 1641
288 9952
2982 6842
8085 6913
7374 3196
1660 6495
234 234
7898 343
2175 5907
888 6233
7026 8974
8956 8956
294 6615
5763 8177
8303 4928
6963 3737
908 4831
7984 9449
1834 9451
632 6214
2925 5011
2071 9129
8569 405
8502 6273
4331 4233
1756 6582
7622 3252
5008 4763
350 4185
7301 3302
3105 4240
3508 6409
932 9626
2894 2894
1899 3522
8553 8553
8407 8936
1074 8935
9840 12
7276 7276
7511 7911
827 5024
8732 39
5700 9953
9879 4669
3398 8780
2771 9540
7164 9084
8361 9036
2276 303
3182 3182
798 3179
6425 3972
7153 4216
8839 5109
8690 8690
3190 4587
493 265
1407 5184
6334 342
5702 8411
4136 277
8450 5340
982 8697
4625 5118
4634 8821
3688 8693
1649 558
9630 9630
9006 1644
216 8303
2097 2743
2320 4242
273 9482
3850 3850
7761 4255
5741 4794
7394 9301
3656 359
9703 8494
9954 9954
5573 5573
3 8716
9227 1848
8796 4849
110 6609
6360 56
3359 4289
2728 2728
4559 6606
474 844
8208 182
1215 6692
8777 4791
7270 4204
487 487
8374 424
8311 3758
2754 9156
3710 514
64 1926
1209 9167
7140 7672
2776 4019
8038 2872
8561 6949
3900 3900
5095 8019
3339 3339
4942 7909
6904 3788
3208 8471
3341 9522
5 5183
3575 3285
6152 2513
9726 4235
4699 4274
7446 8482
9128 8273
3120 8396
4431 8068
3828 3828
8908 1141
6413 5020
4748 4748
738 7639
1974 7285
1041 4753
9448 8804
2577 6800
4665 8652
9745 5344
7642 98
8104 5585
2685 2685
9228 1478
1830 3853
3792 8467
411 3513
5934 1477
6333 1937
7551 7551
8683 3224
1542 9107
9666 9666
5157 8702
6130 2682
853 7957
8468 8468
7988 3825
7702 6314
7712 72
462 9309
3606 3606
3856 311
1239 2864
7495 4050
8172 8172
8485 8485
6926 9458
8469 8469
5657 606
9938 8728
4027 107
4878 831
6965 8610
5999 3328
2917 2566
8273 622
6673 6812
3472 41
4621 9009
1801 493
1332 2479
6517 6517
9034 9034
7647 317
6239 4194
872 6758
6665 8199
3518 9123
2042 6446
159 4922
5036 9141
8596 81
2866 8501
1378 8414
929 4742
7294 3953
6476 3355
7536 4628
736 736
3374 8271
661 661
5902 310
7218 360
1570 330
6798 335
272 340
1060 8409
5390 6382
5141 5141
9607 3653
9304 3023
6388 3870
6149 7325
3254 6569
4255 9851
4806 8191
8474 8474
9385 6360
3923 100
777 8462
8376 432
4359 8201
4262 4262
3848 7449
1406 5591
3997 4211
4589 1497
8757 8933
2824 8833
9847 8170
3973 2466
8982 1620
4081 9004
9480 9480
9857 6337
9827 6647
4991 3524
1589 3366
8461 8472
8472 8461
6042 8479
6326 3392
1858 749
4694 8400
2048 2867
8628 2491
3068 232
7278 3255
6238 6786
3852 3852
5193 3787
5862 8778
449 5036
251 9649
6818 6818
8550 2943
3664 3869
396 5142
2471 4824
2805 2805
1265 502
2948 8972
6088 1655
7015 3569
6398 7269
7461 4193
4590 8565
887 6734
4874 9552
8390 1509
8547 9655
3829 9654
4609 391
5414 410
8082 4665
2448 4754
169 4707
6989 3290
6953 9318
1813 3600
4977 4977
978 1487
2662 1
2657 2955
3343 3354
177 5787
1105 9801
3740 3740
751 3342
2493 9628
1712 553
9660 8629
4869 4869
723 2457
638 4734
2159 70
9543 4822
3383 7003
6612 6612
1763 8537
4582 6350
1245 9095
4804 4804
1638 5332
7945 9621
1401 5861
5243 167
7868 8742
9155 9155
49 49
8512 6933
9521 5729
9102 8407
8009 7743
2678 2996
8660 4227
5716 4723
5553 6551
3499 3805
3253 8481
8161 8624
8247 117
6666 9456
3782 8174
6053 9110
7879 7310
8187 4769
8200 8200
9137 9137
3414 76
7471 6623
7998 48
5507 3602
6173 6173
4207 3323
3623 6271
1985 7174
431 431
8847 8351
310 9033
188 6299
4217 3093
2533 2533
911 1562
7064 466
1463 1140
9359 7882
3262 3523
4032 9972
6714 1501
3006 3006
3207 3207
1847 3239
3032 8002
9614 9614
6605 573
7827 8349
4998 91
1011 6310
4783 3913
8140 4722
3971 3827
8120 8687
6913 8204
4333 9093
296 521
5363 249
9680 6555
5561 4780
2467 4784
9678 7921
832 7922
2066 8734
8606 3103
6842 407
4630 1632
1632 9604
5733 9603
3079 3079
8698 8698
1327 3357
9313 3379
3348 3388
7097 3343
9725 3381
5298 3345
7956 3348
2522 9262
9636 9636
1422 8310
1032 4807
806 2937
3970 6552
111 554
7771 8826
9126 9126
6699 9443
2938 7785
5152 8339
282 750
4786 4786
172 4644
9278 8304
6643 3962
6128 7932
1936 8196
6508 8213
9040 8206
4016 8203
9544 8195
8340 9619
5430 6567
7800 6566
4115 6563
1266 6557
6563 6559
8281 6562
8509 4825
3534 3113
8323 4257
5273 621
8963 7933
2958 6816
1601 8175
4034 1660
4041 8867
2887 6934
3116 3116
730 1618
1183 4820
9043 4213
1770 9631
6409 92
7420 4847
9641 9641
4796 4796
9113 4236
5713 3854
6968 4785
1247 3766
5025 5025
4824 4048
8987 4376
1315 7457
2701 4276
2900 4025
3551 4848
9178 4726
1952 6728
541 9536
5992 6829
5362 5362
2039 4272
4910 3277
5758 3276
6999 6830
5068 9017
2732 2732
385 5582
7643 6547
4667 9808
1188 6342
8206 4812
7693 8216
7860 3999
2969 2969
7530 4572
4982 1475
9684 5504
3868 3109
9103 1965
6675 4230
9659 9310
7311 7257
7257 7255
8308 7284
7255 7273
3005 3544
7033 452
4102 4223
3581 9639
1670 3790
4296 9847
318 4816
8070 4725
7677 5568
9199 8348
8497 8497
5755 4773
8979 3851
2237 3994
8904 4020
2502 4027
4583 4024
6089 4021
6362 3772
9146 8990
7976 4234
7537 1153
6297 6730
5917 4843
3584 5916
1193 1492
2640 8725
6158 5803
544 4818
9160 3258
8084 8220
4649 4649
2344 1622
9071 9444
3167 3181
2765 3658
5294 426
5187 4736
4715 4715
3677 9104
8483 8483
386 5562
5403 2994
1784 9776
2294 4249
2340 4282
4137 4261
5772 4267
6843 4128
6080 9809
4300 2980
9784 9784
8788 3811
2244 9632
5887 4301
5860 8063
2282 1496
3490 6689
4960 6648
1939 1939
2130 2889
9065 89
6906 5586
705 3096
979 5751
6493 5107
9804 8934
9903 3770
2139 8988
4394 4394
1424 4778
3758 4370
512 512
3149 4766
4610 8538
6577 3194
6157 3238
4576 4374
4891 8989
2173 6807
5452 8809
5011 8633
1953 1608
8876 6443
8250 5256
4875 4875
640 8803
3084 2765
6194 8341
468 468
6543 3597
9851 3741
1886 4268
3350 4814
5919 8822
274 1692
9112 3121
21 9158
3628 8783
4601 4601
7997 6519
2232 4740
8890 5832
3244 8625
747 4277
9870 9478
6336 9578
4691 7752
4906 6690
9940 3845
9090 3107
5708 9136
1726 4756
4990 55
8864 8864
8639 8639
6018 4708
2423 8316
2602 2877
1499 6608
6948 8463
815 9565
8523 9433
9452 9452
4928 8214
8045 4745
5529 1963
7728 4920
3755 6771
562 6810
4357 8786
2494 2494
3547 5596
8385 82
4756 4758
1014 501
4477 6339
1764 3806
1664 3813
2122 3821
838 7337
5590 4815
6544 1984
7493 9147
2167 4738
9009 6708
9474 4811
3062 4747
1532 1532
2569 1670
9267 3272
7212 3603
4363 4363
2571 2571
2116 625
9843 5231
1617 8313
7772 7772
7380 5043
2556 6782
4809 4809
9145 8080
4640 4775
5514 86
994 6208
72 2775
6203 5848
8508 195
8415 8415
3730 2536
1983 403
3902 8342
8820 5574
9779 4283
3224 8994
5932 8991
8858 8801
1039 1661
5467 9113
7092 6283
5843 1985
3263 5583
8857 8857
9489 62
5802 1498
2864 7778
9542 7320
9706 3876
9700 115
9701 8758
9094 9094
3553 8353
4887 4713
239 4836
9616 4688
120 9843
5102 8062
7298 6725
1701 2592
7872 7497
4560 121
6426 9909
271 47
6509 6509
2390 2720
6610 6610
2868 5008
2495 4760
132 8269
1116 3810
3901 8558
9652 4932
2988 2988
1959 3230
8806 2963
9837 8109
1100 5564
797 8759
3725 6372
4884 4884
9532 9157
9070 4844
8514 8582
2656 2656
6990 9081
2709 5566
9173 9173
4949 7
3377 1486
8481 2522
4784 105
5492 640
688 4727
219 7214
8231 9112
4785 8598
3538 8860
2418 99
1502 1502
8324 8937
1706 9769
9637 6727
9956 9956
3849 9780
5594 9779
3445 3755
7788 7754
7464 3259
7403 8730
4025 2900
7176 7176
4464 8863
5555 5209
9647 7006
6988 6194
7450 7450
9808 6525
9638 3789
8029 560
9415 9334
4813 4813
8731 4303
4322 8192
4717 4781
6934 4717
4542 4838
2272 4853
1988 64
1148 6731
2438 3843
8184 4251
2575 8623
2216 6737
9774 9774
2031 3007
6630 6962
958 6336
726 726
5204 124
4840 4840
3123 7420
821 532
521 9778
6736 6736
7525 7335
922 3119
1796 9521
154 8322
8025 8979
7367 7451
8332 8332
6580 1933
2945 2477
9134 4801
6700 2997
2491 4260
9818 8319
6335 4788
2595 2595
2191 8607
9881 6783
8219 8297
2588 9908
5858 1500
2877 5581
799 5604
698 5599
6594 5598
2801 8870
2192 1927
3819 3819
844 4850
9410 548
5931 2847
8097 3715
5941 4852
7382 9554
5581 261
2553 2553
9904 8581
9984 3769
9822 6518
3533 4127
2901 2901
6188 2596
447 6165
4097 6735
8057 8057
1931 748
3956 6947
1554 8637
9413 4762
3998 143
4134 2757
4196 3140
9361 8324
1768 4845
3583 5188
1531 4826
1851 4783
1341 104
4718 4739
3122 9891
4849 35
8370 8370
6382 7711
5779 8579
9327 2764
8710 8710
1521 3128
9731 8574
7055 2454
6174 8
6523 6523
7734 2868
2840 2840
558 8984
261 6732
54 4718
2531 7196
9446 8724
5760 4846
8942 851
5621 4254
2082 8291
7834 9
6193 8790
7045 9553
8419 8218
6719 6719
5439 236
2040 3718
8564 3855
5115 1490
6337 1624
2109 8715
5639 3397
5407 6187
6768 8487
5908 3211
3837 2927
9317 9317
9330 9892
6035 9316
1583 9315
9796 4691
1306 8489
2669 1656
1744 1941
2573 1544
6718 6718
7836 9979
6178 3266
3266 3284
2959 3863
7415 7415
7430 8323
5237 7329
8665 7290
5706 7358
5737 7408
2690 3846
1950 9308
9524 5059
1612 3826
9890 9890
7228 71
8644 8644
9882 3879
6250 4232
7431 2594
3260 8856
2527 4731
2703 4751
4770 4803
9875 4732
4067 4856
8416 4806
9935 4854
9416 4777
4751 4837
3525 4733
8156 4833
8069 4830
3639 4828
2508 4827
1268 4743
4732 4823
5401 4757
4765 4761
2745 4770
7250 4765
2312 4768
9257 4767
8326 8326
6889 3605
8312 8312
621 8219
2034 6352
4055 4664
9682 1948
2559 832
8169 1987
311 5111
7629 3925
6624 5799
125 4265
8612 9895
3594 3945
5426 5796
5909 7447
6780 2546
7985 6784
717 6713
6715 6716
6279 6717
3842 8369
7008 2783
948 2755
6593 4663
1165 9573
8277 8277
3920 3920
4372 2998
7722 6920
5808 6358
9740 3098
8832 214
9512 4275
603 3019
8658 6237
2400 9850
2388 10
6744 3604
692 5855
3540 5735
9545 6
309 2750
2453 543
2631 7506
9748 9664
5279 3824
6688 4278
7755 97
5250 8164
2871 2871
9463 6211
7965 2912
4010 1521
1473 80
3485 1959
7126 3829
8080 2724
4313 85
5018 9609
7378 58
7448 7448
8488 6809
4857 6275
7272 8352
1760 4280
9570 9570
5983 3122
7213 6744
9171 3862
8574 5818
4764 5744
9469 6359
2072 3614
2426 2985
9655 7510
7354 6742
9923 9923
3996 9613
7500 5816
9550 9550
4702 4702
4631 6814
6980 9812
6885 9453
9366 2811
2903 520
3761 5849
5334 4192
3436 6276
6433 6433
1805 2012
7258 8654
7685 7685
1666 3132
2934 111
8240 6927
1751 6928
8445 8641
6104 2644
9471 1495
484 484
7186 2842
9505 6935
7645 9665
1629 9925
1330 5639
2946 6726
6069 5734
3327 3049
2016 3910
1248 8618
3016 3016
5586 1664
8915 6186
148 3089
8185 8496
4704 8327
9556 1564
897 1504
5474 9821
9839 103
9000 9000
3085 3916
9163 7459
2766 2766
5341 9101
9702 3966
1979 1979
1920 2913
3412 1627
7791 8862
2799 4269
913 7664
4876 6695
3113 6712
9467 8722
9196 259
5231 120
8617 8617
6257 6257
7657 9221
5454 54
578 113
6837 9523
3004 9127
9459 5738
3815 3815
9143 9143
2176 7805
2762 3780
9422 9588
5330 59
2812 8413
3886 5737
4449 467
4374 5746
8530 4864
4346 4346
9813 9473
3962 9448
3444 9172
5835 7938
9685 9685
7456 8285
5815 5815
7173 4271
7003 4238
9852 4284
4902 9969
7436 4221
6757 8066
6659 6659
6647 152
1923 4868
7419 1654
8813 8813
6381 5846
6208 1499
4620 1829
5318 6177
2198 1628
4846 409
9698 3534
5346 9557
6731 1148
3385 6729
8428 2926
5185 428
3885 9530
3922 3095
4297 4790
5284 9798
3528 9802
2810 9804
4755 4755
9311 8215
3846 146
7383 2896
1615 676
6126 1488
9970 9970
3840 8165
7679 8167
7086 8171
162 137
2397 9013
5751 45
1146 2438
2630 2630
9508 171
1711 119
1729 9714
5614 6733
1489 5273
9218 1672
9066 6819
1476 21
9475 9475
3013 3013
7776 4817
7082 8279
1970 9032
6183 6183
178 6522
2224 4190
8897 3818
3545 6778
9705 2440
1397 9517
1518 9564
7974 7940
2095 4372
7694 4212
1567 1567
8712 136
3699 7186
2212 1637
5232 8787
157 157
5320 169
6759 2773
8792 2561
3981 1657
7110 4728
9259 7411
2852 2841
2052 147
6591 6957
4759 2723
4273 461
1648 7446
9205 616
131 131
9648 8726
842 842
6756 4913
6482 2602
1541 6740
584 3118
5868 2487
8638 8638
2183 2742
5891 1560
4499 3873
8588 8588
5569 96
8353 9888
2190 9625
5049 5049
6288 8520
3817 3817
6691 6691
1063 8488
8013 8490
5624 8890
7279 5054
2289 9222
8423 1503
6422 5031
7499 5747
4451 1643
4768 3719
4187 4187
5534 8492
5956 6739
6604 6558
2564 7001
1106 2753
7215 9900
4164 9887
6354 9897
5642 3110
4544 2667
3844 3844
471 6722
3736 8732
8938 110
8924 9607
6841 14
5089 6724
6275 5185
8291 3911
25 25
2844 2844
9824 9824
1556 1619
4886 6340
6827 9213
5823 8626
1410 8707
7950 8613
8692 7455
8614 43
2560 5258
4091 3411
2351 44
6850 1951
4430 8350
3994 3871
3802 3950
2465 3754
3475 6207
7931 6921
9553 2683
3883 9477
2756 2756
7684 7458
8872 9472
114 114
1075 3024
2163 7766
3441 2475
1538 3029
4920 109
8158 8158
2476 1534
364 1508
1137 9610
9281 2000
7417 7417
1587 8325
7661 3514
1640 8603
5275 612
3092 3092
2960 2960
6044 3516
7689 7995
6220 5195
673 3801
1286 8262
4342 9957
1831 9811
6347 128
2899 2601
9769 3830
2358 3014
9958 9959
8389 9958
4269 130
5190 46
3949 8527
9340 4841
4714 4714
9152 9152
8700 8700
1009 7946
7851 2981
2060 2578
9479 9479
7245 6803
3450 3180
4379 4379
190 190
2716 9260
6684 3822
9972 6544
9368 9442
9605 7494
2654 8334
769 9144
5015 9602
1104 149
2365 4839
6595 711
8262 5741
8449 9715
9478 142
5021 5021
1910 483
4914 4914
262 262
1941 264
3323 1604
1139 9569
3392 8401
3918 6821
6071 9186
467 3018
8850 84
7927 7519
9392 5748
5328 2659
5203 2958
7042 213
400 2590
2838 2838
2650 2650
3563 8806
7660 696
7427 9212
134 1623
3400 191
2686 66
9068 8810
4026 8275
4782 4180
9401 8333
2252 9822
1284 4933
8814 6931
3387 8107
3025 2473
2263 1491
6579 3888
3239 3803
5020 1617
8591 5875
644 2807
2578 9716
5080 9154
9900 7215
2287 7188
8849 7201
86 3529
2475 8292
9619 5839
7195 4241
8664 9810
8709 8709
2984 6797
7407 6497
2364 148
9440 2467
6191 6191
1568 1568
8581 7238
1681 3129
2621 2856
3807 3807
8087 1605
8369 3842
6455 3281
8301 2577
7867 3860
1462 6743
7128 4750
7442 8293
6584 5047
1337 9717
7594 6167
9846 1541
9901 9571
390 1667
3354 2797
6626 7771
1203 1996
4553 8320
3806 3856
696 9724
7197 5854
7449 3848
3476 609
9982 252
6723 6723
6480 6720
5110 6741
8093 6721
9158 9545
4190 7949
3658 1659
8055 112
8330 8330
3964 1518
5801 4925
118 2572
6490 2690
6553 6553
1237 6168
646 253
6122 3942
2234 2719
3765 22
1066 9514
2979 6796
4986 2555
2872 8344
9988 9589
1925 5873
490 490
7814 7927
1613 1613
6825 6826
1213 6825
6748 2967
4277 7500
5664 9767
5730 9211
316 2532
9571 1636
2 9955
9960 9960
3185 2716
6075 9333
6820 7626
5718 6321
5947 9463
5235 3782
4228 4385
3768 3823
1094 7505
7552 6514
7649 3838
4073 3837
6386 6174
7073 4381
5258 2560
5707 3114
9721 162
7319 481
6617 3809
8346 9795
3050 9151
2445 9145
1164 135
5602 83
6975 4183
7310 3835
1840 2626
8921 9598
5072 9771
1866 2829
8729 8729
5666 6909
7295 8058
3045 2767
6801 6801
9593 9593
8812 9592
3446 4724
1485 6715
8331 3895
3887 7502
795 4870
4156 9973
615 615
9282 9966
8129 9967
3228 3228
2646 3104
1728 8521
3461 3461
1571 1571
3202 4867
8882 6404
9730 8274
740 9924
2628 9096
3156 3812
2382 8328
6854 631
7067 3035
3277 9562
8944 4371
4834 4834
7620 2895
8466 8466
801 8477
8669 8478
88 88
5677 1606
8402 2861
1455 6833
4778 1555
9749 139
9597 2859
164 2583
5162 3512
4104 3814
5404 9633
7768 7943
102 2928
5694 7705
864 470
7960 7960
8368 6926
9606 6330
1369 8869
1138 9823
3074 9629
7952 7952
330 7734
8373 8373
7542 3520
5351 7244
7990 5739
4787 4787
6690 4906
7152 6320
2321 2789
142 156
3227 7793
8937 7956
4808 5838
2524 2524
12 3004
3841 3841
812 8747
1829 5824
5526 9223
7714 4921
8879 69
682 77
3130 37
8058 1638
5391 8338
8573 7515
6722 7521
5773 9532
2684 9332
3143 2605
504 504
2907 7986
9596 9596
7905 6645
7062 6644
3067 3067
1492 5027
3503 3503
2708 5731
7470 8403
8408 8408
506 8412
8139 9551
4349 2917
3864 3864
7060 57
228 228
67 67
5578 8753
117 176
3872 639
1448 3943
9464 9464
7890 6176
1429 8500
3010 3417
6041 608
8949 9563
4805 8263
9451 1889
4741 4741
9959 6655
968 8587
1157 8731
5004 9220
1477 3519
1890 5675
2611 3452
7453 7453
91 6357
279 7942
6031 7955
2643 2643
7040 516
9760 2731
7421 6058
8539 6761
6100 7939
2181 8064
564 564
6775 6255
3158 9234
2750 9930
9333 2880
3917 3917
4974 6405
5304 6175
5252 5336
121 5341
7701 9511
6638 2500
7961 7507
5360 1982
4734 3781
7414 155
2300 9538
1430 6545
1816 6548
5501 6546
7786 2597
6619 4878
7595 2863
7978 9807
2796 2968
4177 6263
4883 63
6892 78
2555 562
2547 2547
5236 9454
2562 2562
394 159
8927 3060
8197 8197
1233 9617
7335 6565
6565 6554
5494 9718
7793 9719
7941 6400
2458 1651
1000 1621
3932 8627
5544 839
8605 8605
1241 1669
4746 8532
5761 9247
3543 8507
1352 6524
9936 9936
6146 3521
8891 8533
3950 2604
3631 6363
391 1846
4353 2568
55 7947
9766 1545
7510 7954
6144 617
5135 2610
5317 5835
7971 8741
6709 850
414 7286
2937 4735
8744 7950
8613 7944
9917 3070
5911 144
8336 2758
2552 2552
9734 9734
266 6179
1631 1631
9 4300
7973 3017
6886 2754
8725 9510
9632 6779
4996 8748
8349 4851
731 2584
6897 9903
9230 9230
3310 4832
1982 3002
3717 3717
1799 9491
3693 3894
147 9961
5640 9232
32 2977
9899 683
8702 7931
631 153
1561 3749
1147 9468
1599 1611
4310 9736
1773 2589
7277 7277
8290 5041
7951 3518
4622 9209
614 614
3878 8510
1510 1510
656 3501
1528 1528
9971 9971
9476 9476
4048 685
3361 4017
533 1615
6623 9978
5876 5876
6078 9976
9635 1671
3935 3935
9393 4802
2605 6823
8793 6822
3778 9634
8021 260
9823 5060
4405 158
7327 5809
4112 8823
6789 8824
7573 2903
1536 4354
1942 8571
7672 1935
7585 8766
6732 1673
70 1566
4656 9817
8871 8871
2311 7953
3184 7945
6022 7951
9656 7948
1656 4225
7940 3443
1219 5050
8900 3650
9417 9224
790 6941
5213 2911
2487 8331
7057 2800
8381 6787
1003 7499
8699 8699
8571 3949
3365 3115
7735 8103
8149 4383
1059 2883
1785 102
9462 9197
6261 8643
7485 408
4919 3283
9518 150
4799 4799
2904 3112
8735 8735
332 9827
8618 2940
8795 3877
612 4872
6554 6820
606 3059
3259 141
8195 6759
6598 6943
5160 1609
2322 6318
550 9785
2005 9462
596 9460
6029 9459
7729 469
5515 8224
5792 5792
3515 3515
4354 2574
6325 8993
3019 2736
3015 3015
6181 9616
7024 9615
4378 3075
1509 4710
8476 3517
7876 5057
3825 4810
496 237
9620 8260
4345 3072
6636 8808
6394 3939
6418 8706
571 571
3529 4729
2975 2795
5428 8723
1976 1976
4618 555
9727 9727
2416 2964
7334 8785
9608 9608
9360 8611
8004 6147
3206 3028
7720 3932
1259 3457
4487 2538
7934 7934
5263 196
1789 4907
2442 5834
6207 4126
5184 1563
8995 8992
8480 8995
8412 2573
3421 2463
3162 7706
1380 8361
3940 3940
1922 8964
5523 7456
8041 9905
7000 2810
3590 2752
3550 9622
8399 7194
2583 164
9612 4871
2688 3069
4511 8583
3565 101
9295 106
5589 94
2695 2695
4913 6756
39 5910
1508 5911
1578 8740
8020 3951
5641 9515
8302 5740
6094 9244
6833 263
3754 8511
641 2885
7522 6319
1394 8523
8433 3477
1825 3968
2529 2585
8954 2570
877 3054
8463 3878
4505 3908
4658 3909
76 3918
4720 4720
985 9788
9535 8221
1494 1494
3941 9002
548 3408
4758 3078
4971 9782
8288 6939
8841 568
382 3026
8356 8356
8578 8355
2218 8861
5010 8859
4541 9196
5854 2622
7438 2606
595 686
5562 138
6539 3193
5176 8733
2861 8738
5314 8737
6814 8736
9075 7753
870 172
4538 8614
4043 2869
2038 6312
6960 8282
2896 3533
8437 3532
2271 3528
3532 3530
9529 3531
5787 8866
6697 3906
1533 3946
2619 3066
687 687
3071 3071
6172 688
8293 3508
6384 3068
8227 3001
1384 9199
960 9975
1639 1639
7198 4349
7797 4051
3580 2618
836 836
623 8267
5580 1559
3843 2580
1945 1514
4362 8712
1605 3108
3314 9513
9802 9200
9770 6323
4537 4052
4147 73
3649 3649
2545 2545
6169 9256
4175 3003
4558 9252
3131 3131
5859 2569
9397 630
3077 3077
5106 1513
4994 1691
6492 2607
8186 2598
1254 9245
7093 5259
4927 2944
3332 9561
6707 2647
7805 3021
160 9250
6932 6932
2711 2619
5321 9233
6280 837
5375 8711
2803 2803
4950 9217
6654 2653
8046 9246
2780 2788
4614 416
580 2857
9193 8745
80 2672
9693 2675
4118 2657
8372 838
9263 8744
840 840
4140 2540
9062 3445
9147 6398
1112 843
8828 9964
3451 3451
1348 3506
2539 845
3420 5795
5652 9910
5850 2648
1090 400
5814 5814
1187 3657
846 846
5819 3444
1089 6738
1036 847
997 3485
6540 5798
7459 9921
9527 9226
2582 5831
3904 2936
6446 1679
9928 2677
1019 393
9499 3094
345 2549
8619 2809
3333 423
3680 8713
5084 1957
2318 3716
6314 6492
415 2591
1881 9512
97 7487
1324 7485
1642 1642
9907 6936
1520 626
861 8645
8258 9818
1092 4293
5230 9208
3785 3785
554 6965
2876 2876
5816 848
368 544
2332 3484
1610 1610
4604 9896
430 492
5435 2873
3564 2971
6379 689
6073 9201
2540 2878
4223 2759
2477 2870
7115 478
3636 1630
6281 2843
3801 6198
8844 6356
6153 2999
2278 2801
3173 7237
9833 2866
7865 1970
3136 2550
4889 4889
5436 8082
7044 2768
3335 3101
6201 6201
9714 6324
7178 4938
1812 2823
2587 3020
2506 3127
1814 2539
7454 8375
9170 2793
4294 2848
9610 833
1484 9090
9919 6636
1580 9215
593 2975
9046 9789
3655 3655
9243 5867
5833 9331
714 8336
841 841
9115 2537
4135 3025
4434 627
1117 2498
8451 2645
9225 9225
2893 2893
9624 6212
9519 8680
7503 3448
4229 2739
1495 1634
2737 2737
361 5863
1659 603
4697 3903
2408 5841
5064 3907
4565 2489
507 175
334 9783
7789 629
7625 9185
8524 8524
8354 8354
8314 6190
8375 8359
5354 9174
5337 5082
8245 1635
2986 5813
3180 3450
8898 8514
2297 9849
9640 3502
920 74
3401 3401
3257 2745
6711 9555
4442 9325
1619 2853
5421 3398
9894 9894
8733 8795
6836 2670
9349 9349
9161 2899
1256 2966
6170 6764
5340 2676
9794 9794
9803 8797
4225 8796
5233 2749
1665 7460
3723 3494
9010 1607
389 2770
3738 2824
3727 5862
354 684
3506 3120
6651 9730
5696 4931
2898 9989
4021 2798
5886 2722
6342 3648
3121 4292
3913 3872
4084 2658
5005 2002
876 8798
9716 2651
1693 1663
2966 9115
5606 2687
2123 2879
8334 624
6205 6205
7526 2786
9203 9203
5513 8345
9192 9192
4521 8619
6927 6832
3598 3598
1905 4387
8579 634
1343 1997
3047 7503
1597 6219
9249 9249
2496 2496
3646 1962
3204 4373
2047 3446
3201 6185
2603 2603
3057 3057
8922 479
9183 9183
9248 3130
9547 9547
1765 9549
280 2729
5749 2565
8661 8661
5742 8321
2347 3934
7893 8329
6672 2956
8525 3901
6438 2920
9584 9584
6213 6213
5637 3897
4284 6960
7440 9568
7443 9214
1303 4065
9116 9116
3088 7516
5903 61
4916 4916
1810 4899
3199 9114
800 173
3056 3056
2818 2818
7821 6331
883 9117
2808 3756
6052 2799
7750 8531
2882 2882
7012 636
1128 2472
8673 8673
9073 9119
7982 3117
3990 1629
3926 3926
7670 486
250 6341
93 834
9601 6630
465 2846
2879 8659
9198 9198
9206 9575
223 6976
1046 6963
3775 2907
8749 8719
395 9365
3809 9826
3766 6365
894 1932
6778 8666
373 3784
1930 7501
9911 140
6950 6950
7652 6203
5950 2814
2942 6220
1113 9983
5325 9726
6751 5052
8325 8585
8285 1964
4580 9326
9538 4197
509 509
7265 9740
3880 3880
3946 8701
3794 6264
8586 8586
4828 2923
4807 2887
2633 2922
4000 480
633 633
6298 6944
1774 6218
9811 9915
7194 1647
3058 9218
2171 835
7304 3761
4965 6196
1828 9927
6783 2776
2922 9190
2671 2671
2623 2623
6902 545
3796 7423
551 590
495 1678
2439 9612
3453 3453
2484 2484
6065 2478
9872 6181
9586 3802
6974 6974
2482 2482
510 510
9166 9166
4126 9236
2030 4939
5309 2925
4031 638
8763 9770
8780 174
7683 1646
3869 3881
9492 3944
2760 2760
5875 8343
5511 6930
4170 9987
7408 3886
4029 2567
8310 3048
3698 2904
9643 2664
4065 2751
8776 9228
4049 4049
8239 3933
9514 3928
4496 2730
1710 6777
7267 3931
8050 1511
3296 507
9151 3050
9342 9354
284 3008
278 3504
1526 1526
2918 2608
3069 2688
1565 1565
725 2774
7996 5055
8572 2746
5619 9241
4386 4388
9387 4386
2290 8368
8797 1694
8685 3777
5870 5870
424 5865
7303 5797
3196 7435
9015 3656
8714 1658
1635 602
6888 9369
9444 4053
3274 6638
4536 6182
8647 6967
1182 53
7578 8363
176 8362
8175 3062
9488 6347
2061 2890
519 3912
7582 2874
3549 2875
7355 3463
2830 7926
5568 3061
9790 9790
1125 2579
3029 3436
2820 8340
9914 9914
6256 2502
3065 3065
5975 8657
6822 9227
6807 2476
4216 552
7486 3482
7432 7432
7050 8374
3480 3063
9719 3957
8180 3956
8118 3471
971 7513
4866 9330
4896 6624
4894 4894
7863 6625
7743 3055
2634 7770
3767 9948
5591 5807
2377 8609
4423 546
8475 9761
4436 1616
277 7422
1966 1966
7472 2959
5446 8378
6114 5871
3299 7424
1688 2892
8801 9350
2850 2850
9873 2726
9436 2813
2441 3051
3283 2576
6502 2781
1095 5823
1033 2534
5255 5850
1839 705
8620 8620
2787 2787
2983 2983
5671 3493
6140 5800
3297 116
2940 8981
9785 550
4338 2483
4995 9556
8321 8622
9750 6202
8730 134
8392 2738
5732 5732
5834 1154
7583 2860
9755 2612
4245 2961
1115 7512
6546 9542
5689 7198
8294 2593
3708 9558
7437 7437
910 8525
7738 5857
3695 9988
129 7517
2107 3486
5172 635
2554 2554
8764 8764
2369 3413
1752 4759
4289 9902
7439 7439
5013 5113
2581 2581
3456 3456
4879 9901
7077 6774
9468 7426
7204 5806
4272 1542
2661 2661
9136 2849
2802 2802
4061 4061
7368 8784
4092 2808
7001 3420
568 5018
2178 2649
3709 1981
555 2558
8365 8365
419 9163
6038 2947
6809 2654
9990 9370
7659 9590
5537 9738
9298 9623
9377 9377
7325 623
3521 2519
3597 5811
7492 9372
41 6215
2363 9371
4636 5134
1388 9725
2053 4066
5033 3899
8528 8528
6225 6225
4343 551
8682 429
7987 9204
7972 6959
5890 6953
8216 1967
942 6195
5817 9195
637 637
2869 3412
852 2516
5542 9531
6243 6824
8610 3542
285 2588
4176 8247
451 9189
983 9938
898 2791
1365 9470
2652 2652
5402 9869
9712 3455
4153 2699
5531 3404
3984 9524
3957 9864
8507 9467
9296 3123
8102 9754
616 1693
775 2777
2936 3904
9185 9825
9739 9528
6420 6420
6419 2762
2149 5070
6316 6316
7565 3073
1174 8377
905 503
8177 3858
4681 9175
1753 6929
1119 6937
7873 8139
1527 8775
8675 9118
9704 9982
4481 5847
8103 3449
4288 1484
7344 8357
3034 3409
6028 7436
6434 6434
5861 6445
9176 9176
9207 9207
7035 6261
5582 6169
2111 3000
936 4059
5866 2855
9729 9729
8867 1516
9868 9881
9832 1489
2880 2663
8465 3490
2782 610
1954 1954
5063 5063
8163 9120
2874 2692
7942 8335
7908 8570
7331 7440
4078 5138
9483 6146
5701 8346
3110 8720
976 9546
6005 2784
5397 9171
6635 2942
3522 9858
7314 4859
7171 3100
1421 673
5995 2950
1995 1995
975 5261
4522 5820
1975 4389
7352 4060
5690 8366
1742 9243
7466 6442
6448 6448
9320 9535
3022 3022
4529 7792
6799 1626
4103 8518
6406 9037
619 619
2510 6210
6227 6227
8751 8751
5194 7498
416 2995
4597 4597
4890 4857
9375 644
9629 8678
6976 632
7333 3011
8032 9857
2881 3091
5796 3111
4909 2935
3491 3491
2816 3898
1044 9764
7808 4860
2585 4709
7362 8509
1687 1687
4779 4779
9220 3875
3211 5822
7043 9486
7104 8662
3493 5080
7232 8105
4619 8104
1175 8671
8671 8675
4391 163
4237 161
9108 160
8846 1676
8837 154
8783 145
542 9525
3827 2698
3804 132
7507 129
7268 122
7239 8371
6973 1625
1940 118
3308 93
1678 79
804 2535
453 75
5177 6222
1481 6948
703 38
4722 3036
4761 5808
4728 3407
4760 33
5389 2782
3903 2919
1524 8230
7611 8290
5077 8287
6977 6955
2839 2839
7631 2557
2814 9692
7686 7669
440 7667
4856 2881
3830 2771
5794 9840
381 2815
8435 9919
8309 4808
2108 2003
8222 8222
7254 9701
5927 4772
9502 9364
4668 8799
7560 9461
1262 8259
6777 90
151 151
6846 2772
7209 5845
4693 4716
3102 3102
988 2005
7336 2862
9238 1515
9723 2669
2891 2891
6200 6200
2199 9759
2511 2511
2088 2486
9559 9559
5372 6193
3718 3884
691 9870
9795 3064
6226 6226
8272 2021
3218 2939
8869 1684
7489 7489
3291 6172
1592 9868
4417 3958
2026 2527
3899 3510
2489 5074
6449 6449
1791 4858
6265 6265
2326 2693
2357 3489
8016 2826
7315 7905
2361 3492
674 9205
6776 4350
3046 2761
6166 1969
7624 6634
6681 6635
5768 6968
4248 9939
3592 9586
1980 1980
1176 6439
2638 6435
7364 9917
7151 9913
2860 3902
7006 2984
1788 2794
5638 9882
5662 8664
609 3476
6478 8677
5994 7495
1202 9874
702 3955
3465 3465
8630 9597
5058 9595
8855 3963
5319 9089
3568 2702
786 9871
1946 1946
6828 9164
9633 2614
9753 9753
3831 7421
5487 9872
8196 2930
9611 1958
9309 6184
4145 849
4064 7522
7005 7509
1727 7508
2070 9182
1709 9937
6204 6204
8615 8615
5611 2704
2261 8534
8522 8771
8519 8529
8504 8526
8414 8522
8074 8519
3566 2778
1007 8517
6525 8515
3133 8513
6327 9353
5776 8506
5221 8505
2738 8504
4801 8503
3096 3924
9442 3535
977 2470
1977 4072
4852 4069
8164 4077
9067 9985
8225 1506
5490 3889
3146 9848
9565 2725
9292 8982
5632 9820
4837 9814
6939 9505
489 9494
2888 2888
8825 3865
7248 6224
7504 5829
9405 8379
9223 7427
9222 9860
1034 732
3780 9635
9432 9481
8770 8770
9037 6406
363 3125
9657 9657
8042 133
9537 9537
4251 8376
8559 9852
2035 6961
7517 7941
3602 8772
732 2469
9069 9839
9374 9376
6138 9374
5889 6629
1290 3399
9791 9791
183 9796
9600 2924
4183 6982
8827 6981
4013 6980
3605 6978
7132 4056
1965 6977
6981 6975
6966 6966
6951 6964
6363 8767
5613 6958
2826 6956
1507 6951
5285 6945
9828 9828
9783 6942
7498 1668
4002 2779
6378 3419
360 9845
3786 9932
9941 9931
5002 1943
1848 4070
6572 2970
3098 8681
8125 6317
8674 8769
4698 9146
4185 3074
7328 9319
6829 3012
7273 9585
1415 8584
4574 2978
4567 3971
783 1680
2096 9911
9030 3947
3927 3941
8194 3936
3867 3923
3866 3927
1991 9873
7305 3922
3513 3921
7284 2933
7169 2700
327 3919
6952 6952
1575 3915
5037 5037
654 3867
2561 3866
6221 9747
1650 3038
9443 9748
5623 5852
6074 9086
2078 9587
9388 556
8360 8360
3799 8358
8621 9360
2591 9359
6559 8776
624 5071
4108 5069
2310 5067
3241 5065
6113 5058
5067 5051
5044 5044
4844 5042
8126 9749
9018 9087
3372 9813
4232 8996
9866 9884
2584 6628
4864 5262
459 9746
9288 9830
9877 9877
704 9216
6251 2629
1323 2965
2624 2624
4509 8811
7767 9591
7533 9786
9976 6627
3896 3896
9211 9142
2696 8228
1880 6322
4435 9231
9229 9229
9210 9210
4608 9219
1289 4888
8887 9772
8884 9743
2245 8372
7289 1548
7299 8367
2718 3410
3479 9793
7074 2701
6869 9792
1389 9179
9781 9781
9357 9362
218 9361
8176 9358
498 9357
6923 9977
3322 9356
3115 9355
5714 9352
2600 9351
3678 1986
2675 6954
8641 1512
5278 9739
1386 6334
4109 4109
1798 2945
9400 2563
6391 2556
3812 6256
6815 6815
4120 2600
4123 9833
9351 1934
5411 8663
7716 4062
7384 2668
9713 9366
2076 3454
9687 6513
8249 6511
3407 4087
3582 3960
1795 3885
561 8237
7429 7429
2627 2627
9336 9336
9214 9337
4408 9576
6527 6362
5226 8258
6796 9667
742 5805
8026 2915
8400 9248
6076 4091
9883 9883
8555 4078
2409 8294
2210 8286
7574 8280
46 8278
213 6462
1461 3478
7839 691
7621 4058
6930 1677
2949 2628
4488 31
8767 1550
8347 8347
5863 2514
9008 9469
3888 6399
6806 8281
1783 6652
9859 9859
5219 2504
9132 2634
442 1990
4617 2655
1820 9837
626 1537
9159 3467
5530 6496
457 9866
434 9853
2401 9867
9306 5860
1159 5859
2208 5856
3871 5844
3531 5836
6303 5833
5856 5826
5840 5821
5821 5793
9323 6450
73 2611
7939 3052
3757 2599
7921 9678
3749 2587
7759 9238
3282 4081
6305 2586
5879 4080
5376 2582
4926 2575
4727 2551
2599 2543
2586 2541
1292 4092
4089 4089
2739 3930
9399 2631
5683 4100
5464 5750
2398 6189
1153 6346
9742 9742
1278 4082
4222 1685
384 1681
6139 4084
9720 9768
4319 9765
3965 9762
9768 9760
540 9694
6954 9693
5944 6479
7201 9922
5829 2509
8109 9836
488 3414
4154 4076
8426 9831
7452 7452
4700 4118
6498 6498
8142 4101
8833 3479
6123 4071
2241 9787
2998 2660
9816 2916
8935 2886
8866 2905
3936 2934
2064 2932
7488 2931
7036 2918
974 4105
1932 2914
6453 2910
6262 2909
196 2908
2914 2906
5867 3483
2908 2902
2906 2898
5855 2884
2902 2865
2884 2858
2841 2854
2655 2852
4325 6476
6234 3470
3910 4088
2568 6500
6045 1690
9150 1556
8885 1554
6910 1551
3000 1547
9974 9974
9968 1546
8541 8672
3977 3977
881 3970
1434 5851
5429 4119
6444 3961
6484 1992
3170 3487
5396 5827
5482 9188
8413 2812
6704 3753
1255 9699
5830 9690
1405 9688
3169 6999
2950 9471
2507 9916
9546 1688
4318 1675
8911 1666
3478 1665
6917 1662
6834 9834
6813 4098
6095 1653
5335 1645
4867 1633
3483 9906
7849 3405
9945 7438
1719 9832
6524 2806
9255 9202
8929 5794
5608 4055
8235 2679
6451 9675
5539 4120
802 8789
8703 9669
1377 9672
6821 1683
481 8998
1272 2828
9677 9677
9676 9676
7644 2827
7434 2825
501 2822
7031 2639
6969 2821
3404 2820
6712 9673
6541 2819
3269 9679
6437 2817
3135 2816
3043 2792
6062 2790
1673 2713
2972 2785
1581 2769
2792 2741
5283 6973
2769 2733
4585 125
8238 8238
9024 126
7740 7511
7783 5056
2659 4079
5028 9085
2396 9674
8807 8807
9060 9702
9780 557
9895 9735
211 3406
3877 2492
9728 9728
6403 3427
7751 6632
2565 5749
3647 2007
5453 9534
3576 2691
8232 8232
2046 3424
6179 4073
6099 9863
7888 5190
28 6463
1111 9846
9465 9465
9268 3396
9120 2796
2629 2957
4738 2974
8121 3447
463 3905
2855 5866
7200 5592
6107 9180
2301 6326
9997 9502
8364 8364
7556 9947
4743 9946
6489 9668
2474 2474
9270 9663
8603 9662
6161 9661
5897 9660
8600 8600
1155 9990
1271 6262
9237 9237
7514 7514
7259 3282
3261 3275
3183 3261
3082 3234
3081 3183
4854 4067
8193 8676
9470 4855
8748 4771
9084 4842
2324 4835
8822 4829
2168 4821
7626 4805
5977 4798
5559 4797
426 4789
265 4782
4842 4752
4829 4746
4771 4730
9585 8225
8223 8223
4380 1689
1722 8217
1468 3431
3630 2620
7222 8674
6291 8670
1708 8660
5048 5048
1504 9303
9598 3039
4149 3037
7262 1649
3459 3459
4130 620
9063 2616
8771 2637
4131 3082
9566 9574
340 9567
3511 9566
1844 9838
6769 9548
5156 9533
8608 8608
9020 6343
9181 9181
9926 7490
3969 3969
5056 9484
204 6440
6864 4094
4566 4093
9233 8530
2356 9497
671 2625
3497 2673
5767 5062
2833 2833
7566 1505
9496 9496
4198 642
8363 9177
796 641
3953 2718
1082 9704
3909 2023
9498 9498
3038 4104
3388 2528
9122 9741
4979 3499
9506 3044
7513 3009
7929 3043
2022 2022
2013 3042
6628 3041
3191 3040
3044 3034
26 3033
1486 3032
4935 3030
82 3027
613 3415
5610 9855
9396 1944
3403 3472
6168 2507
7455 6709
2362 2017
4937 3929
9562 6444
1294 6436
1913 9755
1264 8229
716 1561
9718 9375
8800 9368
2273 9367
9668 2962
9681 2982
4421 3475
9541 2976
8990 2972
9942 2953
8722 2954
3912 2952
8008 2951
3306 9689
6516 1974
4653 2946
8854 9324
8811 9321
4915 425
8992 3857
2726 1991
3440 3428
2455 9907
3774 4074
2697 4113
4532 6940
1607 2709
7263 3882
3362 9671
4446 9670
2275 6230
8687 2024
328 6229
7306 6228
494 6223
3394 6403
6443 6221
6372 6217
6230 6216
5838 6209
3197 8179
6184 8176
5201 2697
2875 9806
690 2508
6530 9920
113 5066
6972 6972
5519 8667
307 8604
4069 9879
9251 9251
2935 4861
8787 9745
1217 9323
3488 3488
2890 9322
4086 4086
6014 4112
9076 3496
3496 3464
3076 3076
6506 6315
6070 8486
4075 4075
8329 4117
9932 3418
476 1988
3181 9506
9376 6057
8546 9184
4726 9178
3470 9899
6701 9898
4966 9886
4139 9253
9651 3097
1657 6354
2727 2727
3674 1531
6992 2615
9212 7719
7460 9723
175 9722
6758 9492
9487 9487
6884 3466
9157 3507
650 3469
3495 3505
3460 3500
941 7714
1821 3495
4629 3460
1402 3974
4389 2025
9539 2014
6945 2008
8899 2009
4063 4063
8774 2013
4062 7709
2137 2006
8270 2004
2105 1998
8023 1989
2041 1983
2009 1977
6792 1975
5630 7717
1505 9499
427 1973
9820 1972
8322 3106
9996 3105
290 2921
7957 8283
1349 6464
7713 7713
7704 2851
8091 6199
6197 6197
1142 6178
6115 9965
2735 2735
5745 5745
3409 8774
9957 8765
2405 7442
2402 7434
2148 7431
1996 7430
6167 7425
1654 7428
1301 7419
1682 1682
4197 9560
3473 3473
2609 2609
7014 485
4121 8714
1560 611
9072 1549
807 6451
355 3133
6081 3126
5959 3099
9500 2642
8912 6484
6658 2638
7983 8768
7113 8763
2525 2510
3340 9495
5416 3975
9455 9455
9153 9153
9149 9150
8430 9149
200 9148
4923 9594
3958 3083
4795 4085
3036 9752
1291 6266
9752 9751
9501 9501
4954 1999
3075 5028
1333 9193
7075 9737
3055 6639
4323 9944
9431 3964
7477 2011
3954 7590
685 9757
8805 8805
6683 9744
1108 9842
8391 5084
2612 4108
2989 6455
9373 9373
30 9721
6639 9720
7710 7710
2501 2505
2258 2501
8096 2497
4312 2493
6499 8233
9191 9191
3523 9088
3559 2674
3704 9529
5820 9885
4552 9601
8133 3087
8689 9466
9709 9490
4350 6828
3447 6827
2781 6780
2761 6776
8418 2662
875 6437
9485 9485
2521 2512
9555 2521
4305 2506
8981 2503
3803 2517
3638 2515
1786 2499
2744 2495
5053 2485
4591 8665
2811 3967
1872 2681
168 2678
4677 3474
1214 9951
9587 3441
6299 3425
1145 3440
2260 3437
3425 3433
3410 3429
3368 3426
2971 3423
2851 3403
5622 9698
5238 3402
6241 9541
4719 6971
9014 3053
9138 3973
6637 6637
9341 9341
6631 6631
3002 8739
896 6641
926 8239
3621 5840
8063 9543
205 8246
9627 2529
3731 8656
8648 9841
5601 1945
6767 3047
7085 9756
1887 3058
3342 9875
3103 3046
5979 9993
7051 9904
7391 6643
7207 2451
7020 2437
3166 6651
2698 6650
1263 2705
7182 4064
1238 2703
6984 2715
9027 2712
7853 2711
5345 2706
6475 2708
3066 2707
2712 2694
8248 7673
5254 8231
1261 7520
4320 7518
8467 7504
6302 7496
123 2525
3629 2523
2705 3890
5805 6180
1087 9981
9980 9980
2520 8512
2350 8508
8773 8773
6847 3480
3367 9815
9815 9819
9947 9816
6068 3497
5497 2635
221 2640
2089 2636
8136 2621
3589 2633
759 2613
2699 5061
2682 2632
8443 7492
3739 7486
8116 4068
8295 4106
8167 4124
7955 4121
7237 4102
1873 4095
7490 8872
1058 9962
4283 6946
3284 6969
526 6983
6855 6979
4674 6970
5368 9599
2499 9500
2370 9493
193 2710
7428 6640
3976 3976
4178 9994
1875 3914
1593 3883
4377 3948
244 3859
9407 3937
6924 3938
7910 3893
694 3892
4595 3868
3577 9876
6883 5046
5980 5064
2235 5068
8538 5039
106 5038
6642 6642
9504 9504
6536 9503
1525 9488
8831 4111
6671 4125
119 3085
7549 3086
6920 3084
3599 6482
2085 6481
6306 9257
9254 9255
9242 9254
9239 9242
5873 9240
4736 9239
9235 9235
1319 8380
4752 8381
7527 2780
2277 6460
6000 6461
1102 6457
4172 6466
9865 9854
1070 9865
7567 9861
4068 9856
20 9912
6240 6488
3865 8621
6211 8749
3484 6512
7818 4116
4397 4099
5669 4083
7777 4123
6587 4114
2399 4115
4083 4122
4110 4103
3073 4110
1045 4107
7766 4096
8478 8669
713 4097
3437 7704
1154 7703
6202 9750
6532 9835
1684 9829
2730 8288
6483 6483
2341 6507
7458 5743
5752 5752
2795 5742
503 6765
3360 6504
6653 6654
1140 6653
819 2666
5098 6503
2003 6493
7271 6487
2731 6477
2090 6506
7274 6499
4798 6478
6477 6491
2067 6485
304 6502
4709 6490
2610 5837
2156 5868
5244 5842
1602 5858
5837 5869
3530 5804
264 5828
8327 2544
1703 2564
9261 7700
2834 2834
2835 2837
5907 2836
1516 2835
9280 6465
1031 6467
1569 6454
6456 6470
8230 6475
6454 6458
701 6456
6472 6452
3633 6472
4859 6453
776 6471
8852 6473
668 6447
6284 2488
6754 2929
5241 1543
9862 9862
9106 9695
3017 9706
1896 9933
5653 9935
3489 6469
5475 3421
3661 9708
9649 9707
7817 9703
2334 9700
7989 9697
7575 9691
3157 9705
3697 9687
6849 9696
3422 3422
8856 9940
7792 9943
3705 9942
4818 9941
4733 3434
1978 1648
2121 1674
1674 1686
247 9483
7463 9206
4871 2804
2734 2734
2957 9949
6692 9991
4236 9926
5651 9928
7241 9929
6957 7674
2567 7675
4819 2696
3500 9945
9064 9656
3978 9658
8721 9659
5445 9733
2406 9732
7715 7715
8798 9731
9025 9340
2651 9345
6272 8658
8112 8668
8409 9339
6929 9342
3111 9343
259 9338
9572 9572
2641 2641
7748 9329
1052 1517
5826 643
9967 645
3194 613
1158 618
9364 9997
8229 3031
8843 3045
4057 4057
3151 7708
5969 7707
931 7716
9095 7718
9918 9918
3024 9984
256 6056
5270 9963
1870 2832
9472 2831
8366 3458
1782 3468
5400 3509
4490 3462
4439 3511
4399 3481
207 3498
5046 9344
7142 2020
1994 2018
4510 1971
4850 2001
5381 1994
589 2019
4526 1993
3942 2010
4410 1968
5764 2016
1697 1978
2857 9968
6192 6192
7192 7443
2580 7441
4371 7433
3090 3124
3124 3090
4905 6501
1234 9758
9321 9992
636 9194
9194 9187
6922 2830
6399 6441
13 6438
847 2471
4124 2481
6676 2520
5253 2480
3834 2680
3895 3416
8529 3395
6680 3435
1180 3439
2152 3438
9569 3432
9699 3442
2336 3430
607 8234
8462 8235
9797 9995
1658 2714
3548 6658
450 2617
3094 2526
7491 7488
9384 7491
5107 9507
1893 9508
9522 9489
1497 3081
8726 9880
9878 9878
1496 6505
1418 6489
7059 6486
1163 6480
7372 6459
1622 6468
9507 6474
620 9934
9793 9986
4959 7712
4495 9999
2790 9950
34 9996
6994 10000
9577 9998
