4873 9075
6805 8100
9520 9520
2020 9518
4106 9128
3397 9041
2071 9129
5356 8086
7830 9052
2807 8973
5791 9054
1171 9066
6745 6745
7426 9048
4552 9601
18 8985
7026 8974
3168 9053
5907 2835
1516 2834
2835 2837
2834 2836
8680 9519
2856 9347
5726 8042
9871 9070
3567 8929
48 8055
2454 8054
9372 8101
9119 9073
3200 6590
206 8038
4347 9680
9662 8096
8052 8052
860 8030
2286 9077
7318 9079
6903 9076
4210 9074
8962 8099
8568 8098
7831 9644
4500 8094
8927 3060
9917 3070
6373 8837
6053 9110
5368 9599
4345 3072
606 3059
5733 9603
1632 9604
4378 3075
2342 8088
7460 9723
175 9722
3341 9522
2688 3069
8547 9654
3829 9655
2725 9259
877 3054
9126 9126
5000 7589
8853 8853
5164 9600
1756 6582
9109 6592
2976 5779
9575 8097
8688 5510
2619 3066
5015 9602
9337 8095
7010 5944
6881 8975
7548 9078
3071 3071
3067 3067
1922 8964
711 6595
6589 6589
9348 9035
9754 8092
9912 6748
9650 5762
957 5776
7199 8041
9831 7146
5708 9136
6415 9072
5148 7924
7512 9605
3031 7813
961 8314
6120 8242
3702 3702
9162 9162
4460 9645
3288 8046
787 6579
5265 9047
7523 5929
8768 9071
77 6591
3855 5900
2014 8053
6592 9109
8966 8044
5920 7904
9778 8240
3767 9948
3747 5778
2226 7618
8756 9643
3077 3077
8090 8090
3369 8016
1376 9057
9710 9710
258 8039
5252 5341
8956 8956
5822 4573
5935 8848
8707 5521
5087 8018
9051 9051
8965 8965
545 5416
9077 9108
9121 9121
6746 6746
1422 8310
4344 6575
4945 7919
7581 8876
8427 7903
5095 8019
7244 8966
3946 8701
4052 7105
9124 9124
4999 8043
8709 8709
6538 7737
4635 9064
3198 5781
5747 3525
4302 5658
3494 9122
1392 8959
5921 7175
4502 9713
8960 5312
392 8930
6947 8309
5071 5303
7556 9946
3500 9945
4743 9947
8704 8307
3372 9813
2798 5904
8037 8308
6919 6587
7065 6139
5693 9682
4827 5418
2177 1714
5952 5780
8986 8986
5646 7916
8243 8243
5150 7736
3677 9104
6377 7137
9039 9039
3691 3691
5936 6130
3110 8720
9685 9685
1797 9686
6435 4437
8453 7814
8089 8089
6190 7898
3544 8048
1598 7889
5268 9579
2672 9577
6418 8706
5874 5756
9460 5901
1914 9042
5894 5894
4185 3074
967 9125
1699 9618
2897 8087
4239 5938
4862 5898
998 8028
9694 6389
2504 5419
1636 6581
5425 7961
3701 9111
3346 7923
9415 9334
5738 5769
5775 5775
3418 7812
3805 9022
1668 5761
1933 6580
6622 6622
9563 5513
1360 7234
1503 9284
757 5421
7648 6588
9771 6577
5281 5307
778 7967
6375 5488
7395 8037
9974 9974
7119 7119
8226 8226
6923 9977
4265 6572
238 7051
8652 8049
8985 8602
1436 7096
2021 6585
291 7482
7901 5313
5508 5508
4913 6756
9241 6596
9412 8026
9895 9735
8600 8600
8567 8963
5543 5773
5541 9509
4336 8717
4472 7781
4241 3526
9439 9439
66 8878
1542 9107
729 5308
8457 5391
6268 7478
4489 9294
8817 8093
6550 8997
4165 5763
2827 9409
9695 9106
7107 7107
2616 9063
6695 8877
8602 6140
4766 5314
2967 5774
2314 8552
1322 8051
2109 8715
4163 8113
3505 9025
3052 7978
5603 7912
5440 9335
6043 4321
3729 8102
7117 7117
4151 6747
7984 9449
6729 9268
6733 9432
2380 5349
3298 2461
3921 6388
8976 8976
8598 6578
7396 6773
3003 5755
3051 7881
6607 6607
5560 9020
7968 5514
6317 5522
9101 5511
3381 5507
9684 5504
1883 7166
5499 5499
483 9026
9252 4332
5699 4331
7828 7828
2749 5267
2637 7846
3219 8962
7899 7899
960 9975
6026 7873
6978 7601
1725 5766
831 6619
9757 5617
8933 7116
8945 9105
4772 7825
2384 9159
6905 6905
6739 6375
9804 8934
8930 7599
6384 3068
4443 5468
5759 5759
2456 1745
4767 5310
99 9277
7938 7132
6050 9447
4249 7867
6990 9081
1772 7121
6698 1713
4483 5555
2674 9080
5698 5698
4643 5754
1780 9280
2608 5298
7088 9285
7124 7124
7809 7809
8655 6576
5469 7122
5520 5520
7832 7142
1369 8869
7410 7138
6566 9029
3423 7738
8868 8868
1 7587
7937 4342
8808 9413
8668 8112
6278 9805
7253 2459
6355 7101
4088 9131
7136 7136
4707 1756
2283 7115
9596 9596
8735 8735
4264 5516
3353 7016
2645 7141
7138 7901
7101 5771
305 9021
4121 8714
3963 3582
8439 8703
2008 5791
1519 7086
1028 7082
1068 2456
8566 6834
9315 9580
2689 4583
6380 5265
2308 8311
723 2457
3863 4336
4515 3557
6474 5772
6463 9709
9125 1789
5567 3622
7572 9068
7157 6126
3537 7112
6361 9100
9049 9415
419 9163
7377 8040
689 9430
1736 5895
2889 9270
1273 9295
307 8604
4445 6911
6601 7139
1025 6594
8998 5501
9691 9346
6033 6033
9151 3050
1834 9451
3406 5392
2923 8756
5136 9416
1218 1784
1896 9935
620 9934
5653 9933
2389 9281
1667 5268
9944 4323
9168 7170
3027 7114
1617 8313
8887 9772
4557 4557
5946 8830
4780 5270
4234 3639
9078 6397
2721 9300
8201 7147
5942 9408
413 7080
3255 5517
3769 9435
7618 7891
6795 9027
6024 5547
9526 8846
8749 8719
1803 9712
6466 8879
5627 9058
8736 9283
4219 9419
2133 7075
4059 8850
4860 5408
6282 7059
1790 1790
4600 5398
1583 9315
6035 9316
1582 8800
2770 7694
2911 5697
8629 5692
794 5699
5009 5700
8234 5706
2144 5704
6488 6534
5899 5899
7606 7606
8081 6616
1640 8603
7727 8091
3811 5304
8340 9619
1233 9617
9934 8451
61 5903
7338 5556
9849 8036
6106 7062
6691 6691
3680 8713
481 8998
1662 7962
8961 8961
2962 9269
5082 5703
9461 5606
446 8458
9274 9274
4200 7811
7930 7104
2414 9050
6511 5475
9277 6672
8975 7550
4484 1922
4921 7118
3327 3049
6003 6247
1204 8025
8753 9320
9608 9608
4376 7163
5885 6380
7882 7154
2837 7135
7324 7008
435 4680
7900 3671
4847 5003
4292 3688
6159 7155
3379 7020
6286 5891
4858 7168
7307 4684
4141 4335
8113 3670
8068 3696
8728 3681
8049 3694
6911 3684
2832 3660
8959 3667
3686 3686
7080 413
7141 3680
3663 3663
139 3697
7993 3687
7845 3682
2368 3673
7871 4579
8902 3668
3672 3672
5091 3689
5097 5878
6066 3669
3724 5670
7219 3674
1909 7054
7401 3685
1373 5925
7508 4166
1511 7043
2829 4130
8552 4311
407 4131
153 5932
3845 4001
9322 4136
7541 3695
9906 3700
445 1767
2516 1876
7196 3661
2169 3646
7091 3683
3117 3574
2158 4132
4682 579
6134 4133
869 575
1904 3979
8387 580
2970 4038
7392 3980
1806 812
7069 4129
353 814
8 3991
3281 803
8224 4002
4492 1852
8287 3169
3989 3989
2505 3666
4268 4172
8280 576
9511 3373
5789 4408
3474 4173
3107 3679
9490 4609
1645 1883
2736 4139
4863 4140
6656 1885
7675 4045
3654 4143
1882 1882
7909 4135
4157 4157
5557 4610
1964 4041
9204 4611
1766 4144
3458 3982
2920 1875
2019 4046
5703 4042
8759 797
7185 1884
6685 4586
7676 790
7591 4171
6696 542
8999 533
4414 4018
3787 3172
438 768
6747 4151
7663 3693
2492 7126
5524 7009
8681 7144
7700 4666
7423 3796
8511 5674
1150 7048
9995 251
3352 578
43 1879
9098 288
6322 1880
5144 4142
4459 4155
4317 4317
8894 4315
5183 3676
3132 4163
2086 6374
1551 3677
849 4145
9961 7093
4612 4612
3992 3992
1627 675
6387 4159
112 6379
709 4329
1177 4862
7130 7130
2444 7165
1083 7167
6441 7164
4004 7049
3430 7011
2968 7047
6269 7153
9190 7133
1836 5004
4893 7129
663 7125
1705 7145
7418 4613
8802 3988
2165 4156
6371 6371
9497 5931
3995 3995
5306 3699
3662 3662
5629 3996
1445 4006
7916 6922
7357 286
9814 784
5274 1866
577 577
1924 209
3163 816
5672 180
6958 528
7874 7169
3562 785
6249 4656
8094 4696
2858 7127
9234 4312
8296 7024
9950 4345
7206 4319
6310 4328
7953 4340
3783 4305
4468 3664
5660 4310
2483 4338
4208 3678
4306 4306
1579 7067
4316 4316
8124 4337
3683 4318
7671 4339
8300 7087
990 5897
3125 4334
6485 6665
7588 7588
8492 5902
9328 4320
3413 4307
4194 7091
7131 4326
8455 7037
4330 4330
8024 7030
523 7028
7034 4327
8022 7095
6292 4309
8818 4324
1223 7026
8071 7013
4485 7021
4615 4308
6956 7061
1869 6605
9088 5669
6116 3800
4671 4671
2681 825
8708 7077
7066 7066
6248 7580
6295 7014
3931 7549
3937 4000
9253 5623
9164 3665
6519 5348
3966 7079
3100 7171
5214 1851
873 7031
8851 7018
7613 4694
5159 7010
7483 7745
6232 5668
5119 5277
4657 4657
5893 7053
1124 7073
5322 7131
7723 7723
7667 7060
8583 7068
5953 7088
2991 7092
2248 4313
8994 7017
4352 4207
4969 5338
2479 7070
5633 6542
9326 5890
2383 7072
9266 7027
3908 7140
5498 4322
6424 5927
4452 4005
2915 3571
1047 4141
530 5930
1459 3575
7599 4585
833 4698
7822 5926
3061 4677
9346 4685
3892 4344
8217 5275
3230 5667
6364 3692
8123 7065
3894 3798
5443 4414
1738 7152
5347 5347
4160 4160
4337 6671
7969 5928
2613 6670
6060 5671
2693 6136
4162 4162
9087 7702
6219 5636
7823 7012
4549 6669
5199 7725
5571 5672
7116 4158
7782 3162
8840 1860
4724 699
3512 1748
1868 1868
574 805
4598 772
3159 3159
813 813
7544 526
1865 1865
5149 1878
525 525
8520 3329
9050 3365
4774 7052
9902 7022
5790 7025
7029 7029
3925 7094
3707 7100
7208 7019
2291 7111
5540 5673
2593 7057
816 3163
6753 3326
4159 6387
1198 4138
1469 4137
2557 1888
8359 7015
7158 7158
3271 4455
6345 6345
7134 7148
1478 7149
5892 3698
2847 534
3141 3141
2873 1873
4501 4598
2036 5446
4599 4599
4493 4164
1686 4341
5167 7819
9751 7128
6860 5006
2943 7561
3217 7046
1512 7678
3689 7885
5877 7769
4984 7998
6410 8241
4193 7098
3781 5005
9765 6666
1027 6385
8743 4935
9017 6152
2683 7045
7586 7586
317 7042
410 6373
3979 4168
3147 3560
6618 6618
9429 7023
916 7680
2797 4608
2056 3158
6040 4134
6101 3155
8122 3144
3611 794
6629 7102
3435 7896
6457 7541
938 5339
491 4343
9482 7918
2267 7893
6830 7103
3795 7040
8198 7039
4258 5317
6323 4044
3675 3675
191 7761
6645 442
6667 6667
6518 7150
9047 5351
181 5957
9564 3139
5684 6370
8499 3364
8051 6668
9993 4174
700 700
762 365
8377 3160
5929 815
65 3148
8357 3149
9880 3981
2519 3990
4507 419
8727 8245
9602 170
5034 7076
6063 7074
9603 7156
7063 7063
7610 3305
1695 6384
1702 6390
9848 4471
3820 3135
3596 7113
7894 6246
8804 7684
4053 7872
7824 7824
4802 8227
4050 4667
6762 7895
7844 7844
6061 7746
9800 4333
7682 7682
3448 7038
6464 3997
8438 4003
5970 3152
6 3177
3370 3370
3213 7151
6764 1705
3572 3647
6445 3645
7283 4011
4085 3552
1888 5350
3676 7585
341 5621
9129 8987
9631 8597
9430 5619
9810 1907
348 1747
3924 3891
1412 4273
2146 4800
5813 5318
9581 9581
3728 8594
9271 5622
5007 5007
8191 7106
9756 7085
4645 7071
4701 7906
7826 7826
4266 8599
8593 8593
1943 5002
1231 8595
2339 8591
9104 9583
3033 8592
9561 9582
9061 9006
5124 8207
5872 1524
8601 8601
7601 7907
4466 4325
6907 7908
210 5896
3347 7858
5788 7050
2155 244
5424 7069
420 5297
3373 3983
8202 8202
6129 6107
1692 4575
4247 4161
4815 1917
8086 6134
956 6132
5468 4595
9269 5922
8491 4605
7411 6135
8267 6133
5387 527
3593 710
2001 701
2691 3576
3231 3167
2480 3138
2596 3166
1334 789
2044 1858
475 727
5189 775
707 707
9708 593
4028 3589
399 399
3399 6131
1371 4022
9777 793
9441 4395
9580 7537
5546 3799
225 7543
9089 5730
8059 6395
4327 6281
3694 7535
5394 7536
1275 4571
5871 7555
5504 6325
2473 6381
7538 7538
2392 7157
1295 7556
6086 6086
6012 7837
7810 7810
3873 4031
1240 4147
4189 759
5470 4398
6245 6245
170 7567
7966 7966
7695 7563
4077 4463
5609 4533
7480 4442
1981 4534
367 4488
4639 7964
293 6248
1846 7965
2626 7969
6817 6249
8263 1952
7963 7963
8083 8083
1550 4477
9081 5993
4535 4535
7249 4476
9966 4451
7451 4536
4422 4422
748 4478
1310 4596
959 4397
5029 756
4941 4537
7726 4396
3295 5790
5724 1775
8211 5679
3386 5628
6255 7615
4803 5683
6669 7600
791 3551
6560 4480
5367 5367
6741 5523
5301 5301
9013 5524
4321 1730
4504 1726
4074 3774
8486 4399
3947 5439
3933 3793
4628 1731
5437 5437
1590 5281
5282 5441
2468 5282
2548 5433
3380 5366
3875 5404
9737 3704
4326 5435
5438 5438
2924 5495
5288 5288
5264 4352
2024 5493
9312 3705
837 4481
6785 5440
7816 5529
8931 5436
5410 5410
1843 5287
9674 5530
9086 1728
6009 5306
6859 5494
9661 5464
5988 5456
7975 5264
7021 5427
825 5401
2592 5428
5043 5467
7163 4153
4769 1772
585 5305
2939 5461
1285 5385
1762 1762
6395 5452
3429 5383
6465 1766
7785 1857
425 5466
5477 5477
4301 5458
6121 1732
811 5434
7361 5280
233 1904
5040 5478
5418 5417
4571 5445
3338 6080
4093 5531
5171 5375
5527 5527
1574 1864
5449 5449
4835 5425
3179 5426
677 5463
2197 5364
1411 5526
51 5272
5549 5549
5812 5327
2229 1915
7547 1906
8018 4353
128 5402
8631 5443
2794 1920
3750 3750
8447 5284
8599 1729
7089 3537
5465 5465
9858 5276
5374 5374
5536 5536
1934 5678
7282 1914
75 254
518 1706
6614 5368
1908 1908
3951 4516
8782 5263
2058 1806
6545 4474
5616 5616
5405 5405
2813 5371
3991 1709
4476 5397
741 1724
5686 1801
6959 1773
8010 5400
1258 1743
4822 1695
9033 1774
992 1791
9829 1891
3467 1918
1573 1744
7223 1782
3477 1719
2028 1895
1916 1896
4037 1781
9174 1901
9772 1786
3986 3986
27 5403
6877 5422
56 5283
835 1899
4457 1799
2233 3987
1086 1909
1761 1761
1733 1733
6059 6059
1903 1903
497 5431
9792 304
1921 1921
8609 5518
8715 5476
5895 1736
5734 1707
7174 5377
24 5605
5382 5382
6909 5376
5675 5369
2883 5363
4997 5395
10 3577
5550 5550
5807 5492
7467 1912
4240 4449
4679 5961
2376 6077
2649 5969
7475 5482
8259 5455
3784 5396
8006 1708
5517 1900
4039 1697
793 5406
3427 5723
1479 1913
5644 5644
4613 5643
7056 5291
3659 5490
4329 1902
1911 1911
6270 5290
5535 5535
8254 5539
3153 5647
7343 1760
7773 5646
5933 1763
7590 6124
5974 5974
369 5331
3267 5654
2247 5481
8503 1898
7756 5680
8739 5542
4419 5543
5552 5552
5302 5302
5648 5648
6098 1765
7739 6142
1874 4152
1246 3556
1731 5651
1817 1817
2115 5378
6620 6620
8984 5381
2103 5541
3627 5540
5836 6571
208 5681
1199 5768
5725 5725
1552 5330
3292 4165
2434 5726
5743 6138
4792 5685
9100 1771
8741 5977
2532 3709
3464 5429
4328 5653
9308 3954
3331 7928
5926 1741
9370 6111
4946 5299
8769 1757
1685 5908
6535 5551
6331 5407
6182 5649
6716 5442
3642 1779
7802 5394
2831 5469
6079 6079
8862 5444
4911 1821
8562 5693
8386 5462
7524 7524
3303 5714
3789 7463
1611 1803
3011 6076
2530 5707
33 5324
1704 1704
785 1696
9735 7799
5605 6078
8043 5470
4563 1702
865 5544
8496 5534
4453 1787
482 5496
8762 5497
7641 5909
331 331
94 3555
4845 3561
5457 5457
5954 5656
6359 5767
5472 5472
6148 5386
9187 7526
1897 1897
8484 8843
9622 3550
5720 5720
9244 6129
2285 5655
720 4461
5588 3292
8108 5502
5379 5379
3685 1815
371 371
9310 5503
4450 5373
1679 5765
4963 5652
2243 5770
144 4360
202 6065
9172 5686
5311 5311
6135 7930
4382 5370
37 5642
8134 1788
8261 5525
6304 3584
5604 5411
286 5713
8362 5412
5973 5973
1811 1811
9826 5684
7402 3558
7346 5285
5432 5279
6473 1698
8969 3776
9275 5471
3881 1894
991 6112
3776 1699
1769 5409
7529 7529
2025 7929
7326 5728
2849 7605
6677 6574
1144 5322
7623 4418
5316 5316
1626 6100
5496 6068
2786 6095
8039 4607
7363 6097
4260 6117
535 7801
4980 1924
4385 7033
6417 6066
1417 5321
9931 6064
6374 6093
1515 7759
5659 6063
3250 6071
5466 6094
9290 6098
1800 1800
2590 3775
2535 5979
5427 4485
252 5557
9058 5627
454 757
761 761
1984 7797
7233 5666
2817 758
8881 765
8101 4460
2256 4484
14 6706
6915 4196
3696 5537
7019 3536
5991 3580
8996 5380
1718 1718
3714 3714
3788 5424
7137 5716
4098 6753
2859 5663
5849 5372
1134 5920
3586 3586
4279 372
7053 3581
2758 6043
1947 5286
7709 5473
706 5293
3093 5292
2793 6584
5296 5296
1466 5479
8717 6075
6611 5459
866 5662
3650 6108
9592 4362
1513 6414
8521 7523
2450 6019
2534 5460
1517 3553
6072 5399
8077 5919
2944 6067
2000 3751
6294 7328
2315 5365
8510 5980
7543 6127
5471 3752
7203 7203
1335 5962
5266 5266
8487 5959
1776 4604
859 8059
7220 7220
370 7346
8464 3708
7109 5956
3960 7206
3114 7221
5631 7211
2639 3707
9855 7222
8500 5260
3907 7338
6064 5072
4633 4633
639 7216
8972 7225
3462 7223
4593 4926
1006 7298
7330 7330
1309 7308
1107 7342
7332 7332
3265 7347
8098 7218
107 7973
5030 7295
7584 7372
1475 7210
5940 7331
4042 7958
6609 7296
87 7339
7655 5414
2910 5918
5976 5976
5625 5625
9530 8168
3613 1735
6321 1919
5444 5645
1759 1759
5277 8915
7393 7393
470 5971
1351 6543
9617 7217
212 7226
5968 5968
5923 8166
773 8180
8157 8173
2327 7348
5913 5955
5305 5722
9983 7469
7895 4198
5324 7470
5800 6701
6542 4515
2032 6114
1399 6115
2846 5389
7205 1776
7711 5390
538 4154
9354 1816
8490 7843
8065 5355
10000 5538
3278 6704
2767 3690
514 3710
7995 6520
8007 6032
9671 1923
5558 5558
4390 4390
6392 3578
8424 5724
7602 7602
3242 28
5793 7914
9028 5328
464 6564
5422 7224
6082 4167
2509 3993
7534 4010
2317 1925
5715 5715
9188 5500
4987 8852
5912 8831
7570 6240
1274 3554
4257 5631
1919 3567
7129 4528
597 1822
5352 5352
8970 5343
9117 5964
6703 6703
789 5785
6797 5721
2574 5269
1754 5694
9057 5342
7022 6573
2550 7773
6694 6694
7896 6696
4224 5337
643 6697
9690 4886
7796 7796
5697 6698
1446 7774
839 5719
1823 1823
2992 5345
7775 7775
4152 4887
2151 6702
1543 6243
3178 7777
8988 4417
1042 4433
8594 5941
940 1892
8967 4421
6597 4419
6495 4434
6890 4413
8761 4423
4227 4483
582 1890
4420 4420
4929 5935
2512 7036
2023 8000
1368 6528
4415 4415
1861 5970
2207 7594
3635 5948
499 5942
4475 4436
1123 4431
2617 3712
7038 4937
5943 5943
8678 8011
7281 4439
6561 7197
4739 5577
4644 5415
5711 5711
1270 8006
7731 5710
409 8070
5615 5615
8107 8071
1307 7229
826 8072
9180 8074
9332 5677
2594 7732
8440 5657
3419 5569
1683 5939
3882 5608
6576 4412
5824 8012
6348 5940
3536 6526
4416 4416
9334 7462
6276 8888
1364 8033
2878 8027
90 5326
3054 7993
9688 4424
5570 5570
4663 5001
3272 5560
6964 4427
7149 4574
4547 5579
1757 8034
8099 7991
9424 8889
6383 6383
1197 5872
5607 5607
2470 4148
1739 1739
5563 5563
7794 7728
8686 4410
4573 7727
6308 4429
7992 7992
5680 5613
8137 6593
7979 7731
6287 5609
2597 5575
9493 5578
7932 7729
4788 5614
7730 7730
5585 5611
4586 1738
2515 8980
3080 5594
7365 5610
8135 5571
3712 6925
5918 5580
9408 4426
676 5590
1498 1793
5709 5709
3328 8023
7994 7994
2201 5712
7596 7596
6862 8005
8015 8015
9325 7480
5027 5936
2789 4584
6547 8076
4425 4425
2174 8007
2485 4580
1133 4432
7856 5905
7699 1949
9403 9024
5617 7597
9913 8009
7004 8029
4340 7616
5949 5949
6242 6242
5780 5952
7083 6749
6039 5954
8886 6754
695 4428
1546 5589
7235 7235
8495 5934
1694 4464
6871 6244
9927 6241
6432 5576
771 8020
7211 8004
9845 6750
8626 5695
2604 6751
5769 9023
666 7483
7473 7473
9300 7474
8436 5640
8318 1837
6831 5641
5096 3583
987 4430
8693 4435
2931 5584
2517 8013
2647 1893
2717 6141
8719 3713
2768 8978
1013 8003
4922 8075
3640 5588
7964 5945
8075 5933
4877 4441
4440 4440
4498 4498
9423 4438
130 7608
105 1769
2825 8885
1029 1749
5964 6530
197 7610
9297 8056
404 8084
2819 8085
1876 9083
8557 8416
4155 7990
8275 7935
627 4411
2419 762
1269 5601
3186 3186
9045 9045
4578 4578
1054 9082
5757 5757
5649 5758
8657 5567
8047 8047
7106 5783
9590 5784
1228 9014
5249 8836
8035 8035
9576 8111
4334 6755
6752 6752
240 9019
6315 9061
4958 1950
4169 6674
5353 5353
1734 1734
7481 7481
3481 6531
1296 7530
8001 8001
6788 5553
5289 6084
7635 6113
2421 8078
9930 6510
3753 3549
9258 9258
6522 9457
92 7988
5483 5483
2387 5561
2999 4367
2679 7999
7913 7913
760 760
2747 7802
5832 7679
5505 8854
9861 5661
8916 8916
2417 6378
5626 5593
8014 8014
2098 5572
3651 5325
5681 208
5906 5906
1724 7304
8441 5624
1195 5689
8893 9516
2469 4409
867 1810
2187 7534
1208 1828
4602 5664
9786 7533
1350 7553
4713 5802
3645 7557
8874 8874
2335 1727
3679 5487
1073 5950
6766 6766
8066 9132
6034 5951
5766 5946
3735 1808
5419 4518
7854 5430
1022 5676
7799 6762
5958 6364
7388 8031
1661 8300
2821 8301
4981 8296
295 8302
145 6106
4534 7134
4821 7807
3203 7090
1470 7041
4158 9102
8003 7143
8095 7161
5962 3173
5967 5967
5634 5947
9689 3978
8132 5498
5491 5491
5489 5489
7869 7869
6661 6661
3426 7722
9473 3998
5112 5346
7210 7568
7564 7564
7175 7565
3669 7581
8765 7539
8955 7569
4125 7570
3268 3701
5019 5294
7553 5691
565 7558
594 5602
9247 5274
7912 5603
1049 4523
3557 4009
1737 4012
7433 7410
5545 6250
7603 7603
4428 6153
9148 5789
7122 774
8611 1840
9515 1871
788 788
8242 3301
8448 800
1723 1723
6401 795
903 3287
3719 792
6782 1853
7345 804
4789 714
4150 4150
7370 5978
1483 5985
9773 4526
1915 7548
1672 5981
5982 5982
4512 4522
5656 4506
6856 4473
4540 4457
4650 4530
3391 5984
8350 7208
5937 5937
1514 4527
8174 7733
3822 7409
7881 4497
3126 4450
4517 4517
4725 4459
1972 5320
4314 4314
4030 7344
5548 5548
3128 8022
1735 7996
6514 9015
8178 8178
618 6366
7028 3151
9658 6009
255 7381
2773 7352
5692 4695
9038 7340
4361 4361
3690 5786
1185 6119
3487 3170
3154 3154
5654 3192
817 817
6344 8073
6056 7199
7815 7354
4841 6515
829 5975
6706 6675
3742 5665
6901 6128
1166 1861
3371 3371
7160 7160
4703 7120
5678 6089
320 6570
5154 1854
6341 250
1758 3174
4868 5966
6349 441
4122 713
8919 201
8697 3327
1855 1855
6728 1874
3666 3346
5246 1869
9398 786
5881 1870
3293 3293
3832 6418
6738 3794
3053 7572
2125 706
3637 7172
1149 1746
5262 801
1641 7764
3424 7860
5987 6711
5618 5618
6832 6710
1594 8032
1098 7173
3256 7683
3376 8298
675 7817
3395 7816
5551 9065
8750 9056
4307 5309
8236 8589
4076 8108
8203 4570
5384 5384
8947 8881
83 7476
4373 8045
1488 4356
3009 723
8786 4357
6215 6699
1450 7779
2330 1802
2459 8917
830 5319
3469 7721
3492 7720
5132 5638
9578 7975
6678 4402
7991 4404
1963 4401
5399 4405
2253 7974
6462 4406
4471 4400
7706 7971
3684 4403
4407 4407
528 7987
5348 5295
8284 5760
3722 6092
9679 7884
6496 1751
1603 1785
2128 5917
6180 6516
2119 5545
8005 4576
4518 5921
4015 4015
4072 7841
115 7467
683 6700
7842 7842
84 7852
2503 7847
7145 7693
5186 7875
4577 4577
7850 7850
1655 6646
2926 6394
4605 4544
4035 4035
6330 535
4491 537
1540 7827
362 5448
1356 531
8060 8060
3616 8918
9285 5983
9494 7343
2349 7159
5525 6676
4128 5958
5960 5960
5240 3286
7877 7387
6533 3353
4659 764
6835 763
1926 5323
7340 3548
5765 3545
1534 4549
628 7345
7144 4915
3064 4927
5035 7389
8784 7368
7375 7375
5884 3171
604 7392
4729 7321
6650 7388
9289 5718
9484 8999
4627 9016
3604 5708
5068 9017
8228 8891
6787 9018
1842 3150
7718 9005
9916 7751
4975 5733
6370 1650
3573 4486
5227 5912
2916 1834
3195 738
808 808
9426 7547
3307 3307
6037 3309
6586 7479
4708 8825
6943 6598
5981 3659
3083 8596
3349 7780
8880 9043
7288 7894
8371 6048
329 8841
7358 7064
6878 7540
4626 9046
6705 6705
8575 7997
8278 6018
7386 4581
2753 8110
9884 8008
4167 6924
6873 9067
7484 7484
4012 6143
9026 5690
3526 7044
7981 4013
7511 7911
9654 6392
5966 6125
1707 6110
5762 8299
927 6600
3457 5356
8237 5357
7139 6601
9517 5354
2478 5682
7753 9030
715 5559
7528 7528
5217 7740
1623 7739
3574 7741
8127 7742
6214 6367
2867 7327
7360 7758
152 5278
7385 1712
1841 7349
7329 4469
6393 4503
4524 4524
5691 499
9291 7803
8131 7686
3535 524
4132 489
5061 538
8304 529
8215 3315
9486 435
2037 530
6389 540
4465 770
5434 811
5479 9001
5647 8169
5307 4169
546 6419
1277 7219
7369 7369
3225 4896
6468 7613
8905 4897
8348 7378
4695 7185
1968 4911
7736 9031
8720 7365
8803 7379
2980 7902
5860 8063
9667 3984
6025 3985
7275 1863
2754 9156
6730 8835
5882 9611
4038 7607
5365 5420
7687 7687
165 5995
5242 1862
3823 1841
8064 3335
2486 810
2541 7808
5145 3143
9673 6377
6646 6376
3276 791
7875 7370
7724 7724
3001 1881
9055 9055
1819 1819
127 5512
3155 6101
1775 8067
1023 8950
186 8954
7412 9161
1229 6104
553 8960
6296 8958
2240 6102
2134 6103
5972 7472
9044 9044
23 9028
6177 8244
6356 9134
6176 7890
9615 5453
2160 5360
547 6714
4820 7109
2153 5519
7291 7032
8307 5595
300 7822
4603 8050
7381 6583
3518 9123
6824 8957
9449 8880
8053 7545
7351 5546
9863 7466
6771 1764
9946 6707
456 9059
5024 9049
3234 5484
1721 1721
5059 7527
4259 5953
4117 4452
3600 7776
3455 5632
4747 5432
1302 9012
5685 5423
2692 1905
1604 7182
6946 7233
1137 9610
1317 6611
2182 7123
7146 5358
4454 4454
5628 4548
3106 4547
1385 4519
6819 5892
4944 3563
6556 5701
9827 6647
7469 8289
3358 8590
8536 7920
3857 4582
3165 3165
871 7701
2002 8932
6908 3564
6649 6649
7422 8931
4870 8024
4424 8017
6790 5893
3243 4538
5746 7236
6784 4521
418 6521
1928 1928
5271 5271
1460 4047
1647 4700
1224 8855
1634 9348
8352 9646
9621 9650
5914 9640
2514 9652
5113 9648
288 9952
5700 9953
5146 9647
6487 9651
9954 9954
4032 9972
251 9649
9956 9956
7366 7681
3670 7228
3318 7475
7600 5650
4298 4298
5370 7390
5763 8177
5036 9141
6267 6267
5102 8062
4936 7373
6914 9160
3060 7183
4080 6003
7090 7399
6020 7374
53 1877
5442 1725
9949 3383
634 3321
587 7405
1015 3711
5126 7231
4392 7230
9521 5729
5750 7360
195 5629
7371 7371
7568 766
9835 7765
3711 8065
9532 9157
9155 9155
696 9724
3996 9613
4363 4363
8963 7933
7838 7386
6119 287
2909 16
8836 200
7811 702
7225 246
8532 24
2981 7402
7747 7747
8989 4891
9977 3317
4462 4462
8341 4008
1464 4043
5842 450
4525 4364
1305 3797
1717 1872
9356 3380
5078 1867
5984 459
9339 401
1559 1770
9697 3157
2251 7366
1257 6082
3800 6253
3175 3175
8276 4505
2994 6083
2702 3568
8019 6656
9139 9539
1669 7004
505 7726
1357 7815
8106 8106
216 8303
9550 9550
3810 9544
4874 9552
2771 9540
7382 9554
310 9033
1518 9564
7045 9553
815 9565
3277 9562
541 9536
9570 9570
21 9158
5346 9557
9137 9137
6198 8832
1139 9569
8139 9551
9818 8319
9158 9545
3387 8107
1165 9573
2707 7353
7150 6304
1970 9032
6091 6091
7650 7385
9034 9034
9763 5994
7322 7322
337 6085
9727 9727
8105 712
4233 29
7181 7181
3915 7531
7577 7554
4561 6396
7234 11
8828 9964
2300 9538
1201 5626
8949 9563
3332 9561
4431 8068
7943 1931
3008 807
5869 5830
9278 8304
919 3156
8554 6603
5192 3153
3519 6617
150 6005
5880 1783
9981 1824
2065 1818
5338 5515
1167 1792
1576 7689
513 7677
443 1805
6633 1804
5123 4552
1637 7856
7643 6547
1548 7782
7878 7878
4646 3374
7530 4572
6124 7542
8477 7055
5140 6599
651 5764
7744 7744
2755 7977
260 8021
9130 9130
7962 7886
6147 8827
3737 7804
6953 9318
1419 4286
9317 9317
2042 6446
1406 5591
5065 6757
9331 7887
9509 8254
5485 7614
9666 9666
6765 7968
3813 6031
6368 6368
4606 4606
6823 806
3706 3706
4242 588
4817 821
292 210
818 818
3014 4614
822 822
4616 4616
3507 4629
6720 4288
712 4619
3300 4651
4351 4351
81 3609
3595 3595
9245 4621
1024 4239
3384 4243
4662 4662
7741 4636
201 3612
4384 4384
141 3608
1563 4652
8997 3613
4623 4623
8824 4392
9019 4630
820 4199
2791 4270
8382 5121
3118 1575
5074 5120
1877 4670
2954 4620
605 1483
3344 751
536 4250
7848 4650
4642 4642
3042 4635
1374 4210
3023 4244
7920 3762
8810 4229
7633 5192
9644 395
5295 4206
9029 4297
969 3743
4188 4188
728 4222
1299 4632
5658 4625
4252 4184
4202 4202
1012 3739
6237 6407
511 4615
4282 5289
1413 6408
4209 4279
4895 4895
7373 4203
1989 4218
6600 4205
9686 4247
3839 4178
6097 5122
5116 5124
7532 5191
4276 4946
710 5127
2606 7794
5128 5128
116 5126
721 5132
3252 5123
566 5253
9758 7790
7579 7789
1620 5125
3438 7788
660 4963
5806 4646
9279 5224
5503 8427
4978 4978
5473 4215
7787 7787
8269 4941
4843 1599
4686 5151
7293 5249
3641 5250
2280 5252
5114 5114
1393 5241
9382 4258
680 4942
8383 4945
3546 4618
8896 1593
7121 5234
5155 5235
3236 5230
9579 5238
4948 4948
469 4981
1522 1522
9232 4951
3660 5881
6083 4924
5076 8443
9568 5089
3879 4959
180 5187
8378 4949
2700 6162
2015 4956
792 7668
9142 8186
4943 4943
8888 5218
1523 1523
8677 4966
600 4983
9209 4622
8145 8145
3934 5885
3396 4989
5888 5888
6216 1847
1958 5882
5928 4990
2490 4637
9864 5233
3542 6160
7781 4960
2292 4944
3561 4639
6531 4980
9250 5245
9352 7653
2614 6294
5099 5099
9231 4979
7598 8386
8155 7630
6093 8185
5989 4638
4568 4974
749 8420
4962 4962
4952 4952
7732 4934
7698 8385
6271 4965
7632 7632
3251 3959
7628 7628
8073 5206
2772 7651
9787 8150
3148 5221
2274 4950
5670 5102
9003 5251
4754 8434
9091 7631
5784 7636
9523 6157
7037 8455
4447 8140
8794 8794
1962 6158
8755 8755
1675 8142
2777 8541
3814 5236
2346 8146
6627 8141
4339 8143
803 8746
8072 8762
8653 8754
2778 5170
9985 8761
917 8679
1586 8791
9182 7634
8819 8792
3402 8802
9591 5205
2757 8817
9284 5174
4973 4973
8162 8162
9347 8793
2227 5186
6084 5189
3189 8389
6521 5164
3612 5161
9973 1582
2715 1592
4111 5088
5259 1596
5104 5103
3150 8392
5269 4991
4953 4953
4951 8445
2759 4972
1651 5148
5229 5229
6921 1587
8656 1588
4090 5156
3961 5101
9301 5146
7071 5887
4647 8437
8260 8391
4456 8419
7673 4954
4900 2941
5910 4947
1035 4955
184 1572
1591 1591
6937 5086
7079 8539
2572 240
892 1598
4191 1584
344 5150
7885 5091
4988 1600
2963 1579
3938 1583
1004 5145
7861 1585
103 5167
7958 1594
38 5144
4335 5016
1808 5019
6763 1589
2449 5152
5153 5153
7928 5163
2288 1586
269 5157
2658 7643
4839 5244
2913 5087
2007 5228
7765 4964
8425 8425
7242 8137
326 8149
3501 9168
5073 8816
4957 4957
7221 5093
4173 8433
7745 5203
405 8559
8452 8452
2804 5117
9921 5171
3944 8435
5620 6252
2188 7662
5133 5133
7103 4591
9896 5098
8153 8153
5207 5207
8545 5211
7487 9305
9097 9097
9874 8612
8816 9312
986 7768
1072 9098
479 9091
9099 9099
6896 7627
4205 5160
7070 5158
7494 5172
784 7637
6150 6150
5722 5135
7216 1595
8154 8154
7502 8266
2425 6151
8515 6353
1537 5149
6047 5143
1987 7655
9887 5013
3390 5226
3375 6149
8062 7645
5845 5214
138 8555
7482 8383
8518 7414
4186 9638
4213 5219
4940 5242
4934 5029
6155 6155
9969 4879
7841 9306
8543 8543
8147 5104
1779 8459
679 5213
1625 5202
8781 8540
772 8502
6774 8708
3432 6156
6141 4975
6991 4995
5178 8560
1490 5115
9573 5255
7252 1602
3870 5140
5251 5166
6001 5169
6404 5165
2054 1603
6761 5108
455 5200
3452 5246
5785 1574
5022 1590
9093 5116
6567 5110
7046 5884
6469 4994
7462 8573
3468 8444
9167 5193
3104 5137
1160 5136
1577 1577
358 5199
5212 5212
8144 8144
2379 8161
7769 6159
8760 8760
6440 7444
5636 8441
5554 8440
209 4967
8012 8544
5342 4961
6427 8159
351 4992
8516 8516
1740 5010
6644 8448
5180 5180
275 5257
8398 8398
2836 5096
6164 6164
4918 8631
9503 1525
8150 6349
7 5095
8535 5119
3988 6348
2329 7791
3644 5179
8544 8426
1280 4970
4226 4641
6290 5222
1416 5023
6311 8575
7133 6163
9260 8561
7399 5094
7674 5112
3245 7412
7049 4996
5090 5090
9256 8131
3144 8122
7665 8124
8920 8134
4749 8126
522 8123
7260 8127
1067 8133
19 8136
8146 6763
8421 8421
6876 8130
9743 4600
9867 8135
214 8129
6160 8125
5731 8132
8128 8128
6979 8428
9782 8423
3619 8120
3668 8424
8498 8498
8752 8752
8422 8422
5502 8121
8974 8464
2853 8430
5017 5017
2809 8155
5198 5198
8031 4971
270 5106
4669 4997
2131 7654
5878 5097
9717 7635
324 5085
5100 5100
8917 5154
1998 9169
7616 4220
708 4624
5208 5208
6411 6411
891 8447
2886 5162
9456 8184
8830 7623
5744 8116
3357 8480
308 4863
8388 8388
126 8387
3948 5217
2536 8449
8033 8457
2670 8147
4664 8439
1471 8499
6210 8152
980 4982
7506 8616
4119 8727
1184 5201
537 5022
850 8812
9048 8436
9011 4647
3610 3610
7515 8394
8839 5109
2925 5011
5222 8156
9365 4986
1162 7592
3415 5009
3443 5223
7923 3763
5951 1580
1458 8628
9371 5243
1210 5130
4046 1576
4308 5131
6209 7652
5315 7633
2255 5227
9856 8632
6228 1527
5026 5026
8473 8473
6670 5254
8305 6188
5016 8454
9885 5220
5781 5092
4625 5118
5555 5209
9458 4909
5740 9092
7125 8438
3439 6361
5168 5168
743 8578
6252 5232
744 8721
8315 8315
9448 8804
1329 6287
6603 8554
5786 6269
8580 8814
5121 8382
5181 5181
3040 8788
7580 6161
4006 8564
5 5183
4286 8395
6413 5020
9173 9173
3444 9172
98 7642
2281 7670
3221 7666
4168 8465
6794 7638
3539 7625
323 7671
1545 9766
8556 8556
1001 7641
2215 7640
6340 5032
372 3965
5108 7629
2785 7644
5280 7648
9736 7646
8634 8634
2427 7647
9841 8648
1566 8647
4270 8653
4079 8642
6944 5033
8718 8819
9179 7621
5904 8818
8701 1533
7866 5034
133 8646
8636 8636
9628 8649
8650 8650
7389 5035
6015 8640
8635 8635
4665 8652
1118 8820
8445 8641
9533 8495
9938 8728
6682 8757
4648 5215
4554 9327
9805 5012
5712 9304
648 9307
7072 9763
6343 7650
6171 6171
7030 8402
8644 8644
5257 2979
7758 5105
5173 5173
735 735
6643 3962
7313 5247
5239 5239
7287 5197
5248 5248
9891 8163
2905 4626
7770 4659
2051 826
9842 4648
8639 8639
3554 1601
2722 5886
4992 482
909 4177
2106 586
4637 4214
4201 4201
7497 4189
9144 591
4530 589
4285 4285
4968 4209
2993 4191
4418 6148
8676 3592
8355 4998
9105 233
5202 9314
7607 8750
4791 8549
5566 8577
9963 5889
4572 8548
5001 9313
1020 8187
8266 9328
4296 9847
396 5142
3177 8318
3945 1597
1390 6284
5216 5216
3622 1830
827 5024
5141 5141
4705 7767
563 4643
9955 9797
8404 8404
8250 5256
4100 5014
9273 7658
8161 8624
9299 4246
1993 6410
8549 4237
4278 6351
4661 4661
7837 8689
2391 6413
7087 5177
6008 6008
7347 4181
2664 4219
4263 4263
3317 3742
6551 6073
3273 4627
907 4248
6879 6597
8666 8261
8873 4264
9594 4259
4654 4654
7312 4226
9433 5817
4508 4266
1549 6415
8460 8460
7457 8550
2676 8450
1967 8815
7334 8785
9799 9799
7416 7416
432 8704
8705 8705
2640 8725
9660 8629
1407 5184
8456 8456
6133 8606
5032 5210
8684 8692
5232 8787
1225 3611
4295 4295
8130 4393
4355 4355
4179 4179
6274 465
5025 5025
5509 8535
4094 8393
6229 8397
2598 3768
8605 8605
5196 5196
9836 1844
2868 5008
4838 7240
5175 5175
1426 2138
6897 9903
4182 4182
8813 8813
7764 4039
7270 4204
2558 7239
8570 7624
5147 5147
5182 5182
120 9843
9531 5015
3244 8625
2956 7445
7934 7934
1487 8491
350 4185
1061 4359
7589 5000
8171 7757
7153 4216
6250 4232
6011 5129
4898 4898
1929 1929
342 6166
3232 1930
79 6170
2625 5825
7111 1953
7594 6167
1237 6168
447 6165
4976 4976
7705 4253
4494 4653
6136 9637
4256 4256
1680 7622
2145 2531
7172 50
8264 8264
5157 8702
2012 4347
8738 4631
8861 9170
9869 6154
9897 9311
462 9309
6515 3721
7627 4200
477 4146
763 3767
3579 887
1572 216
3502 202
8716 1038
4584 418
42 42
5297 420
3238 769
9434 52
60 60
5042 462
981 4
436 436
2063 2063
6397 389
7105 30
1715 204
4254 587
8208 182
1529 7657
5250 8164
4684 9844
5811 559
6549 2042
2714 268
6503 2067
485 4900
69 3540
3089 256
1677 718
7561 475
7135 3783
4607 258
3021 26
7081 392
8342 51
516 397
8980 3299
5462 3748
572 508
9123 780
1554 8637
2066 8734
611 4987
9068 8810
9648 8726
6493 5107
5852 4988
5919 8822
3736 8732
7926 123
7339 87
8858 8801
1863 4999
6582 8562
9369 8410
5596 8684
6816 8694
3759 3759
6912 5880
9701 8758
1248 8618
1051 5159
2190 9625
6193 8790
6275 5185
1770 9631
7353 8777
132 8269
273 9482
4246 8782
1714 5178
7409 8781
3628 8783
2806 8236
932 9626
8651 8651
7922 9624
3608 9627
5577 8779
1891 8270
452 8272
8745 8268
9630 9630
1854 8276
2244 9632
5862 8778
3398 8780
2493 9628
9128 8273
3374 8271
4885 4885
7945 9621
4404 9620
8277 8277
5404 9633
6032 4678
5909 7447
9984 3769
1648 7446
7448 7448
5578 8753
1831 9811
9183 9183
3466 4692
1535 8547
5079 5079
8550 2943
2618 280
9096 2949
1992 1578
4287 2948
9952 1703
779 779
4300 2980
2960 2960
4927 2944
1099 1581
8876 6443
599 2938
3152 4969
4609 391
1425 32
7140 7672
5354 9174
7017 8484
1282 8630
9738 5315
3411 2048
1706 9769
124 5204
6933 8718
9276 9276
6339 7820
8860 9296
2147 9291
2845 9272
5409 9290
4060 9297
1894 9266
3007 6288
245 9275
5373 9298
1957 9273
9293 9293
9264 9264
5206 9263
3431 9265
8925 9271
8411 9279
7737 9302
2328 9292
8446 7821
108 9287
276 9299
5093 9278
8210 9289
856 8743
8778 9267
3355 9282
8710 8710
8700 8700
8699 8699
1410 8707
4667 9808
5375 8711
4362 8712
8950 6681
8924 9607
6412 6412
3508 6409
774 7620
8040 8829
7617 7617
2211 4231
5924 5924
1601 8175
4262 4262
7446 8482
5386 5620
7847 9135
9133 9133
3955 8655
7761 4255
3070 4245
552 8545
149 8688
1676 8546
7772 7772
5939 4658
7230 951
3667 4660
1313 824
1849 220
248 248
6804 1228
3862 247
5682 1305
6332 1165
9338 771
3734 1334
1304 1304
7161 1333
6674 1231
9202 1257
8471 1260
6971 1264
5518 1306
7118 1286
3471 1247
1221 1221
7154 1191
2551 1337
6868 1339
8946 1158
5398 522
1194 1194
3762 721
8505 1242
6726 1246
9031 1204
4855 677
6414 1261
758 1271
2466 1233
4800 1250
7813 1193
1235 1241
7108 1245
6108 1155
7604 1174
6826 1213
1281 694
6307 828
4794 1205
1879 1203
7858 697
2093 2990
9023 1209
319 1269
6942 1364
1232 1232
1211 1211
3249 1230
374 3861
765 1340
217 217
57 440
412 1207
7986 2992
8742 1335
1178 1178
2331 1200
3324 1266
4581 1215
5195 1256
85 2989
2947 2991
8165 282
7269 3010
9344 703
5331 1265
906 1176
9324 868
6016 1022
6293 646
753 753
733 733
4579 854
6385 1053
4166 890
7717 1094
1832 1146
2929 1113
9664 894
754 754
1110 1110
7068 884
3591 1129
8030 740
649 649
7292 970
6408 1106
8826 891
8397 889
3223 716
953 953
5521 867
9036 1067
4220 855
3652 1062
1055 925
1096 1096
7806 1027
3520 719
6608 994
6583 1147
3632 207
2843 205
746 648
755 755
7569 222
4473 942
592 592
6357 1097
7188 717
6247 1057
1126 1059
6773 1078
7039 1366
3059 226
1444 1444
5054 934
1253 406
964 964
5721 1049
4096 218
6513 604
8251 899
5055 1028
3161 1108
8587 945
2422 1082
9335 883
9776 878
249 1131
1114 730
4478 959
1643 1033
6367 903
7855 1127
1109 1109
1243 1070
9085 605
863 863
5205 888
8289 901
1192 1192
1547 1039
5896 223
2570 186
199 19
6749 185
4467 227
4427 651
5839 1091
995 995
752 752
3905 463
973 973
6189 206
8212 184
11 1360
6552 1217
9549 654
5134 1216
5978 1116
2919 1085
5392 857
8117 1074
5339 938
232 912
895 895
4400 893
6967 860
3138 1058
8968 1164
684 1227
2660 430
1338 1338
1172 731
4753 266
4546 670
5332 1007
4816 746
6996 1107
5383 1171
224 224
1999 188
5809 655
15 15
1822 194
1506 594
359 229
7762 193
2985 3
878 20
17 17
7013 679
1037 678
9789 596
8713 666
9910 660
686 595
7550 682
4985 1292
9991 1403
6935 312
5565 599
4933 1284
2974 659
8875 597
220 1283
8384 663
4897 1295
8711 681
598 598
2743 1353
3578 1388
9404 336
6949 1387
889 1389
6436 215
9722 852
1404 1404
2951 1177
4814 1369
9042 1443
8494 515
6058 1083
3142 931
4687 709
3703 652
4710 187
1170 1170
945 856
5406 394
3763 728
5576 830
6273 3596
422 422
810 1150
2800 1184
2763 2763
7654 1149
880 993
3304 898
1969 1061
3959 4892
2374 1117
5704 650
874 874
6013 960
5039 747
4303 1157
171 255
9420 1476
9054 607
2087 1006
7296 3223
1961 3184
2720 3187
1076 3189
6900 3235
7156 3199
9307 3198
8957 3200
8152 3185
4825 3253
3220 3220
724 724
1824 3247
5846 3232
5922 3233
4497 3236
805 574
3510 3217
3634 3212
8119 3256
7933 3270
3246 3246
8533 3243
4826 3244
5209 1482
4180 421
3188 3188
8233 3222
7790 3269
586 3278
3316 3280
9435 3249
2102 3206
8779 3231
5378 3265
843 506
6105 3245
1457 3242
1596 3191
4685 3218
1745 3273
1141 3227
3229 3229
4562 3267
9922 3195
2305 3219
5456 3263
5395 3190
9939 3254
667 3226
8643 437
591 3264
1955 3213
101 3274
9111 3268
4455 3271
4474 3225
7076 3241
9059 3201
1018 3210
6865 3262
9287 3257
306 3260
3279 3279
9583 3204
2863 3197
6743 3215
8560 3216
3214 3214
3209 3209
179 179
3205 3205
9219 225
6246 3202
421 600
5484 3237
8374 424
5014 13
2018 183
7224 744
2452 238
2953 211
8273 622
5433 65
8380 3240
7278 3255
7123 3250
7114 4876
6590 4923
3294 2987
9817 1037
109 1041
8576 872
9246 827
2932 692
8207 742
963 963
6416 6416
6110 1255
4171 1199
5385 1285
6529 979
1040 1040
5225 1104
4315 2993
5657 606
9205 616
7052 1700
6479 1092
89 905
8432 647
7102 879
2221 1163
1906 4918
3618 991
1652 1220
365 4380
8926 820
4652 1240
8138 1249
2663 1236
4309 1237
4023 1210
2546 3808
3326 1412
8517 873
3068 232
5364 231
3939 907
6632 926
7608 1243
1342 1342
4972 1365
6548 1368
1584 690
8179 1160
230 230
8317 1025
444 444
4587 695
1071 913
7807 861
1207 1277
2488 1077
8791 940
882 882
5599 698
8298 239
7634 1552
2990 2689
9604 350
9457 5077
2062 1569
5267 2052
1818 2093
5848 2119
1250 2146
8622 2088
8173 433
1267 2308
6578 2049
2050 2050
7664 2252
2815 2085
2129 2129
5211 2409
222 2267
930 2282
4670 2386
9092 2258
5643 2275
6092 2324
2729 2255
6634 2273
3851 1152
1691 2095
8255 2197
2194 2194
2214 2214
9711 2341
5210 2147
7539 2215
8168 2248
9876 2037
7479 2321
2185 2185
4651 2384
2270 2270
3171 2350
4742 2242
7752 2389
2378 2378
5583 2388
2393 2393
996 2401
9437 2334
8526 2223
8170 2213
1698 2311
6852 2279
448 2164
3854 2269
9759 2353
5223 2148
1038 2281
8607 2044
681 2278
1837 2280
2395 2237
9208 2224
4545 2268
5323 2029
6708 2239
2822 2094
8054 2122
2461 2109
2352 2352
8706 2277
2225 2225
2206 2206
314 2089
9189 2096
4673 2272
9588 2356
4675 2116
8297 2339
3226 2240
5770 2243
3095 2390
4101 2219
3687 2394
1885 2392
2295 2295
2166 2166
6090 2079
2323 2323
3145 2234
8115 2144
3943 2099
6263 2261
1249 2245
8328 2040
1151 2229
9807 2315
2195 2195
8299 2173
8429 2276
336 2329
2113 2113
376 2340
9195 2222
3336 2179
2338 2338
2230 2176
5293 2216
2544 2405
951 318
5676 2250
4369 2217
4939 2030
2961 2283
1743 2271
2027 2027
9933 2051
4638 2114
6606 2149
7521 2043
1091 434
9016 2400
2828 2416
9367 2226
7246 2084
5532 2314
9318 2208
6504 2238
8883 2218
2228 2228
1850 1850
828 2106
8282 2160
549 2227
2741 2331
7911 2344
2952 2060
6858 2191
9419 2101
6352 2034
2118 2118
7047 2346
2059 2059
5547 1843
8358 2189
1288 2198
4831 2316
2203 2203
5971 2061
2413 2413
6621 2143
5771 2348
1747 2134
8036 2297
2375 2249
4393 2299
9860 2289
3790 2068
1005 2186
5191 2039
1312 464
4433 2251
5103 2317
8918 2192
2100 2100
5673 2150
5170 2274
697 2120
6983 2187
5458 2408
9733 2257
2528 2404
834 2247
9394 2292
7949 2310
8241 2376
9663 2141
3898 2313
4861 2357
3041 2041
608 2117
7892 2301
7640 2163
1971 1845
6866 2128
6187 2073
2250 2294
287 2058
8283 2293
322 2127
4116 2399
6112 2256
7054 2423
6127 2102
2309 2309
3999 2046
1588 2419
5388 2207
4750 2175
2333 2333
2043 2362
9021 2336
9595 2056
9825 2103
7592 2209
2069 2069
6400 2342
7907 2398
6233 2105
7749 2403
397 2062
2073 2232
5460 2319
2566 2107
3248 2426
7342 2108
8345 585
583 583
4790 2387
1439 2407
4114 2320
3889 2244
3716 2318
137 2406
6562 2125
5137 2070
492 2115
2680 2111
5286 2045
4107 2300
8747 2172
6648 2177
9329 355
9821 2121
3309 2263
6520 2286
8076 2055
7666 4590
7904 2434
7229 2361
7406 2360
6027 2365
4731 2349
2231 2231
539 2421
2142 2142
68 2351
2246 2246
7007 2374
2436 2436
3127 2385
9510 2304
993 2414
8624 2379
8863 2402
9005 2422
4142 2139
2537 2285
9744 2133
1030 2312
2132 2132
7387 2035
7058 2396
6872 2230
4370 2167
2432 2432
6655 2296
4341 2162
2254 2254
2420 2363
2259 2259
9574 6268
8470 2064
4181 2098
7886 2174
2366 2366
7846 2291
429 2364
2367 2367
1864 2335
2632 2188
6486 2221
5447 2140
1857 2151
4212 2305
737 2284
7820 2097
2996 3351
2205 2205
2298 2298
2303 2303
3237 2370
2135 2135
7285 2435
3673 2130
161 2260
4543 2071
5142 2196
3620 181
2746 2371
2372 2372
58 2391
6997 2083
1387 2415
884 2287
5158 2057
6602 2165
4066 2053
893 2123
3240 2154
782 1538
8218 2375
6283 2241
9920 2343
5556 4175
5810 5810
5831 5194
1807 2383
59 1956
8758 2425
3746 5083
5161 3590
3858 6251
2325 2325
2306 2306
2429 2429
185 2395
9083 6279
4388 6274
823 823
6770 2233
9022 2347
2359 2359
3748 2033
3980 272
1179 199
693 693
9425 2036
7159 2530
1080 1151
3609 1145
8923 1557
9536 680
339 339
7147 1558
781 2158
2220 2220
4823 2086
8616 3314
1085 1849
9001 782
7323 2082
267 267
8292 1553
4463 427
1265 502
2083 447
8632 1831
2775 2145
417 417
8936 457
8311 3758
6575 1183
719 245
6512 322
5797 367
1835 3757
576 2210
7179 412
5528 1842
299 299
845 3300
6264 1068
2209 918
6055 2337
4676 885
2410 2410
3235 491
5006 2332
722 722
3434 4589
2284 5334
2779 2066
601 601
8501 446
7501 2199
6087 3221
3771 668
2447 496
3607 3607
6158 5803
3408 5843
6557 6335
2678 2996
8048 3005
9304 3023
1538 3029
1075 3024
3013 3013
3016 3016
467 3018
4372 2998
5403 2994
7067 3035
3206 3028
2358 3014
603 3019
2988 2988
2426 2985
6700 2997
1982 3002
8227 3001
12 3004
4175 3003
7973 3017
382 3026
7653 987
2635 944
1671 1181
215 2986
406 1253
7405 414
8506 402
5529 1963
2296 4224
2941 2686
718 293
3700 708
1242 4594
301 7213
7778 4592
8079 720
461 18
6693 6693
398 398
2189 3627
2526 3636
4058 3634
2157 3631
7688 3641
2017 3632
6057 3630
3733 3638
4575 3619
6452 3616
1361 3621
6987 3628
9634 3642
6808 3624
6111 3620
4243 3635
2433 3640
6328 6328
557 6837
1530 3623
1152 6327
6564 3626
9589 3629
6260 6260
6857 6857
809 6856
3890 6846
8815 6874
2120 6847
7852 6907
6861 6861
6366 3637
1951 6850
3692 6843
5674 4030
8166 6908
1048 6906
6875 6875
3797 6858
3643 3643
4324 3625
6724 6872
6848 6848
1396 6903
6845 6845
6467 3633
1127 6840
5461 6919
6727 6835
8265 3617
6664 6841
9986 6902
2965 6888
6887 6887
9477 7696
923 6914
9156 6886
7636 6876
4293 4037
8983 6877
8932 4036
8078 6923
158 6871
2337 6880
9830 4034
3020 4919
5038 6883
7348 7698
8513 6884
6894 6894
5844 6885
3682 6917
4040 4040
486 6838
9528 6865
7240 3644
3442 6854
6319 6855
3836 6873
6916 6916
5031 6879
5131 7697
4044 7699
6844 6844
460 6878
8772 6859
573 6862
7658 6860
9534 9261
8253 9526
6652 6839
3018 6904
4469 6836
1741 6910
1606 6897
6526 6626
6895 6895
16 2665
5493 541
6019 6849
7804 3618
4401 6892
8645 9527
466 6881
6313 6313
4470 4032
7662 6915
5051 1270
254 5986
5723 6896
6882 6882
7915 6853
2538 3572
2354 776
338 338
8642 3288
5754 7883
1764 3806
1440 1440
7812 1452
949 949
7728 4920
1562 539
529 1424
7757 6852
4506 853
5179 8317
9391 6891
7251 6918
7559 7559
1804 6633
3087 3562
1454 3559
7471 6623
4764 5744
2708 5731
7990 5739
4192 6912
9919 6636
3140 6235
4967 5155
2404 6333
3601 3601
6118 4375
767 4287
6537 6802
6599 6806
4611 6805
6812 6789
6818 6818
2577 6800
3558 6788
6791 6791
3164 6770
6793 6793
7646 6795
7638 6794
9079 6792
7721 6808
2010 6804
1585 6768
2104 6790
5234 6781
2958 6816
6570 8249
156 6817
2173 6807
9066 6819
8548 7593
5996 6798
7212 3603
2176 7805
3758 4370
9216 4369
6772 6772
6206 6206
5138 6769
8696 6785
4253 6280
7078 3593
3445 3755
2172 6813
8527 6799
5782 6811
6641 4378
7615 6775
3755 6771
7917 3599
1813 3600
5756 6561
5507 3602
6999 6830
3383 7003
6673 6812
2299 1535
1935 3594
6543 3597
632 6214
4368 4368
6459 6402
5992 6829
5358 3652
562 6810
6837 9523
4824 4048
6505 1938
8512 6933
7495 4050
5049 5049
3475 6207
2072 3614
3615 3615
5847 819
6238 6786
449 5036
3472 41
6744 3604
242 4377
5120 1139
7597 6831
7985 6784
4869 4869
8660 4227
4576 4374
8907 40
3329 415
5197 453
7642 98
458 458
3853 3703
7380 5043
925 897
7176 7176
994 6208
2733 6291
5230 9208
4379 4379
2397 9013
6725 3251
5835 7938
5514 86
8394 8919
3417 8858
2431 2431
7227 7227
7374 3196
1078 997
1103 1103
3120 8396
9609 2131
672 3306
3516 3720
5291 7056
1638 5332
155 6286
2092 2092
4014 4014
6802 4217
7461 4193
9889 9889
4875 4875
3617 8265
172 4644
6679 6679
4853 5914
5803 5474
428 6105
2462 23
9886 242
3923 100
9702 3966
1443 523
1825 3968
6300 5597
2204 1009
4143 1114
2252 9822
5486 1014
8785 1481
3603 3816
9726 4235
2742 1018
1663 4893
7518 909
5818 876
1064 1064
6222 1258
7733 1016
7702 6314
9819 3367
645 364
4649 4649
9761 5450
2668 8181
853 7957
4712 4304
1345 1345
9730 8274
623 8267
5081 5081
1567 1567
70 1566
8964 281
9682 1948
4426 5915
1339 6868
6867 6867
7302 3390
6069 5734
2124 6673
9272 1020
4773 858
7651 3820
1777 519
7970 3834
2068 3840
2673 3887
4620 1829
6203 5848
6381 5846
5853 5853
2442 5834
8240 6928
1751 6927
6932 6932
6668 3325
7967 778
6324 4508
4781 4542
2978 4489
7424 4445
6863 4504
173 4502
5748 3333
2217 4593
6965 8610
3791 7418
7971 8741
3623 6271
1226 1226
4942 7909
3730 2536
7143 1013
5695 1001
5798 4446
642 1118
1014 501
5294 426
4367 1234
2239 1235
944 1238
7774 3296
473 3310
6975 4183
5661 6295
2224 4190
5455 1262
6750 3303
9881 6783
2556 6782
6988 6194
5495 1100
4187 4187
5407 6187
6173 6173
1544 4348
5085 1417
263 3136
7413 7413
5452 8809
3540 5735
3886 5737
8302 5740
7499 5747
3378 3378
1614 1166
5130 1156
3028 1520
8809 4940
8646 7318
2601 3724
2154 438
5488 957
7605 2110
343 581
9286 9286
9838 9288
1912 1073
899 2168
1539 796
4601 4601
8306 2152
1408 2028
4531 1274
3420 5795
8337 1021
524 988
2238 871
1621 584
5841 1573
5454 54
7445 1358
6893 5076
4054 4054
1767 445
9558 864
8286 1011
9221 3745
3744 3744
9213 1121
6041 608
4833 5991
3745 3146
2465 3754
2765 3658
979 5751
1056 6657
6659 6659
1216 324
9127 741
2095 4372
1826 456
4655 4655
3302 7301
8672 3588
4723 390
8663 704
9645 3723
3828 3828
4805 8263
6616 3145
9453 1251
5600 1825
4184 4252
3382 1955
1340 715
2360 4290
6891 3161
5276 3178
4211 494
739 3344
2704 7660
5062 411
7546 36
8732 39
1979 1979
7760 4699
8913 1047
4009 27
1941 264
493 265
3983 653
7264 986
4332 989
531 980
5184 1563
924 8284
5777 203
4672 1248
3764 3764
4273 461
2099 2397
615 615
9397 630
4533 2
5218 1212
6995 657
1463 1140
5303 4176
5891 1560
911 1562
1138 9823
1802 1066
6779 1051
8789 6660
6277 6277
770 5874
2453 543
4537 4052
7797 4051
9655 7510
2887 6934
3649 3649
1983 403
1090 400
4374 5746
9459 5738
2764 8194
7696 8190
4322 8192
1019 393
1532 1532
5300 279
8458 6344
6624 5799
4848 5637
9636 9636
7427 9212
7198 4349
2353 1742
806 2937
1130 4634
257 257
2159 70
9489 62
8385 82
5414 410
7755 97
4849 35
9607 3653
4269 130
4311 7380
6369 6369
36 7546
4071 1836
6405 1936
5581 261
6153 2999
2394 443
8944 4371
3626 449
7609 7609
6128 7932
7668 2262
8834 4640
9491 3176
4880 4880
6239 4194
135 3778
3210 4687
4291 7493
7558 4993
9798 4958
8110 3547
1660 6495
7407 6497
3108 1280
900 900
8313 2201
9675 2181
6360 56
2824 8833
9647 7006
2191 8607
9802 9200
9462 9197
4541 9196
1384 9199
5426 5796
2116 625
4527 1046
3078 3791
3227 7793
9114 454
6021 3400
736 736
6940 289
234 234
6710 1162
8351 1045
7694 4212
8339 2449
8252 5883
2854 3369
5344 865
8952 1754
8895 6290
1122 6536
2136 6060
5645 7108
9467 8722
311 5111
9659 9310
7095 7888
2724 9069
2034 6352
5105 5965
4081 9004
4582 6350
6666 9456
8056 7838
9154 7915
7403 8730
5727 5727
2110 656
5710 2200
4342 9957
8319 1780
3389 5225
2686 66
1763 8537
5166 8946
5313 6688
2997 6687
1065 1778
1937 1777
3581 9639
6080 9809
8664 9810
5125 1910
9226 5600
7612 7035
527 5387
6010 6851
1220 5788
9747 9139
235 235
2982 6842
4033 4033
4007 4007
7754 7464
3504 3579
2418 99
5310 4510
3657 4588
8389 9959
9958 9958
4156 9973
147 9961
6078 9976
2 9955
9960 9960
9857 6337
3074 9629
7337 6016
2575 8623
4917 8010
4797 7461
9623 5633
9406 8572
3772 4559
9670 4546
5188 7007
3585 3585
5021 5021
7950 8613
6433 6433
7868 8742
1938 8839
9748 9664
6004 6537
4413 6890
8104 5585
9353 6683
9131 8212
7180 7762
8679 1471
669 2190
1143 8580
6109 6109
7359 8576
6258 5030
7795 9775
7677 5568
2457 4499
1618 6549
9469 6359
8483 8483
4681 9175
2355 4984
1279 8157
5668 7750
6755 7604
7622 3252
6351 3312
2114 7798
9741 345
3139 7661
3449 5923
6961 7691
2716 9260
6102 2345
1362 4208
5961 8406
3253 8481
2750 9930
5127 7659
8044 6602
4528 8077
2094 8977
1474 1474
5901 972
8585 870
7099 1224
3026 3203
8395 6614
1209 9167
182 7656
4888 8476
8041 9905
4357 8786
2588 9908
8790 7034
7691 4004
1316 1316
4333 9093
8316 7665
9844 9140
163 495
4570 6289
914 6539
2895 1143
4688 3347
6507 743
4026 8275
1815 7058
9000 9000
9584 9584
3665 1087
7619 7619
6687 6550
1890 5675
9392 5748
9850 1768
2055 1142
947 8081
9614 9614
423 4447
640 8803
3916 3587
7261 549
4280 243
9824 9824
1245 9095
1629 9925
9923 9923
7459 9921
508 8921
9893 8875
1898 8924
6165 8922
989 7525
1557 8923
7379 1507
8390 1509
978 1487
5802 1498
364 1508
4589 1497
6714 1501
1193 1492
6208 1499
1510 1510
1502 1502
3377 1486
5858 1500
5115 1490
2282 1496
897 1504
6126 1488
8423 1503
5106 1513
1945 1514
1252 1252
968 8587
543 1832
9294 3358
7170 8907
4908 3338
6491 7382
3524 168
5047 513
5041 1259
517 517
9418 291
3993 563
3793 2453
6218 565
1608 518
8892 2462
2460 2460
237 2447
2977 566
2196 2458
2223 269
1017 2450
2446 2446
567 567
1363 2441
8537 2445
7918 2468
9445 2455
6494 2448
2752 177
3527 3527
7803 561
4810 2444
1960 2443
5579 2442
2464 2464
3119 2439
4696 1530
6186 2452
1899 3522
4991 3524
3262 3523
2249 511
411 3513
6333 1937
2130 2889
1239 2864
2894 2894
8038 2872
7383 2896
8428 2926
4025 2900
7734 2868
1920 2913
102 2928
2901 2901
3837 2927
2844 2844
6259 2465
999 999
532 1054
3821 1493
9840 12
7516 3088
5094 1294
6431 285
3570 3570
4778 1555
3973 2466
9201 1026
8734 5
1476 21
5439 236
8542 166
5243 167
512 512
6223 7333
7887 3350
848 3651
4776 664
1449 667
335 1095
6376 4391
4882 4882
8479 739
1081 1081
4763 2646
2774 725
2576 274
6104 2644
2643 2643
2559 832
9928 2677
836 836
7042 213
5544 839
4118 2657
80 2672
6654 2653
6280 837
9693 2675
8372 838
840 840
5850 2648
6707 2647
9716 2651
4135 3025
6836 2670
4084 2658
5340 2676
841 841
9610 833
93 834
2671 2671
8451 2645
4365 4365
4721 5696
4544 2667
7652 6203
3320 3773
7540 476
9903 3770
8029 560
559 6938
4102 4223
7436 4221
1616 7383
8584 1887
8172 8172
6390 7836
283 283
431 431
49 49
468 468
5143 547
6509 6509
8205 4532
861 8645
4782 4180
4346 4346
7889 1418
4757 4774
9929 866
9994 1093
9788 985
5220 908
9140 783
2636 1839
661 661
6605 573
4986 2555
9888 327
1491 5078
9495 8685
3876 8682
6588 8683
3688 8693
8695 8695
6880 8696
1010 1374
2345 3786
8595 1376
2523 1377
9672 1254
5925 1373
8244 1375
8092 1167
4588 1187
8067 4712
9082 4792
1892 4776
9032 4749
4008 1479
4744 4744
6811 4737
5716 4723
6481 4819
8796 4849
5741 4794
4715 4715
3552 4795
9413 4762
7447 4764
5083 4711
54 4718
8140 4722
5887 4301
9543 4822
908 4831
3499 3805
4748 4748
544 4818
1169 1169
2642 4719
7110 4728
3097 349
7186 2842
2840 2840
2560 5258
3105 4240
2390 2720
1749 276
5245 570
1858 749
2542 2542
2048 2867
7965 2912
2602 2877
2871 2871
9333 2880
7595 2863
5213 2911
7573 2903
580 2857
8973 369
1447 974
921 921
1420 2740
309 2750
2097 2743
72 2775
2732 2732
1298 1298
9366 2811
9327 2764
6740 939
7680 916
946 946
935 935
5575 7786
659 316
9360 8611
6584 5047
8777 4791
4297 4790
7420 4847
8290 5041
1101 1101
5573 5573
302 954
5655 1396
169 4707
52 9474
9870 9478
9319 4904
5718 6321
7152 6320
316 2532
9770 6323
9714 6324
375 375
7033 452
7258 8654
8958 6296
9624 6212
2423 8316
9203 9203
4901 178
870 172
3918 6821
2892 1159
6581 2290
9833 2866
6314 6492
9601 6630
5304 6175
5815 5815
3441 2475
5719 6234
313 6311
7585 8766
4536 6182
3049 6663
2471 4824
8482 4901
4989 6391
4217 3093
6320 4382
2893 2893
4964 4228
4331 4233
8823 6604
6220 5195
9263 8744
9193 8745
9803 8796
4225 8795
8733 8797
876 8798
7195 4241
9619 5839
7536 4628
6350 1043
6889 3605
6006 1385
745 745
5945 8079
6212 7866
9901 9571
872 6758
5728 7897
3563 8806
5823 8626
1990 2136
635 6004
1472 7287
9056 7081
194 8970
3099 7084
3400 191
3997 4211
5917 4843
3584 5916
5467 9113
8231 9112
4432 729
3079 3079
5366 767
2979 6796
9847 8170
6007 6007
4228 4385
6048 3847
401 3849
3833 3833
7520 3839
1830 3853
9940 3845
5713 3854
3971 3827
3850 3850
3824 3831
3920 3920
8625 3832
6388 3870
3664 3869
3852 3852
1664 3813
2690 3846
8979 3851
3594 3945
2016 3910
8291 3911
3693 3894
8331 3895
1448 3943
3085 3916
3917 3917
7126 3829
6640 6074
3864 3864
2122 3821
8564 3855
9979 4563
6067 4468
4513 4513
7478 4358
8323 4257
3766 6365
8882 6404
5889 6629
318 4816
7127 5335
5318 6177
6386 6174
9540 6081
9259 7411
8597 5812
3710 514
3311 3311
3454 7191
7356 1826
2040 3718
8189 451
5639 3397
408 3538
3476 609
1358 2124
8246 3539
5997 307
8489 6231
3490 6689
6151 982
3270 1048
4406 968
3872 639
1520 626
4396 7212
219 7214
8182 8182
8183 8183
7819 8189
1188 6342
4134 2757
2564 7001
2579 2684
6573 6332
8204 275
570 4456
6955 1076
8821 1035
7417 7417
3751 1947
857 6239
1230 6292
6630 6962
6833 263
8410 6236
8257 569
6843 4128
6125 497
5965 2054
2964 1540
6742 1357
7350 7350
8334 624
7789 629
2776 4019
2607 1289
890 1323
5075 1307
6540 5798
5417 4929
4930 4930
5934 1477
9652 4932
8847 8351
7272 8352
7827 8349
3553 8353
9199 8348
5152 8339
6194 8341
3902 8342
8373 8373
958 6336
6490 2690
4430 8350
8578 8356
8356 8355
1284 4933
7835 7835
7708 4170
7032 7302
3485 1959
1116 3810
3359 4289
8788 3811
7976 4234
4624 5333
231 3804
507 175
9851 3741
9779 4283
3740 3740
7519 3134
2921 3341
9882 3879
3900 3900
4783 3913
7629 3925
8571 3949
6775 6255
6657 1056
1630 7162
2959 3863
7805 3021
4010 1521
9843 5231
7454 8375
3713 2721
189 189
4482 671
2183 2742
948 2755
3964 1518
564 564
9760 2731
2766 2766
8336 2758
1812 2823
3738 2824
9103 1965
3174 1279
6132 4697
5804 902
4274 3208
7226 212
1492 5027
1367 1367
7500 5816
3874 7305
9696 2153
5320 169
8102 9754
5441 197
7008 2783
6931 3874
3005 3544
7027 4302
3816 6386
2266 773
9905 3747
6162 4090
9801 829
4878 831
6662 6662
7465 7202
2653 7192
6851 7326
9314 7306
5778 8119
9197 7363
8978 7364
7944 7391
556 7294
4683 7204
3760 3760
9925 6556
9463 6211
4949 7
2662 1
7834 9
6174 8
2388 10
9545 6
7228 71
1438 5240
1484 9090
6254 6254
888 6233
5011 8633
1744 1941
2969 2969
7833 930
7025 7829
6224 781
7576 6238
8209 6686
673 3801
7537 1153
4235 219
1568 1568
3765 22
1191 6300
8670 1529
4087 3142
3084 2765
886 886
7883 7735
7948 8061
3202 4867
31 1652
8434 241
730 1618
9228 1478
6842 407
5185 428
9390 1612
8087 1605
5160 1609
3981 1657
4523 1640
9035 1614
9582 1641
4630 1632
9006 1644
6088 1655
8982 1620
1039 1661
4034 1660
2569 1670
2669 1656
2344 1622
5586 1664
7419 1654
2458 1651
5677 1606
390 1667
6337 1624
134 1623
1953 1608
4451 1643
9571 1636
1241 1669
9218 1672
2198 1628
1613 1613
1639 1639
1000 1621
3658 1659
5020 1617
3412 1627
9635 1671
1599 1611
6732 1673
1631 1631
2212 1637
533 1615
1642 1642
6446 1679
1610 1610
3636 1630
3323 1604
6018 4708
8814 6931
5275 612
2161 628
190 190
296 521
9706 3876
9171 3862
9410 548
3928 4617
9556 1564
658 658
2476 1534
6757 8066
2472 1128
91 6357
441 906
2684 9332
2788 8399
6075 9333
550 9785
9784 9784
9046 9789
6318 1290
915 5660
6721 321
5361 6116
5336 5565
1480 1480
8034 734
478 2157
9785 550
1597 6219
6429 8193
9775 2717
282 750
7040 516
2621 2856
9597 2859
1619 2853
9161 2899
8908 1141
1561 3749
5420 7795
9363 9363
4762 1138
6595 711
8402 2861
2540 2878
5435 2873
2876 2876
2477 2870
2123 2879
3549 2874
6281 2843
114 114
504 504
2351 44
4027 107
4614 416
6938 68
6760 474
9478 142
6402 992
187 1137
1726 4756
6717 582
1131 7406
7189 7189
7719 4602
9552 7692
6780 2546
4487 2538
2545 2545
2571 2571
5135 2610
6492 2607
2917 2566
9551 2559
2060 2578
2595 2595
7431 2594
2533 2533
1701 2592
2553 2553
6188 2596
8792 2561
8301 2577
6482 2602
7786 2597
4354 2574
400 2590
2552 2552
118 2572
3950 2604
164 2583
3143 2605
8412 2573
731 2584
3843 2580
415 2591
2899 2601
1773 2589
4353 2568
5859 2569
4140 2540
8186 2598
9115 2537
7438 2606
345 2549
3137 3137
2138 7200
253 8117
4706 8115
8114 8114
7919 777
9444 4053
334 9783
5833 9331
5480 5480
3756 9060
8993 1008
5380 1105
9724 8844
8361 9036
2222 5659
5915 6061
8141 1753
6423 9103
4596 8948
7998 48
4990 55
3998 143
2934 111
3846 146
6647 152
157 157
9721 162
142 156
3032 8002
3405 8865
7614 5554
3356 5688
5428 8723
6439 6022
7954 948
8845 8845
4271 6899
6898 6898
1690 8927
262 262
9177 1940
8619 2809
1939 1939
814 2845
7349 9711
9767 7900
9135 6621
6636 8808
5522 6586
4970 7989
2719 8886
8654 5454
8757 8933
885 8566
2448 4754
2650 2650
9643 2664
2880 2663
2661 2661
2178 2649
2652 2652
8450 5340
1918 7823
7184 7184
3283 2576
5122 8418
5341 9101
8690 8690
4592 8557
9962 5630
7906 4704
4777 9800
7977 6099
1451 8417
7645 9665
177 5787
8737 7180
9160 3258
1125 2579
4486 5913
6336 9578
617 920
3285 4706
3897 7910
7321 6024
5393 5237
2603 2603
8714 1658
5998 5998
9936 9936
1391 7471
8442 8442
2898 9989
1062 8446
6071 9186
9147 6398
1986 8390
9192 9192
7557 6303
5611 2704
5955 8969
5412 8967
1720 1720
8320 2212
5349 9777
3 8716
8485 8485
8764 8764
854 6278
3182 3182
8493 8493
2400 9850
9904 8581
5652 9910
4255 9851
5825 8475
5641 9515
1066 9514
3314 9513
4906 6690
1881 9512
8588 8588
4960 6648
7168 3359
8459 8255
8942 851
294 6615
5329 5329
5587 5587
1827 1827
110 6609
3541 3541
9723 2669
5013 5113
7464 3259
3274 6638
9976 6627
4689 4689
1946 1946
7166 2080
1748 9606
2927 9681
7563 8069
3741 8828
5612 5612
8376 432
6407 6272
3560 1454
4516 4465
1716 1716
5779 8579
8370 8370
2004 1144
8057 8057
2966 9115
9116 9116
9073 9119
3199 9114
883 9117
5436 8082
9207 9207
8675 9118
8163 9120
6870 6870
1555 6863
1600 6893
6146 3521
558 8984
8025 8979
3301 7783
3782 8174
3859 2159
1397 9517
4903 4903
6261 8643
3550 9622
8662 3573
7863 6625
4215 6026
9519 8680
3588 7376
1321 2090
1187 3657
4896 6624
1833 1833
8591 5875
4250 536
5749 2565
274 1692
465 2846
125 4265
1398 1206
7061 910
236 4873
3533 4127
2232 4740
8245 1635
3990 1629
7096 2747
9854 2748
2475 8292
7493 9147
7442 8293
7421 6058
6874 1324
3556 1188
9823 5060
1247 3766
7064 466
8649 1086
4755 4755
5187 4736
4796 4796
2937 4735
3433 572
6544 1984
7148 8542
1324 7487
97 7485
1156 7361
62 7362
4756 4758
2045 737
4881 4881
5492 640
1428 1428
8637 1460
3721 1263
727 1124
1750 1750
1696 295
6510 1179
7678 290
8832 214
6709 850
474 844
842 842
1112 843
846 846
2539 845
1036 847
5816 848
5819 3444
997 3485
368 544
2332 3484
2107 3486
4423 546
3491 3491
2047 3446
800 173
6902 545
8780 174
2192 1927
4734 3781
496 237
4145 849
3275 1214
1183 4820
5530 6496
9872 6181
5117 337
4806 8191
64 1926
7496 270
5868 2487
3025 2473
2945 2477
7474 271
2484 2484
575 6145
2494 2494
4711 3771
6591 6957
3848 7449
9163 7459
7450 7450
1315 7457
2631 7506
2933 7454
7367 7451
2451 6309
9605 7494
5828 6306
9002 6308
6196 6307
7927 7519
4461 2377
8692 7455
7684 7458
5523 7456
8579 634
6256 2502
6807 2476
1332 2479
1136 2253
4884 4884
6137 6137
4338 2483
6722 7521
8573 7515
8187 4769
8314 6190
3801 6198
6201 6201
7214 1017
6854 631
7441 6010
3204 4373
4199 5073
6130 2682
2874 2692
3827 2698
9846 1541
9553 2683
3568 2702
3768 3823
198 198
7689 7995
2922 9190
7183 4683
5151 4686
495 1678
8702 7931
1536 4354
4996 8748
738 7639
8335 7695
9184 4029
1212 4195
5606 2687
3069 2688
1656 4225
2549 1835
2748 3331
5070 221
5512 1175
7776 4817
6038 2947
1688 2892
970 6355
2416 2964
8806 2963
593 2975
9379 7937
32 2977
6470 809
2320 4242
2701 4276
2751 1397
6613 1392
1093 665
7936 4299
2823 1393
4680 1361
6546 9542
4995 9556
1286 8262
2049 3765
8149 4383
3985 3546
6379 689
8987 4376
2365 4839
2796 2968
7851 2981
4809 4809
3815 3815
6213 6213
2942 6220
7625 9185
4005 1042
2322 6318
7522 6319
7439 7439
3796 7423
3196 7435
3299 7424
277 7422
7432 7432
7437 7437
6028 7436
7331 7440
4697 3903
1442 1442
1437 1437
6689 1441
281 1354
9806 1435
1659 603
8235 2679
7023 2015
3321 332
4031 638
3930 3298
3121 4292
159 4922
5177 6222
766 5040
8534 6560
2150 1071
1495 1634
4398 1182
918 3168
9349 9349
6438 2920
1117 2498
858 7663
7245 6803
347 347
9873 2726
2589 3248
6936 1278
7714 4921
1331 1485
4920 109
8938 110
2171 835
3047 7503
9350 7959
5993 7756
2938 7785
5421 3398
3401 3401
4728 3407
4449 467
7697 7299
7879 7310
764 859
7542 3520
8561 6949
3956 6947
3725 6372
4622 9209
9505 6935
9417 9224
554 6965
6073 9201
9907 6936
6982 3792
4364 7311
3970 6552
6338 5987
7415 7415
5101 7324
3838 7336
1907 4908
1840 2626
1571 1571
3580 2618
4735 273
5580 1559
5337 5082
5795 471
905 503
5260 1536
9524 5059
9646 5053
7279 5054
5808 6358
3569 1019
5843 1985
7865 1970
203 5777
4741 4741
4442 9325
1386 6334
6170 6764
280 2729
571 571
6052 2799
7720 3932
2524 2524
868 1239
5200 1318
5190 46
864 470
7940 3443
7397 8305
2428 8306
7829 7970
3517 1133
1120 1120
4170 9987
3695 9988
1533 3946
631 153
5391 8338
5513 8345
5696 4931
2820 8340
8354 8354
1905 4387
8021 260
7712 72
7115 478
9769 3830
6809 2654
4617 2655
6329 6329
2695 2695
7890 6176
4153 2699
7169 2700
7074 2701
1673 2713
9262 1123
1793 4016
534 4023
1859 1859
8596 81
1341 104
7378 58
8080 2724
5325 9726
3015 3015
2278 2801
3185 2716
1106 2753
2234 2719
6759 2773
3354 2797
2756 2756
3045 2767
7057 2800
6886 2754
2975 2795
7660 696
4223 2759
2803 2803
389 2770
2780 2788
8169 1987
2737 2737
385 5582
725 2774
140 1031
3808 896
7784 7784
8530 4864
2140 5447
5413 5413
6152 2513
9554 5819
8324 8937
6555 1029
7779 1325
9198 9198
2808 3756
4555 8873
4386 4386
633 633
4174 8148
9466 9773
5561 4780
2728 2728
1901 3836
7988 3825
2694 7845
8859 4603
5598 799
2522 9262
9471 1495
9557 915
5235 3782
1910 483
1473 80
4049 4049
5861 6445
8097 3715
4290 2161
6986 6297
1092 4293
3631 6363
2162 3080
4641 284
4758 3078
4438 7083
8581 7238
5510 8971
3190 4587
1923 4868
1653 7598
4281 4281
9508 171
3904 2936
3972 2266
7821 6331
2903 520
8020 3951
509 509
6783 2776
8890 5832
361 5863
638 4734
6422 5031
3842 8369
3254 6569
1453 1961
6660 802
4634 8821
3006 3006
2031 3007
4231 2211
2587 3020
4971 9782
4998 91
1809 2490
8247 117
9700 115
4784 105
1988 64
3414 76
4560 121
8712 136
9839 103
5231 120
1711 119
578 113
131 131
162 137
2319 1960
9281 2000
6156 2744
726 726
4519 1063
520 4529
4786 4786
1344 1344
3167 3181
4434 627
6428 6270
4244 672
3072 7232
4000 480
5052 7377
2101 1065
1665 7460
2998 2660
9879 4669
1713 2087
6419 2762
414 7286
5129 4525
4678 978
5474 9821
2657 2955
3656 359
7472 2959
3819 3819
1256 2966
2170 2170
2313 4676
9355 8198
8070 4725
9178 4726
484 484
3233 1315
9692 3382
5273 621
6244 2235
7582 2875
3037 4149
3201 6185
6005 2784
315 315
7011 314
3564 2971
2986 5813
7690 2081
9113 4236
8481 2522
646 253
9982 252
192 192
4759 2723
3062 4747
8638 8638
6702 4912
5827 3746
104 1223
1829 5824
8004 6147
1578 8740
797 8759
8514 8582
4511 8583
9811 9915
9914 9914
8325 8585
8586 8586
3911 329
4982 1475
1765 9549
9547 9547
6144 617
2369 3413
821 532
3940 3940
879 984
7309 7309
972 7005
3363 7002
271 47
4924 904
8027 4668
4977 4977
8375 8359
4477 6339
8508 195
7414 155
6205 6205
1774 6218
6365 6144
3333 423
8614 43
6711 9555
3239 3803
4899 309
2973 2973
8569 405
3785 3785
9065 89
430 492
167 1717
1219 5050
2838 2838
2630 2630
7935 3164
2408 5841
5084 1957
1203 1996
2297 9849
9196 259
6651 9730
4737 7187
4965 6196
2318 3716
3717 3717
7685 7685
7044 2768
3952 3952
1528 1528
3887 7502
2263 1491
4437 3332
1132 6540
1002 1222
8729 8729
8551 8551
3101 1916
5650 6613
9642 9642
510 510
1414 1797
3885 9530
6786 8983
5794 9840
1974 7285
966 9138
1950 9308
3345 1813
1105 9801
7100 7078
289 4496
8953 8953
9892 8955
9794 9794
5635 5635
5963 5963
7859 7859
7062 6644
7905 6645
6926 9458
1467 5451
7843 9803
3932 8627
4138 6532
9626 6393
1325 3349
4375 8945
7545 8944
8943 8943
3258 8453
5299 5359
1755 1755
4129 6866
6623 9978
4539 7806
1985 7174
4610 8538
7202 7465
8009 7743
783 1680
4656 9817
8258 9818
9107 9893
1482 7748
6049 6062
6236 7892
1113 9983
8497 8497
647 8432
7925 7925
8475 9761
9641 9641
9971 9971
6690 4906
5369 4495
4550 4550
2710 4985
982 8697
6718 6718
6096 6096
2038 6312
4556 4556
5350 4874
4889 4889
9745 5344
8565 8952
8844 6356
9999 6072
7018 8691
7978 9807
7048 4475
9166 9166
1306 8489
6289 5972
7394 9301
2866 8501
9834 7876
166 7288
9464 9464
2268 4545
7562 7562
7217 8940
9665 7178
9813 9473
3503 3503
3461 3461
9899 683
656 3501
4048 685
687 687
595 686
6172 688
8293 3508
5263 196
1348 3506
3723 3494
354 684
5671 3493
278 3504
4569 4569
8294 2593
7593 8429
5247 7097
2918 2608
3039 8470
3208 8471
1297 6760
6458 7582
78 4883
3547 5596
5258 2560
9267 3272
9972 6544
9613 4690
2706 8968
7112 7089
6185 7099
8906 8906
5705 8902
8623 8905
5066 8901
9837 8109
7435 6020
954 8160
4436 1616
9302 6538
8465 3490
609 3476
7190 7190
3193 7972
9141 7818
3263 5583
6181 9616
7024 9615
6681 6635
7624 6634
2554 2554
8901 2137
8864 8864
285 2588
4928 8214
5664 9767
6825 6826
1213 6825
8659 2026
2091 2091
2307 2307
3012 5992
6346 8337
2181 8064
4444 4444
6200 6200
8763 9770
1186 5300
5072 9771
1176 6439
2638 6435
5732 5732
568 5018
7791 8862
45 7853
2713 7848
8683 3224
7672 1935
1435 344
9915 892
6421 1084
4740 3387
9303 1099
1346 9062
7055 2454
5481 4026
4722 3036
7191 4448
7295 8058
2361 3492
2357 3489
5938 1024
1431 1431
4304 1202
7946 1427
3861 9038
887 6734
5292 1416
8393 8904
5574 1343
5569 96
3136 2550
8954 2570
4029 2567
8050 1511
8829 2548
7751 6632
2584 6628
9094 9094
1828 9927
6199 5782
3055 6639
5018 9609
8698 8698
8184 4251
7763 6232
502 7831
9698 3534
4078 5138
2326 2693
284 3008
6191 6191
5372 6193
1644 7576
5328 2659
7384 2668
2864 7778
9755 2612
984 8210
9224 8209
6149 7325
8941 1408
5876 5876
9238 1515
5817 9195
451 9189
3545 6778
1157 8731
952 4531
9074 4492
3310 4832
9009 6708
9043 4213
3543 8507
146 1329
8219 8297
4636 5134
4221 911
2242 2169
9998 3566
3187 3565
9217 7468
6455 3281
6950 6950
4294 2848
641 2885
1847 3239
3207 3207
332 9827
6686 1208
5597 1172
2718 3410
1290 3399
3057 3057
8310 3048
3056 3056
8175 3062
3480 3063
7743 3055
3065 3065
5568 3061
9992 1539
2441 3051
9795 3064
7939 3052
894 1932
1494 1494
8188 8188
9535 8221
9305 2288
9438 1004
3914 971
2403 7749
7162 2368
9309 6184
5478 981
2437 1218
1251 1219
2052 147
3899 3510
9749 139
9911 140
7683 1646
4091 3411
7194 1647
1388 9725
2633 2923
4807 2922
4828 2887
4387 1886
8061 3368
5334 4192
1794 7560
2411 8384
4480 5045
9170 2793
8088 1112
1244 1244
7404 7404
223 6976
1046 6963
7620 2895
6688 4278
8617 8617
2377 8609
3325 323
2294 4282
2340 4267
5772 4249
2830 7926
7873 8139
7987 9204
6751 5052
1366 6258
1646 7315
4594 1080
942 6195
5582 6169
6157 3238
6577 3194
3831 7421
6002 1468
8848 1010
1026 4675
2582 5831
7552 6514
2869 3412
9134 4801
1527 8775
3522 9858
8522 8771
8770 8770
9222 9860
3602 8772
2862 7649
6363 8767
457 9866
434 9853
9859 9859
2401 9867
8674 8769
6099 9863
154 8322
7430 8323
8332 8332
8303 4928
4704 8327
9361 8324
8326 8326
2654 8334
9401 8333
4553 8320
8330 8330
1587 8325
6288 8520
3949 8527
2382 8328
8891 8533
4746 8532
2487 8331
3754 8511
8524 8524
8898 8514
1394 8523
1592 9881
9868 9868
5402 9869
3957 9864
8032 9857
5638 9882
5487 9872
5319 9089
786 9871
691 9870
1202 9874
1991 9873
9877 9877
5397 9171
9283 4466
6559 8776
7489 7489
1931 748
3817 3817
1129 3591
6085 1445
5363 249
8000 6120
1867 4890
8838 4186
5390 6382
6154 3294
3296 507
9586 3802
9560 969
2573 1544
6748 2967
688 4727
4144 4693
747 4277
9514 3928
9750 6202
9625 1135
8346 9795
1541 6740
3571 1190
8190 7359
3035 4470
5742 8321
7362 8509
5610 9855
4069 9879
2848 4294
5233 2749
8084 8220
9311 8215
5694 7705
6207 4126
9446 8724
9890 9890
3122 9891
9330 9892
8612 9895
4604 9896
9894 9894
4914 4914
7738 5857
7301 3302
3770 7851
9428 7863
3172 7755
5203 2958
4245 2961
9481 798
4366 4366
8934 7303
7408 3886
2491 4260
3726 3726
3312 4877
4947 3736
2200 6992
9707 7264
1354 6993
8160 6994
7236 6997
5595 7267
1558 3727
6497 3732
2293 3738
8274 7243
40 7266
8948 7265
9421 7262
5729 6998
6737 3730
3818 6995
8604 7254
6803 7245
5463 3733
6568 3654
665 6987
8181 6996
5459 7241
2193 3728
9965 7248
6985 6985
5224 7260
1862 3734
439 439
5377 3729
3743 3735
4047 3731
4503 6984
8633 7250
7798 6989
8268 6988
1564 6991
8667 6990
8977 7281
1730 7258
8877 7259
3671 7249
5163 6986
8367 7268
6500 7275
2677 7246
4204 7270
7444 7251
7238 7274
734 7263
2500 7271
7177 7242
8865 3725
9402 7256
8531 7278
3416 7252
3428 7253
7280 7280
4238 7247
934 7279
4070 7283
9409 7261
4161 7272
7276 7276
6963 3737
1900 7282
6697 3906
3935 3935
5064 3907
3994 3871
3926 3926
2760 2760
4412 326
6334 342
6675 4230
7317 7317
9450 7316
7204 5806
3421 2463
7440 9568
9206 9575
2928 7319
7035 6261
3123 7420
1729 9714
8449 9715
2578 9716
1337 9717
7893 8329
5875 8343
9964 6568
5890 6953
3566 2778
775 2777
5309 2925
3698 2904
4840 4840
9729 9729
9953 1055
8433 3477
3551 4848
6044 3516
8476 3517
790 6941
5553 6551
2818 2818
8221 3384
6598 6943
2467 4784
1032 4807
4176 8247
9492 3944
7304 3761
2290 8368
3807 3807
3342 9875
2685 2685
1206 2171
8392 2738
8559 9852
1693 1663
6617 3809
4983 7307
4284 6960
1326 662
1095 5823
1182 53
1521 3128
8606 3103
3868 3109
3534 3113
5707 3114
3116 3116
9090 3107
705 3096
9112 3121
5983 3122
5642 3110
1666 3132
9740 3098
584 3118
3922 3095
922 3119
1681 3129
148 3089
2646 3104
2904 3112
3365 3115
1605 3108
3131 3131
2506 3127
9499 3094
7982 3117
3335 3101
5931 2847
9248 3130
3506 3120
3092 3092
9296 3123
363 3125
2881 3091
2850 2850
5796 3111
3102 3102
6734 95
6298 6944
7972 6959
5995 2950
6449 6449
3809 9826
933 933
4745 1399
2629 2957
7951 3518
8797 1694
7314 4859
4890 4857
7808 4860
975 5261
4864 5262
28 6463
1791 4858
213 6462
4597 4597
6735 6494
3880 3880
3160 7314
7750 8531
8841 568
6502 2813
9436 2781
3699 7186
7267 3931
1895 3324
8525 3901
4514 1433
9070 4844
1710 6777
1147 9468
1365 9470
8507 9467
5057 3336
7425 8536
9385 6360
4804 4804
5008 4763
6968 4785
3022 3022
1856 1856
612 4872
9620 8260
7503 3448
9513 1390
8396 1348
6103 1425
500 1391
1043 1291
1353 1327
7840 1455
1565 1565
5950 2814
3350 4814
3149 4766
1164 135
4912 7289
4787 4787
1670 3790
1801 493
490 490
9638 3789
6175 914
6672 2956
5050 363
5665 353
1050 4679
1810 4899
3436 6276
8206 4812
6114 5871
8867 1516
9832 1489
4768 3719
3173 7237
8365 8365
7239 8371
2782 610
8082 4665
898 2791
6225 6225
2510 6210
6226 6226
5944 6479
2568 6500
6498 6498
1259 3457
4994 1691
9062 3445
2611 3452
7355 3463
5867 3483
9640 3502
3180 3450
1746 1272
3844 3844
8912 6484
9704 9982
6394 3939
8239 3933
8272 2021
3708 9558
5985 1034
9008 9469
4866 9330
8795 3877
5446 8378
9411 4910
7300 7300
4277 7500
7443 9214
3058 9218
1293 1293
2438 3843
920 74
9136 2849
657 404
7476 7209
9559 9559
9926 7490
928 928
6626 7771
9734 9734
769 9144
9683 9683
4811 1023
7485 408
3598 3598
2984 6797
2802 2802
5172 635
6973 1625
373 3784
4177 6263
1343 1997
1526 1526
962 962
614 614
1980 1980
41 6215
9010 1607
8058 1638
1657 6354
8256 6401
7178 4938
714 8336
7961 7507
7325 623
8682 429
3212 4682
5355 4681
5045 927
394 159
3029 3436
7707 460
5330 59
1455 6833
8754 4866
2513 1722
2711 2619
298 298
6409 92
6756 4913
1021 1197
7247 4936
8628 2491
2496 2496
4203 1330
2088 2511
2511 2486
4499 3873
3913 3872
8369 3842
2482 2482
3575 3285
8820 5574
8288 6939
6853 2518
1860 6293
5308 6259
5930 5877
8180 3957
8855 3971
9719 3956
3582 3963
702 3955
4567 3960
4417 3958
3969 3969
6444 3961
881 3977
3977 3970
6342 3648
4618 555
117 176
1712 553
111 554
1649 558
1308 1308
3451 3451
7352 4060
8897 3818
2555 562
3456 3456
4061 4061
2852 2841
2321 2789
9396 1944
976 9546
416 2995
1805 2012
2030 4939
3453 3453
391 1846
7486 3482
8103 3449
1609 7356
8002 2032
8401 9040
6810 1384
8011 1410
3109 1411
5476 674
5451 1467
2081 1346
8435 9919
2948 8972
1330 5639
7872 7497
912 787
3334 3334
9909 1405
1975 4389
4251 8376
9525 1122
7050 8374
9143 9143
7012 636
211 3406
5012 1432
1845 2065
4196 3140
8723 2897
4690 4512
4349 2917
9488 6347
3655 3655
1489 5273
8488 6809
4785 8598
9067 9985
4232 8996
7303 5797
4761 5808
7867 3860
8724 4494
8045 4745
4834 4834
2489 5074
9975 1195
9405 8379
1174 8377
2687 1098
5193 3787
487 487
6904 3788
4216 552
4343 551
6227 6227
8100 917
6309 1282
9612 4871
6434 6434
579 127
1104 149
1349 6464
9480 9480
4288 1484
2076 3454
1612 3826
6801 6801
5279 3824
4865 4865
4909 2935
6974 6974
8647 6967
1753 6929
3088 7516
1930 7501
3625 4509
5814 5814
9378 6298
4565 2489
5317 5835
7092 6283
6077 8205
812 8747
824 1313
9468 7426
8661 8661
5975 8657
6778 8666
2879 8659
8673 8673
1925 5873
5662 8664
3794 6264
5005 2002
8671 8671
3718 3884
6425 3972
8610 3542
6420 6420
5515 8224
2082 8291
3860 1349
6800 1331
1839 705
4021 2798
4229 2739
3019 2736
7729 469
250 6341
228 228
9538 4197
551 590
5511 6930
1401 5861
2386 6417
560 8151
4640 4775
4832 1299
4883 78
6892 63
4147 73
3752 300
2039 4272
955 955
388 388
1400 1400
4590 8565
7060 57
7151 9913
6471 7401
1886 4268
8746 1069
424 5865
5870 5870
5773 9532
5751 45
1057 983
985 9788
4694 8400
9790 9790
1271 6262
2623 2623
8618 2940
7771 8826
5602 83
7670 486
1128 2472
6301 455
616 1693
7661 3514
9705 2440
9323 6450
6776 4350
2547 2547
6840 5753
3218 2939
1300 1300
5204 124
6347 128
2935 4861
6927 6832
4043 2869
86 3529
9389 2424
6450 2418
6335 4788
6065 2478
1959 3230
1508 5911
39 5910
8731 4303
9629 8678
5139 5139
3514 3377
1421 673
1728 8521
2053 4066
1303 4065
936 4059
8164 4077
4852 4069
7132 4056
1848 4091
6076 4070
7621 4058
4154 4076
5608 4055
3038 4104
2507 9916
4267 7544
9169 932
655 278
5801 4925
3802 3950
6841 14
3910 4088
4001 3297
266 6179
5792 5792
5564 6305
3590 2752
3257 2745
8572 2746
9948 6282
2624 2624
6251 2629
2627 2627
9399 2631
7031 2639
7289 1548
8509 4825
5903 61
6619 4878
2108 2003
6265 6265
8406 8118
3130 69
9611 1958
1059 2883
2882 2882
3775 2907
1370 1370
8658 6237
5415 3316
2163 7766
3297 116
321 1570
6316 6316
7294 3953
9243 5867
692 5855
3727 5862
4505 3909
76 3878
4658 3918
8463 3908
2805 2805
6139 4084
5683 4100
3282 4081
8555 4078
3407 4087
5879 4080
1977 4072
974 4105
6864 4094
8142 4101
6179 4073
5429 4119
7526 2786
6579 3888
7453 7453
1838 1838
7319 481
2762 3780
1041 4753
929 4742
1424 4778
2659 4079
4109 4109
6123 4071
1292 4092
4700 4118
1278 4082
5539 4120
4086 4112
6014 4086
3774 4074
9387 4388
7243 165
3709 1981
6625 306
6478 8677
9341 9341
2439 9612
25 25
8118 3471
1866 2829
3521 2519
1976 1976
29 2236
472 472
188 6299
3646 1962
8590 500
88 88
9388 556
7716 4062
5584 8928
4993 7982
8553 8553
5851 5533
9808 6525
9422 9588
1485 6715
7164 9084
366 5485
8195 6759
9988 9589
8185 8496
3583 5188
7659 9590
4041 8867
629 7477
5312 8938
4566 4093
5287 9684
4148 8911
4065 2751
9292 8982
7043 9486
1948 8834
9739 9528
6353 5393
9298 9623
9516 7578
2518 6118
8620 8620
2127 6427
4 8138
8431 6664
5327 9391
3086 9384
7531 9388
3715 6424
4383 6422
6285 9392
6143 9386
6036 9390
1121 9410
7009 9385
7098 6423
8333 9401
3826 9406
5290 9400
4045 9398
2615 9387
9052 9396
9383 9383
6571 9394
1441 9399
9358 9404
9381 9381
5261 9418
4022 9405
5423 9403
6266 9389
5003 9422
2143 9411
5500 9407
9427 9427
2955 9412
9978 9402
7505 9417
8910 9425
630 9397
3509 9395
9898 9436
664 9379
4836 6432
6430 6430
9380 9380
8889 9424
6962 9437
3247 6421
8589 3543
3286 9426
6596 9414
5118 6429
71 9378
2463 9382
9215 6425
9548 6426
6585 6428
9454 9431
1016 9393
9175 6431
8799 9429
4441 9428
6461 9420
2872 8344
3587 9438
7891 9445
4892 9446
2279 9423
9071 9444
4395 9441
5215 9434
9452 9452
8523 9433
4907 9440
6885 9453
5165 9450
3732 9421
4795 4085
6930 1677
1215 6692
3778 9634
395 9365
6888 9369
9990 9370
2363 9371
7492 9372
9377 9377
4136 277
8771 2637
4310 9736
5717 5717
2531 7196
6517 6517
4521 8619
8321 8622
8615 8615
2842 7760
8468 8468
1060 8409
5624 8890
2440 9008
4730 6901
7041 6864
8158 8158
590 4028
4024 5634
6928 7917
7554 6011
802 8789
4872 4561
7509 6037
9200 5361
2801 8870
8940 7676
5593 7981
5663 1711
5986 8295
7908 8570
5506 5506
8842 8842
9475 9475
1044 9764
8869 1684
2865 6013
4879 9901
3483 9906
1871 8849
1190 8686
4559 6606
2180 8567
9146 8990
9227 1848
9822 6518
480 6040
5174 6034
9618 5996
2455 9907
1493 6006
4551 4551
6501 4905
4891 8989
393 6767
8120 8687
2529 2585
4910 3277
5758 3276
1263 2705
9041 5702
1607 2709
193 2710
5109 7573
5343 7575
6396 2430
2940 8981
8903 8903
5601 1945
3010 3417
3192 8893
22 8895
2900 4025
8872 9472
8846 1676
1687 1687
1069 7000
6243 6824
4120 2600
63 5505
6768 8487
7466 6442
4925 5801
1771 6012
5056 9484
2634 7770
3112 1275
768 1319
2497 4500
5948 4501
3624 7611
1403 6338
5834 1154
4289 9902
3076 3076
9014 3053
5957 3308
1884 7110
8415 8415
227 4467
268 2328
7077 6774
9485 9485
1796 9521
2078 9587
7273 9585
3592 9586
9440 2467
67 67
3134 1453
5111 1459
7857 1462
2565 5749
8285 1964
5908 3211
7002 3363
8773 8773
6906 5586
6426 9909
2364 148
9651 3097
7201 9922
3888 6399
3162 7706
4359 8201
6382 7711
9212 7719
7713 7713
941 7714
4062 7709
5630 7717
7710 7710
8347 8347
8419 8218
4668 8799
4394 4394
386 5562
312 5988
4631 6814
440 7667
3260 8856
4691 7752
100 7532
2562 2562
671 2625
2667 7688
2709 5566
6960 8282
4799 4799
8262 5741
6406 9037
3891 3389
740 9924
2628 9096
3883 9477
2812 8413
4894 4894
1347 1347
9853 2155
1452 2184
3291 6172
8111 1321
5666 6909
5542 9531
360 9845
7456 8285
1760 4280
7298 6725
5956 6739
2946 6726
5614 6733
1952 6728
1148 6731
9637 6727
6297 6730
6736 6736
4097 6735
2216 6737
6719 6719
261 6732
7213 6744
7354 6742
3385 6729
471 6722
1089 6738
5089 6724
1462 6743
9431 3964
2811 3967
9138 3973
7825 2433
2648 6044
7686 7669
7715 7715
4857 6275
2141 4902
555 2558
6913 8204
6183 6183
7914 3318
3577 9876
2424 7293
7924 9010
5898 1225
2057 1407
5999 3328
8691 1268
1792 881
7266 1362
1079 1079
1524 8230
1481 6948
4522 5820
4716 1463
1402 3974
6460 8253
3446 4724
5533 965
674 9205
2398 6189
6499 8233
9223 7427
4146 996
9746 869
6731 1148
795 4870
4856 2881
3096 3924
2936 3904
9512 4275
1382 1382
2006 3362
1880 6322
6398 7269
7341 7341
5226 8258
6993 877
7656 1002
1264 8229
4051 1075
4509 8811
7085 9756
4089 4089
6813 4098
2070 9182
1389 9179
8349 4851
6023 6023
4902 9969
2199 9759
7368 8784
463 3905
5701 8346
3878 8510
3929 2156
9862 9862
9565 2725
9627 2529
9945 7438
433 7583
8121 3447
7014 485
1423 1423
9537 9537
1287 1287
3968 2204
2799 4269
8929 5794
902 7395
4714 4714
205 8246
4408 9576
9632 6779
2860 3902
7248 6224
4938 952
3903 2919
8767 1550
2930 3295
7193 922
8413 2812
3987 6285
5283 6973
1461 3478
6829 3012
1789 4907
8133 3087
3674 1531
4003 3356
3954 7590
5482 9188
1798 2945
5866 2855
7284 2930
8196 2933
8026 2915
2983 2983
2481 7394
241 2031
437 505
4113 8211
2139 8988
6989 3290
8528 8528
3493 5080
1902 1807
7839 691
5941 4852
226 2182
7001 3420
7209 5845
3319 3319
3761 5849
2149 5070
5416 3975
6704 3753
5679 1519
8177 3858
8143 7396
9680 6555
4808 5838
7197 5854
6140 5800
1787 2358
5768 6968
489 9505
6939 9494
9316 875
9368 9442
742 5805
2784 7179
5864 5864
2739 3930
844 4850
349 294
7398 7398
910 8525
7336 2862
2783 7552
2622 7579
3958 3083
4448 2076
5623 5852
7746 1267
5947 9463
8407 8936
1074 8935
1323 2965
4738 2974
3046 2761
4481 5847
7265 9740
9018 9087
6074 9086
8126 9749
9443 9748
8884 9743
6221 9747
5278 9739
8474 8474
8787 9745
459 9746
2495 4760
4813 4813
6604 6558
8213 4296
7171 3100
9152 9152
5080 9154
2675 6954
4130 620
4496 2730
4092 2808
1034 732
3901 8558
5730 9211
8405 8405
1378 8414
8685 3777
1003 7499
6952 6952
4718 4739
9937 956
5590 4815
377 377
7344 8357
9037 6406
1294 6444
9562 6436
8368 6926
2096 9911
5194 7498
6204 6204
8016 2826
6138 9376
9374 9374
1781 374
8017 351
8391 5084
1556 1619
356 356
1380 8361
7578 8363
176 8362
3825 4810
239 4836
4887 4713
1383 1301
381 2815
6122 3942
2111 3000
1650 3038
6684 3822
5690 8366
2816 3898
5760 4846
6234 3470
1200 498
1381 3795
9012 1302
9110 1303
7876 5057
3576 2691
3559 2674
6442 1297
3529 4729
2888 2888
9600 2924
5531 3404
971 7513
8055 112
5783 5879
3792 8467
8469 8469
3211 5822
442 1990
2474 2474
8725 9510
2727 2727
855 958
9703 8494
9185 9825
4105 6052
5753 7193
4104 3814
5755 4773
6665 8199
8200 8200
1119 6937
7254 9701
548 3408
4950 9217
1254 9245
6827 9213
5321 9233
6094 9244
5761 9247
7657 9221
2289 9222
6169 9256
5004 9220
5640 9232
5526 9223
3158 9234
9230 9230
4558 9252
8046 9246
160 9250
9527 9226
9249 9249
9225 9225
1580 9215
4126 9236
5037 5037
5619 9241
7759 9238
9237 9237
6822 9227
8776 9228
704 9216
8400 9248
1742 9243
352 352
3339 3339
8900 3650
7498 1668
6378 3419
3565 101
2126 2126
204 6440
2583 164
6516 1992
9442 3535
1465 292
2839 2839
2347 3934
519 3912
8541 8672
6527 6362
9483 6146
3030 7591
6838 8892
2665 4443
5592 7763
5621 4254
4529 7792
1333 9193
7093 5259
4112 8824
6789 8823
3647 2007
8444 4917
3388 2528
4574 2978
5028 9085
6758 9492
9176 9176
6107 9180
9181 9181
1115 7512
1913 9755
6635 2942
6572 2970
9351 1934
7974 7940
9502 9364
8833 3479
9633 2614
2241 9787
6925 5388
4190 7949
6100 7939
7960 7960
7768 7943
7510 7954
7952 7952
279 7955
6031 7942
9713 9366
8914 1710
852 2516
5219 2504
6484 1974
5063 5063
780 8851
6992 2615
2957 9949
2949 2628
3515 3515
9132 2634
3366 7195
5854 2622
3630 2620
8216 1967
9063 2616
1814 2539
7376 296
5911 144
6403 3427
8922 479
3779 3779
8937 7956
1395 2330
9809 373
2301 6326
8857 8857
1155 9990
2890 9322
8811 9323
1217 9321
8854 9324
6692 9991
9321 9992
2855 5866
3473 3473
5739 2264
5990 5990
2373 4968
610 6090
9451 1889
6799 1626
4886 6340
5886 2722
2907 7986
2257 8208
3984 9524
542 9525
4851 2326
3812 6256
4699 4274
5162 3512
3606 3606
6168 2507
1146 2438
1379 1379
1477 3519
4137 4261
7583 2860
4915 425
9 4300
3773 3320
8574 5818
5255 5850
7104 8662
7504 5829
8151 488
4313 85
7094 1072
8344 966
1100 5564
9395 1134
1097 7177
690 2508
2075 2075
1553 4721
2236 6302
1011 6310
8403 1406
5516 1185
2074 2074
1949 3147
2079 4673
3482 4672
9500 2642
4793 4793
8539 6761
1615 676
3313 3313
1795 3885
3798 3291
2164 448
1954 1954
3678 1986
7517 7941
4127 396
4931 7291
1359 1359
3967 1132
9959 6655
2302 1273
5591 5807
6476 3355
9932 3418
6017 6017
9780 557
4063 4063
1336 3722
2269 669
143 1814
2175 5907
2525 2510
2219 1401
4961 1386
8399 7194
1153 6346
7333 3011
4677 3474
7429 7429
9342 9354
151 151
3777 1317
1276 1276
6580 1933
4299 7936
8220 7207
4207 3323
3896 3896
9053 308
4131 3082
3497 2673
1262 8259
5572 1371
4580 9326
7449 3848
1432 381
380 380
3806 3856
6713 1196
3906 1012
9375 644
3496 3496
9076 3464
2787 2787
4272 1542
3869 3881
8850 84
5637 3897
1175 8675
5411 8663
4846 409
6638 2500
6166 1969
5360 1982
6448 6448
9987 34
983 9938
3830 2771
6850 1951
1785 102
9742 9742
2061 2890
2348 1420
3034 3409
1966 1966
6976 632
7256 1136
838 7337
1415 8584
4405 158
637 637
95 473
4916 4916
3720 7595
3394 6403
644 2807
1009 7946
1889 1351
7364 9917
5333 301
9320 9535
9015 3656
8871 8871
9364 9997
9120 2796
2612 4108
9122 9741
4075 4075
4325 6476
682 77
8879 37
9766 1545
8329 4117
7182 4064
619 619
7996 5055
9518 150
2697 4113
7565 3073
4411 8947
1709 9937
4133 1812
1205 1758
8921 9598
6699 9443
8812 9593
9593 9592
96 5528
4619 8105
7232 8104
178 6522
9359 7882
8577 7983
2666 7976
2861 8738
5176 8737
5314 8736
6814 8733
8271 8914
1732 8913
4812 6535
6253 6533
8627 6529
1236 8949
4830 8942
7290 8887
7767 9591
2810 9804
5284 9802
5058 9597
8630 9595
8805 8805
1430 6548
1816 6546
5501 6545
1783 6652
6612 6612
8730 134
5534 8492
5594 9779
3849 9780
8807 8807
6217 8951
5537 9738
3941 9002
6045 1690
4380 1689
4099 5486
4056 5509
1784 9776
5371 7830
1077 7833
6534 7834
6828 9164
1682 1682
1689 6038
9007 5989
7864 7864
7703 6027
4222 1685
384 1681
7722 6920
4974 6405
1468 3431
613 3415
5820 9885
20 9912
652 1820
678 1809
1328 1798
2870 1796
4011 1795
6781 1794
6998 1752
7681 1737
9447 1715
3463 7984
977 2470
3113 6712
4876 6695
8085 6913
50 8920
5362 5362
6610 6610
5736 5736
7735 8103
4409 6035
904 8897
174 8896
521 9778
622 7879
851 7877
2987 7870
6558 7865
7286 7857
7870 7849
8148 7840
9639 7839
9866 9884
8353 9888
7947 9165
3780 9635
1260 8431
3538 8860
9004 7985
2381 2381
653 2380
1799 9491
9997 9502
2356 9497
9498 9498
9496 9496
9487 9487
1505 9499
3340 9495
3181 9506
9501 9501
2581 2581
3856 311
7631 2557
9924 4291
1635 602
4164 9900
6354 9897
7215 9887
1927 8838
2698 6651
3166 6650
4564 4564
3847 4560
9145 8080
1222 4490
9343 4520
303 6900
4837 9820
5632 9814
9598 3039
4149 3037
2833 2833
4464 8863
7075 9737
1084 6122
3653 6121
4275 6088
5408 6087
9414 6069
9060 9702
7082 8279
1283 6055
2011 6053
3614 6051
5060 6050
5169 6045
6051 6041
7742 6001
8214 5999
8694 5997
1501 8926
8343 8925
9465 9465
3259 141
3962 9448
5702 8411
9432 9481
7262 1649
9102 8407
9599 5075
8971 8257
7165 8256
9941 9931
1214 9951
4919 3283
8312 8312
965 8910
2264 8900
8991 8894
8939 8939
6042 8479
8461 8472
8472 8461
7793 9719
9762 7690
6631 6631
6637 6637
896 6641
7428 6640
6642 6642
1433 4567
2430 4562
4632 4553
5450 4514
7016 4507
7630 4482
8878 4453
7780 6042
9678 7921
832 7922
8129 9967
9282 9966
9069 9839
9288 9830
4123 9833
8109 9837
1844 9836
8426 9831
1719 9834
1820 9838
6834 9832
1063 8490
8013 8488
1942 8571
7391 6643
9479 9479
9996 3106
8322 3105
5687 5687
4323 9944
8793 6822
2605 6823
4318 1688
4867 1666
5335 1665
6095 1662
6917 1653
8911 1645
2343 5176
5979 9993
4178 9994
1111 9846
247 9483
1887 3058
3103 3047
6767 3046
3224 8994
5932 8991
625 8569
8028 8568
8417 7612
698 5599
6594 5581
6178 3284
6593 4663
6806 8281
819 2666
7997 6519
5774 7584
7571 7577
8540 7574
9186 7571
5745 5745
621 8219
5110 6741
6480 6723
6723 6721
8093 6720
7902 8248
6554 6820
6715 6717
6279 6716
717 6713
5464 5750
2609 2609
9883 9883
183 9796
9791 9791
9828 9828
2563 3386
47 3385
699 2428
750 2427
2412 2417
3486 2412
3893 2411
4082 2373
4218 2327
4230 2322
4956 2180
5088 2047
2237 4027
2502 4024
4583 4021
6089 3994
73 2611
2586 2587
3749 2586
3757 2582
4727 2575
4926 2551
5376 2543
6305 2541
26 3044
82 3043
1486 3042
2013 3041
3044 3040
3191 3034
4935 3033
6628 3032
7513 3030
7929 3027
9506 3009
8608 8608
7788 7754
8222 8222
6142 7403
3965 9768
9720 9765
9768 9762
7255 7284
7311 7273
8308 7255
2271 3533
2896 3532
3532 3531
8437 3530
9529 3528
8909 8909
1058 9962
5270 9963
8740 6682
7903 6677
7701 9511
2644 6070
6241 9541
2084 4705
3555 4703
6970 4701
2210 8294
2409 8286
7574 8280
2385 6685
3290 6684
7316 6680
9345 313
346 346
5077 8290
7611 8287
1318 6301
2445 9151
3050 9145
355 3133
5959 3126
6081 3099
926 8239
1238 2715
2712 2712
3066 2711
5345 2708
6475 2706
6984 2703
9027 2694
5396 5827
875 6437
9376 6057
9687 6513
3343 3354
1936 8213
6508 8206
9040 8203
9544 8196
4979 3499
3403 3472
3488 3488
4698 9146
7113 8768
7983 8763
8689 9466
1181 9011
5897 9663
6161 9662
8603 9661
9270 9660
3146 9848
8835 4539
8192 4491
5228 4487
9957 8774
3409 8765
3091 3322
488 3414
8546 9184
55 7947
7003 4284
7173 4271
9852 4238
2950 9471
4819 2696
1589 3366
3098 8681
7015 3569
8238 8238
8232 8232
931 7718
3151 7716
5969 7708
9095 7707
1108 9842
8648 9841
168 2681
1872 2678
3422 3422
9255 9202
4621 9009
7897 6508
7084 2072
9268 3396
3840 8171
7086 8167
7679 8165
4532 6940
3170 3487
626 1537
7888 5190
6815 6815
196 2934
1932 2932
2064 2931
2655 2918
2841 2916
2884 2910
2902 2909
2906 2908
2908 2906
3936 2905
5855 2902
6262 2898
6453 2886
7036 2884
7488 2865
8866 2858
8935 2854
9816 2852
4068 9865
9865 9861
6325 8993
35 1126
229 1119
588 1115
943 1111
950 1102
1944 1090
2080 1088
2443 1060
2498 1052
2885 1050
3648 1036
3982 1032
4206 1030
4214 1005
4403 1003
4660 1000
5916 998
6163 990
6235 977
6839 975
7535 961
7587 950
7639 943
8592 936
8951 929
9715 924
6847 3480
2035 6961
9191 9191
1154 7704
3437 7703
3799 8360
8360 8358
44 1473
569 1472
602 1470
1161 1469
1168 1466
1173 1465
1189 1464
1196 1458
1227 1457
1311 1456
1314 1451
1320 1450
1355 1449
1409 1447
1456 1446
1633 1436
2179 1429
3063 1426
3216 1421
3287 1419
3351 1409
4348 1398
4356 1394
4429 1380
4955 1378
5023 1356
5069 1355
5667 1350
5857 1341
5865 1332
6574 1322
6663 1320
7120 1311
7231 1310
7390 1296
7669 1281
8279 1229
8775 1189
9080 1180
9567 1173
9764 1168
9951 1161
4937 3929
1997 1413
1375 3394
3289 3393
3393 3391
4017 3376
4932 3361
5092 3352
8928 3340
9362 3330
9812 3289
1507 6982
1965 6981
2826 6980
3605 6978
4013 6977
4183 6975
5285 6966
6951 6964
6966 6956
6981 6951
8827 6945
9783 6942
8063 9543
4195 7313
5254 8231
4779 4779
9728 9728
901 976
9753 9753
4693 4716
1142 6199
6197 6197
8091 6178
5767 5062
1135 7407
1973 7400
2213 7397
2620 7384
2740 7367
4036 7357
6131 7355
7297 7334
7400 7323
7959 7297
9386 7292
5351 7244
6972 6972
1301 7442
1654 7434
1996 7431
2148 7430
2402 7428
2405 7425
6167 7419
330 7734
7566 1505
5453 9534
290 2921
8502 6273
798 3179
2117 7861
9233 8530
7649 3838
4073 3837
7693 8216
7999 8912
7525 7335
1033 2534
804 2535
6934 4853
2272 4838
340 9574
3511 9567
5156 9566
6769 9548
9566 9533
8309 4808
2567 7675
6957 7674
596 9462
2005 9460
3976 3976
3739 7492
8443 7486
2585 4709
328 6229
494 6228
2275 6223
5838 6221
6230 6217
6372 6216
7306 6209
2033 108
5927 4772
3629 2525
123 2523
4312 2505
2501 2493
8096 2501
2258 2497
3912 2982
4653 2976
8008 2972
8722 2962
8990 2954
9541 2953
9668 2952
9942 2946
5048 5048
503 6765
1266 6566
4115 6563
6563 6562
8281 6557
8125 6317
7328 9319
5829 2509
2705 3890
1531 4826
1851 4783
1821 3507
3460 3505
3495 3500
4629 3495
6884 3466
9157 3460
716 1561
3953 2718
2261 8534
2738 8529
3133 8519
4801 8515
5776 8513
8074 8506
8414 8505
8519 8503
8364 8364
7814 7927
2651 9345
9025 9340
5046 9344
1159 5860
3871 5859
5821 5856
5840 5844
5856 5833
6303 5826
9306 5821
1525 9504
6536 9503
9504 9488
5519 8667
2310 5071
4108 5069
4844 5067
5067 5058
6113 5042
327 3947
654 3941
1575 3936
2561 3927
3513 3923
3866 3922
3927 3921
7305 3919
8194 3915
9030 3866
2265 2265
3877 2492
9373 9373
756 9003
2273 9375
8800 9368
9718 9367
3479 9793
6869 9792
9781 9781
1768 4845
9393 4802
4435 9231
4608 9229
9229 9219
378 387
379 386
383 385
387 383
670 382
939 379
1053 378
2543 368
3305 362
3975 361
4019 358
4520 354
5538 348
6447 328
7801 320
8454 305
1560 611
7514 7514
2245 8372
7299 8367
3599 6482
2085 6488
6240 6481
9251 9251
4197 9560
4139 9253
7073 4381
2508 4856
2527 4854
2703 4837
2745 4833
3639 4830
4067 4828
4751 4827
4765 4823
7250 4806
8069 4803
8156 4768
8416 4767
9257 4765
9416 4751
9875 4743
9935 4731
1145 3441
2260 3440
2851 3437
2971 3433
3368 3429
3410 3426
5238 3423
6299 3403
9587 3402
119 3086
6920 3085
7549 3084
7128 4750
7327 5809
3597 5811
2112 2112
259 9343
3111 9342
8409 9338
2026 2527
9774 9774
9709 9490
9606 6330
9214 9337
9336 9336
8621 9360
2591 9359
8193 8676
501 2828
1272 2827
1581 2825
2792 2821
3135 2820
3404 2819
6062 2817
6437 2816
6541 2792
6969 2785
7644 2733
3360 6504
4905 6501
3841 3841
7740 7511
498 9362
2600 9361
3115 9358
3322 9357
5714 9356
9357 9351
2726 1991
2362 2017
1291 6266
3000 1554
6910 1546
4198 642
5086 341
2022 2024
3909 2023
8687 2022
4488 31
9165 2104
1853 2355
1708 8674
7222 8670
8478 8669
7898 343
3523 9088
8640 923
937 937
5562 138
9024 126
1786 2521
2521 2517
2744 2515
3638 2512
3803 2506
4305 2503
5053 2499
8981 2495
9555 2485
7051 9904
685 9757
5589 94
9295 106
3731 8656
4064 7522
7005 7508
6000 6461
1102 6460
7452 7452
1870 2832
9472 2831
6922 2830
304 6506
2003 6503
2067 6502
2090 6499
2731 6493
4798 6491
5098 6487
6477 6485
7271 6477
751 3342
7957 8283
9752 9752
3036 9751
2287 7215
9900 7201
9989 7854
2696 8228
6796 9667
7921 9678
3176 4674
6489 9668
8613 7950
8744 7944
1289 4888
807 6451
6683 9744
6539 3193
7860 3999
668 6475
1569 6472
3633 6470
4859 6467
6454 6458
6456 6456
6472 6454
8230 6453
8852 6452
9280 6447
2641 2641
427 2025
2041 2014
2105 2013
4389 2006
6945 2004
8023 1998
8774 1983
8899 1975
9820 1972
540 9694
6954 9693
1082 9704
5622 9698
1678 163
3804 161
4391 129
8783 93
1878 8847
5805 6180
6530 9920
221 2640
759 2636
2089 2635
2682 2633
3589 2632
8136 2613
913 7664
2311 7953
3184 7948
9656 7945
5830 9699
9657 9657
1509 4710
7955 4124
7237 4121
8167 4106
8116 4068
8295 4102
1873 4095
9211 9142
2046 3424
4733 3434
2276 303
9908 384
113 5066
4954 1999
6030 6030
1499 6608
6451 9675
6712 9673
1377 9672
8703 9669
2396 9677
9677 9674
9676 9676
713 4123
1045 4122
2399 4116
3073 4115
4110 4110
6587 4099
7766 4096
3228 3228
4538 8614
6980 9812
6145 6889
4692 6869
6312 2038
3884 2382
8766 7351
8418 2662
6506 6315
4591 8665
6948 8463
2656 2656
8199 4645
4446 9670
4458 4458
3075 5028
5688 1130
8159 1381
8420 1415
8751 8751
8381 6787
561 8237
6391 2563
9400 2556
9340 4841
2167 4738
4904 1434
6569 1461
7527 2780
7942 8335
3215 3304
7725 3360
8363 9177
3364 1438
2262 1044
8379 967
9236 947
2723 8251
9474 4811
4248 9939
7884 880
7263 3882
4055 4664
3919 376
4057 4057
7560 9461
8225 1506
8641 1512
3392 8401
7155 3372
6553 6553
3459 3459
6231 477
1624 370
357 357
1700 1942
6846 2772
7849 3405
5033 3899
4720 4720
4103 8518
8801 9350
6483 6483
8248 7673
5863 2514
7533 9786
1094 7505
297 297
6821 1683
2370 9500
2499 9493
9712 3455
777 8462
7310 3835
5735 7205
7006 2984
5389 2782
2989 6455
6362 3772
988 2005
6327 9353
5994 7495
2891 2891
1995 1995
4002 2779
4585 125
3156 3812
2814 9692
1752 4759
129 7517
5002 1943
7000 2810
6658 2638
2341 6507
3465 3465
9159 3467
6202 9750
4421 3475
6671 4125
4854 4067
7941 6400
3169 6999
1788 2794
1778 1314
9020 6343
3440 3428
476 1988
8831 4111
5689 7198
6977 6955
3269 9679
6777 90
7477 2011
6257 6257
8042 133
3306 9689
9542 7320
3024 9984
5236 9454
3704 9529
4923 9594
3002 8739
1628 6541
2912 8941
1140 6654
6653 6653
2875 9806
2857 9968
1504 9303
9476 9476
732 2469
1352 6524
74 8883
3835 8882
1429 8500
7836 9979
9261 7700
7455 6709
7931 6921
6115 9965
1595 7874
4381 7871
5900 7868
7862 7862
8582 7832
2218 8861
5010 8859
7980 7980
9669 7979
9653 9653
3470 9899
4966 9898
6701 9886
3367 9819
9815 9816
9947 9815
5787 8866
9240 6123
581 6054
2029 6049
4018 6047
4261 6046
6046 6039
6054 6029
6195 6025
6358 6015
7468 6014
9118 6002
9265 6000
9797 9995
506 8412
7470 8408
8408 8403
1852 8908
5448 8899
801 8478
8466 8477
8669 8466
30 9721
6639 9720
136 4568
243 4566
1917 4565
1956 4558
3129 4555
3330 4554
3681 4543
4479 4541
4548 4540
5905 4511
7167 4493
8558 4479
6070 8486
1674 1686
1978 1674
3865 8621
7020 2451
7207 2437
6211 8749
8480 8995
8995 8992
7200 5592
3081 3282
3082 3275
3183 3261
3261 3234
7259 3183
1087 9981
7320 7800
1722 8225
8223 8223
9585 8217
5359 8250
2761 6828
2781 6827
3447 6780
4350 6776
515 2420
5357 2354
5431 2302
5883 2193
7555 2183
7637 2178
3361 4017
1703 2564
8327 2544
8229 3045
8843 3031
9075 7753
7277 7277
6820 7626
6994 9998
9577 10000
1684 9829
4702 4702
2730 8288
200 9153
8430 9150
9149 9149
9153 9148
3124 3124
607 8235
8462 8234
13 6441
6399 6438
3484 6512
8197 8197
3978 9659
8721 9658
4959 7712
4236 9928
7241 9926
3834 2680
7463 9206
3197 8179
6184 8176
6754 2929
8726 9880
9878 9878
636 9187
1327 3388
3348 3381
5298 3379
7097 3357
7956 3348
9313 3345
9725 3343
526 6983
3284 6979
4283 6970
4674 6969
6855 6946
5237 7408
5706 7358
5737 7329
8665 7290
2580 7443
4371 7441
7192 7433
1052 1517
121 5336
3705 9943
7792 9942
8856 9940
3450 3180
3548 6658
9572 9572
7491 7491
9384 7488
6565 6565
7335 6554
207 3511
1782 3509
4399 3498
4490 3462
2350 8512
2520 8508
264 5869
1602 5868
2156 5858
2610 5842
3530 5837
5244 5828
5837 5804
5107 9508
9522 9507
106 5068
2235 5064
5980 5046
6883 5039
8538 5038
244 3948
1593 3938
1875 3937
4377 3914
4595 3893
6924 3892
7910 3883
9407 3868
4736 9257
5873 9255
6306 9254
9235 9242
9239 9240
9242 9239
9254 9235
272 360
1570 335
6798 310
1319 8381
4752 8380
2168 4855
2324 4842
4842 4835
5977 4821
7626 4798
8748 4782
9084 4752
9470 4730
2152 3442
2336 3438
3895 3435
6680 3432
8529 3430
5241 1543
1158 645
3194 643
5826 618
9967 613
6272 8668
8112 8658
3094 2526
4124 2520
5253 2471
1234 9758
4320 7520
6302 7518
8467 7504
1163 6505
1418 6489
1496 6486
7059 6480
1427 2078
2077 2077
1622 6474
7372 6468
9507 6459
9793 9986
1697 2020
3942 2019
4410 2018
4510 2010
4850 1968
9918 9918
450 2617
2334 9708
3157 9707
3661 9705
3697 9700
6849 9697
7575 9696
7817 9691
7989 9687
5201 2697
6524 2806
3621 5840
4358 5705
5326 5532
4717 4781
4542 4717
3498 8884
3528 9798
6523 6523
246 1740
1500 1701
2995 7880
7880 7855
4775 8840
9943 9007
9731 8574
403 6028
3786 9932
3280 8898
5494 9718
3478 1675
9546 1633
8563 8563
799 5604
2877 5598
3266 3266
7692 7566
4020 8252
2186 2369
2202 2202
8904 4020
2599 2599
4319 9760
7257 7257
46 8278
4402 6678
7458 5743
5752 5752
2795 5742
7853 2707
8249 6511
4016 8195
8798 9731
9970 9970
4726 9178
7704 2851
7315 7905
4172 6466
2277 6457
2914 2914
1070 9856
7567 9854
862 1125
1008 1089
2304 1015
2316 941
6528 919
6615 862
402 1448
662 1439
1372 1430
2184 1422
2371 1402
2407 1395
2435 1383
3048 1372
3222 1363
3264 1352
3974 1336
4360 1328
5256 1326
5799 1312
6117 1309
6941 1288
7187 1201
7308 1198
8338 1186
3337 3375
4666 3337
9616 4688
5613 6958
6029 9459
6326 3392
8825 3865
8870 7312
6443 6230
7647 317
5490 3889
9681 2951
7783 5056
5430 6567
7800 6559
650 3469
1007 8526
5221 8522
6525 8517
8504 8504
2208 5836
3531 5793
624 5065
3241 5051
5044 5044
3867 3867
8992 3857
9210 9210
122 366
325 334
333 333
6899 325
6918 319
9732 302
1268 4777
2312 4770
3525 4761
4732 4757
4770 4733
5401 4732
3425 3425
6929 9339
9220 3875
8915 6186
9796 4691
2769 2822
2972 2790
3043 2769
7434 2741
218 9355
8176 9352
8885 1556
9150 1551
9968 1547
796 641
1434 5851
4719 6971
6291 8660
9072 1549
1727 7509
4709 6490
7274 6478
8849 7188
2699 5061
701 6473
776 6471
1031 6465
2009 2009
2137 2008
6792 1989
8270 1977
9539 1973
2735 2735
453 160
703 154
1940 145
3308 132
4237 122
4760 118
7268 79
7507 75
8837 38
9108 33
5497 2621
6022 7951
1255 9690
1405 9688
4083 4114
4397 4107
5669 4103
7777 4097
7818 4083
3362 9671
5475 3421
7748 9329
6284 2488
3017 9706
9106 9695
6068 3497
3004 9127
9455 9455
3489 6469
1088 6527
7490 8872
2415 6036
5272 6021
3315 4472
2121 1648
9980 9980
7551 7551
6532 9835
3090 3090
1658 2714
256 6056
9064 9656
5651 9929
9194 9194
4095 1414
6192 6192
4818 9941
4439 3481
5400 3468
8366 3458
1893 9489
5445 9733
2406 9732
694 3859
5902 340
7218 330
265 4829
426 4805
4771 4797
4829 4789
5559 4771
8822 4746
1180 3439
9569 3416
9699 3395
1497 3081
2734 2804
4871 2734
847 2481
6676 2480
1261 7496
589 2016
1994 2001
4526 1994
5381 1993
5764 1978
7142 1971
9649 9703
4495 9999
34 9996
2790 9950
