2714 268
1250 2146
7664 2252
8255 2197
2270 2270
6578 2049
8526 2223
222 2267
2194 2194
9876 2037
2815 2085
6634 2273
5643 2275
930 2282
1691 2095
8170 2213
5210 2147
448 2164
9437 2334
2129 2129
9711 2341
2393 2393
2214 2214
2050 2050
6092 2324
681 2278
3171 2350
3854 2269
1837 2280
2729 2255
1267 2308
7539 2215
1818 2093
3851 1152
1038 2281
9208 2224
4101 2219
4545 2268
8168 2248
8622 2088
2461 2109
6852 2279
4670 2386
4742 2242
6708 2239
8607 2044
9759 2353
5223 2148
2395 2237
2185 2185
2225 2225
5211 2409
2378 2378
8115 2144
9092 2258
5583 2388
2206 2206
2822 2094
1698 2311
5323 2029
4651 2384
8299 2173
3226 2240
8173 433
4675 2116
7479 2321
3145 2234
8297 2339
5770 2243
6090 2079
6606 2149
2195 2195
9189 2096
8328 2040
1151 2229
8429 2276
7752 2389
3336 2179
4638 2114
2323 2323
314 2089
2352 2352
8054 2122
3687 2394
5293 2216
4369 2217
336 2329
996 2401
5848 2119
3943 2099
9588 2356
2338 2338
8706 2277
2295 2295
3095 2390
9807 2315
9933 2051
6263 2261
1249 2245
2544 2405
2166 2166
2230 2176
2961 2283
2113 2113
4673 2272
1885 2392
2027 2027
4939 2030
376 2340
9195 2222
1743 2271
2828 2416
7521 2043
5267 2052
5676 2250
1091 434
2059 2059
8358 2189
951 318
5547 1843
2741 2331
1850 1850
8036 2297
1747 2134
9318 2208
7047 2346
7911 2344
1288 2198
6621 2143
9419 2101
2228 2228
5458 2408
5532 2314
5771 2348
549 2227
9367 2226
5170 2274
4831 2316
6504 2238
7246 2084
6187 2073
5971 2061
9810 1907
2203 2203
6858 2191
3947 5439
3933 3793
9595 2056
4504 1726
2952 2060
5191 2039
828 2106
9733 2257
2375 2249
3790 2068
8883 2218
6352 2034
2118 2118
5103 2317
4074 3774
287 2058
8282 2160
4321 1730
8241 2376
4393 2299
2413 2413
9394 2292
5282 5441
834 2247
7640 2163
1312 464
9016 2400
3898 2313
2100 2100
2548 5433
3380 5366
2333 2333
9663 2141
2528 2404
1588 2419
8918 2192
4861 2357
6983 2187
3875 5404
322 2127
2073 2232
5437 5437
4433 2251
7892 2301
8486 4399
4326 5435
4790 2387
697 2120
5264 4352
6866 2128
7949 2310
1590 5281
9860 2289
608 2117
5460 2319
3248 2426
1971 1845
2566 2107
7749 2403
3716 2318
2043 2362
6400 2342
5673 2150
2250 2294
9825 2103
3999 2046
3889 2244
9737 3704
993 2414
2231 2231
5388 2207
5301 5301
2069 2069
4114 2320
8283 2293
2924 5495
9021 2336
7054 2423
4628 1731
6112 2256
825 5401
7342 2108
539 2421
7904 2434
4750 2175
6127 2102
3041 2041
1849 220
583 583
8959 3667
1439 2407
5367 5367
1412 4273
2468 5282
2432 2432
5286 2045
2155 244
7907 2398
7007 2374
2309 2309
6741 5523
2146 4800
4107 2300
68 2351
7058 2396
2024 5493
2142 2142
5988 5456
7021 5427
837 4481
2246 2246
233 1904
8076 2055
7592 2209
3309 2263
4142 2139
8758 2425
6648 2177
2436 2436
585 5305
1030 2312
137 2406
7816 5529
3429 5383
6560 4480
9013 5524
6009 5306
5438 5438
8345 585
6562 2125
9086 1728
2259 2259
6520 2286
7361 5280
9661 5464
9005 2422
6872 2230
9744 2133
2254 2254
6785 5440
3127 2385
7547 1906
7406 2360
8747 2172
791 3551
9821 2121
4165 5763
8863 2402
1572 216
5410 5410
2366 2366
7229 2361
5449 5449
2939 5461
3924 3891
6066 3669
9312 3705
1426 2138
2680 2111
4769 1772
1843 5287
7820 2097
5724 1775
4189 759
8931 5436
5288 5288
8624 2379
9510 2304
6027 2365
5137 2070
3240 2154
2367 2367
7975 5264
1762 1762
4731 2349
6465 1766
8631 5443
7846 2291
2794 1920
2632 2188
2537 2285
3748 2033
7387 2035
7163 4153
3845 4001
6602 2165
75 254
3991 1709
8894 4315
1725 5766
2592 5428
8470 2064
4093 5531
6859 5494
4515 3557
492 2115
4476 5397
5043 5467
7785 1857
884 2287
1005 2186
7845 3682
9022 2347
7666 4590
6486 2221
4835 5425
3338 6080
5405 5405
58 2391
161 2260
811 5434
4571 5445
2058 1806
4543 2071
1807 2383
3237 2370
1285 5385
2197 5364
4341 2162
6997 2083
5142 2196
5158 2057
2132 2132
8782 5263
6545 4474
5447 2140
1246 3556
5616 5616
1731 5651
518 1706
6503 2067
7886 2174
2420 2363
3242 28
2368 3673
7900 3671
9674 5530
1857 2151
1817 1817
4682 579
9098 288
8930 7599
7423 3796
4181 2098
7196 3661
8599 1729
6395 5452
9920 2343
2372 2372
2746 2371
1908 1908
5686 1801
781 2158
348 1747
9033 1774
2376 6077
7634 1552
1864 2335
5477 5477
8010 5400
7756 5680
6959 1773
6614 5368
3963 3582
737 2284
741 1724
3117 3574
2303 2303
6121 1732
7080 413
2516 1876
7739 6142
7285 2435
1990 2136
2135 2135
4292 3688
9174 1901
6233 2105
5302 5302
407 4131
429 2364
7219 3674
7392 3980
51 5272
9950 4345
1806 812
3386 5628
2649 5969
8113 3670
4679 5961
425 5466
8254 5539
6911 3684
2099 2397
1733 1733
4370 2167
6055 2337
2410 2410
3750 3750
2306 2306
9329 355
5812 5327
869 575
8218 2375
899 2168
893 2123
353 814
4822 1695
7871 4579
8594 5941
1627 675
3672 3672
3346 7923
445 1767
6134 4133
7141 3680
6244 2235
8447 5284
3972 2266
5171 5375
4240 4449
5006 2332
6268 7478
2298 2298
5660 4310
5552 5552
7731 5710
1411 5526
3783 4305
8211 5679
8018 4353
2505 3666
9425 2036
1904 3979
2220 2220
4600 5398
5418 5417
1408 2028
6102 2345
4212 2305
4066 2053
5527 5527
6877 5422
8739 5542
7467 1912
1321 2090
2229 1915
7206 4319
3789 7463
8862 5444
6286 5891
8320 2212
9675 2181
8609 5518
4823 2086
2063 2063
2996 3351
2000 3751
128 5402
5443 4414
9234 4312
10 3577
6909 5376
4929 5935
8 3991
1373 5925
7501 2199
5739 2264
5465 5465
680 4942
2813 5371
6310 4328
482 5496
8998 5501
3724 5670
1395 2330
669 2190
185 2395
5974 5974
3659 5490
9574 6268
7508 4166
499 5942
5549 5549
6079 6079
1387 2415
2169 3646
7475 5482
992 1791
9180 8074
6040 4134
6912 5880
8387 580
8715 5476
2247 5481
8901 2137
7089 3537
5759 5759
3951 4516
7690 2081
9511 3373
9772 1786
5710 2200
5734 1707
8296 7024
8313 2201
3811 5304
6770 2233
4419 5543
2819 8085
9322 4136
4997 5395
5374 5374
8043 5470
8762 5497
1832 1146
1916 1896
4231 2211
6312 2038
5769 9023
1903 1903
7524 7524
5725 5725
3179 5426
2091 2091
5040 5478
5981 3659
729 5308
6620 6620
9995 251
1258 1743
2832 3660
7700 4666
7596 7596
2775 2145
4301 5458
6716 5442
2325 2325
8902 3668
8552 4311
5605 6078
8124 4337
2158 4132
5895 1736
3686 3686
5535 5535
9328 4320
4999 8043
56 5283
9490 4609
5488 957
6549 2042
2431 2431
4459 4155
2189 3627
2359 2359
5617 7597
163 495
8632 1831
8224 4002
1552 5330
7343 1760
8287 3169
1911 1911
8984 5381
4803 5683
3331 7928
5472 5472
5807 5492
8049 3694
3352 578
7069 4129
7825 2433
4911 1821
29 2236
2530 5707
9858 5276
4492 1852
6359 5767
2008 5791
8306 2152
2831 5469
7993 3687
8496 5534
1479 1913
2233 3987
3411 2048
7605 2110
4227 4483
1573 1744
4141 4335
4851 2326
2483 4338
1713 2087
5822 4573
5965 2054
3303 5714
3467 1918
6511 5475
1086 1909
6853 2518
4290 2161
2074 2074
6283 2241
9165 2104
2154 438
1427 2078
2077 2077
497 5431
2028 1895
4563 1702
4037 1781
9305 2288
677 5463
3627 5540
6581 2290
478 2157
2970 4038
5789 4408
9696 2153
2242 2169
2092 2092
4461 2377
1136 2253
9275 5471
2170 2170
5659 6063
5836 6571
2307 2307
2075 2075
268 2328
1853 2355
5550 5550
653 2381
2381 2380
2202 2202
2186 2369
2103 5541
8455 7037
7401 3685
4847 5003
7323 2082
4208 3678
1574 1864
8501 446
7675 4045
7166 2066
8659 2026
226 2182
9088 5669
2883 5363
1845 2065
2779 2080
241 2031
208 5681
1206 2171
1787 2358
6396 2428
3486 2180
5088 2184
3893 2047
4082 2327
1452 2430
4956 2411
750 2417
699 2373
4218 2412
2412 2427
4230 2322
6435 4437
4317 4317
435 4680
5097 5878
1924 209
720 4461
9039 9039
9849 8036
9622 3550
793 5406
2829 4130
1934 5678
6669 7600
4039 1697
7773 5646
865 5544
8817 8093
1199 5768
9325 7480
6656 1885
2614 6294
3662 3662
7185 1884
7131 4326
9814 784
6277 6277
94 3555
3784 5396
9231 4979
2590 3775
331 331
3281 803
7901 5313
9983 7469
1761 1761
835 1899
1579 7067
153 5932
3696 5537
3477 1719
8259 5455
7953 4340
4468 3664
3474 4173
2749 5267
9244 6129
9829 1891
7056 5291
1679 5765
8269 4941
5536 5536
3153 5647
7916 6922
6249 4656
7223 1782
3107 3679
2608 5298
4946 5299
5711 5711
1611 1803
7570 6240
8280 576
4507 419
33 5324
3986 3986
1307 7229
3011 6076
3683 4318
6059 6059
1736 5895
3427 5723
4644 5415
112 6379
9047 5351
5943 5943
7091 3683
7307 4684
1921 1921
8759 797
8728 3681
4268 4172
9100 1771
991 6112
5933 1763
3685 1815
8652 8049
5091 3689
2115 5378
8006 1708
9370 6111
6292 4309
6485 6665
7395 8037
404 8084
469 4981
2201 5712
4707 1756
7124 7124
454 757
1543 6243
7663 3693
4643 5754
7676 790
6380 5265
6387 4159
940 1892
7709 5473
8717 6075
9187 7526
3544 8048
3267 5654
206 8038
5973 5973
1909 7054
6764 1705
6519 5348
4330 4330
27 5403
3937 4000
5644 5644
6958 528
8741 5977
8678 8011
4963 5652
8999 533
9253 5623
8969 3776
369 5331
7588 7588
8386 5462
7346 5285
8511 5674
1869 6605
9241 6596
711 6595
3178 7777
6043 4321
4792 5685
1511 7043
1208 1828
4260 6117
3726 3726
3379 7020
6106 7062
5576 830
4316 4316
144 4360
24 5605
3147 3560
9308 3954
258 8039
2736 4139
3251 3959
5524 7009
7541 3695
8881 765
3537 7112
4457 1799
6024 5547
2025 7929
1296 7530
8761 4423
3635 5948
7324 7008
7598 8386
6270 5290
6745 6745
3663 3663
4306 4306
4157 4157
1368 6528
4766 5314
8708 7077
7529 7529
8107 8071
5144 4142
5517 1900
4613 5643
5743 6138
7732 4934
2878 8027
8503 1898
5912 8831
8975 7550
4657 4657
3989 3989
4258 5317
7357 286
2019 4046
3673 2130
139 3697
6862 8005
3396 4989
5347 5347
1964 4041
7727 8091
3464 5429
2015 4956
9172 5686
2920 1875
1645 1883
1523 1523
217 217
7909 4135
6098 1765
1144 5322
523 7028
3879 4959
9332 5677
9460 5901
1897 1897
5699 4331
9403 9024
4739 5577
7034 4327
4328 5653
3292 4165
202 6065
3882 5608
1874 4152
6561 7197
6392 3578
8108 5502
4058 3634
8035 8035
5775 5775
1928 1928
8677 4966
5633 6542
5874 5756
6441 7164
8960 5312
248 248
5675 5369
5615 5615
8521 7523
7671 4339
5678 6089
2127 6427
4969 5338
5427 4485
6331 5407
5483 5483
14 6706
6159 7155
8052 8052
7199 8041
362 5448
7590 6124
5324 7470
9735 7799
2681 825
317 7042
7623 4418
2243 5770
5099 5099
577 577
4860 5408
6696 542
2023 8000
849 4145
6295 7014
6086 6086
2616 9063
2532 3709
3413 4307
3613 1735
7019 3536
6232 5668
2014 8053
8022 7095
4671 4671
990 5897
4863 4140
9389 2424
8101 4460
792 7668
7882 7154
753 753
826 8072
5888 5888
7628 7628
1506 594
7038 4937
4004 7049
6293 646
2594 7732
5183 3676
2967 5774
9848 4471
4845 3561
9310 5503
4257 5631
9352 7653
6915 4196
9461 5606
4453 1787
1668 5761
3654 4143
4443 5468
1042 4433
3660 5881
9334 7462
666 7483
7613 4694
6474 5772
5813 5318
4921 7118
438 768
5382 5382
5119 5277
2492 7126
3458 3982
6788 5553
8874 8874
3931 7549
1766 4144
1466 5479
4329 1902
1150 7048
7796 7796
8994 7017
6255 7615
2944 6067
6753 3326
5071 5303
9579 5238
3616 8918
3536 6526
5311 5311
860 8030
2512 7036
4475 4436
8024 7030
4382 5370
2317 1925
7154 1191
1882 1882
6747 4151
3776 1699
1769 5409
5214 1851
3234 5484
6119 287
5469 7122
6473 1698
8261 5525
953 953
5703 4042
4943 4943
9252 4332
6116 3800
5670 5102
8769 1757
6371 6371
6956 7061
2032 6114
3894 3798
4159 6387
9961 7093
4547 5579
7682 7682
3787 3172
4194 7091
9045 9045
2434 5726
2285 5655
1335 5962
2133 7075
7282 1914
5991 3580
7220 7220
1685 5908
576 2210
6294 7328
6248 7580
1037 678
10000 5538
938 5339
1177 4862
2968 7047
409 8070
9568 5089
3419 5569
3992 3992
1513 6414
8492 5902
2793 6584
9324 868
1811 1811
9142 8186
4612 4612
3353 7016
7802 5394
4635 9064
9906 3700
2817 758
8888 5218
7606 7606
5470 4398
8300 7087
2165 4156
2758 6043
1704 1704
4485 7021
7203 7203
1984 7797
7591 4171
4414 4018
8933 7116
1329 6287
4633 4633
2086 6374
8440 5657
6685 4586
2807 8973
1185 6119
6611 5459
771 8020
8484 8843
1047 4141
2383 7072
7066 7066
5893 7053
1522 1522
1124 7073
6057 3630
9913 8009
3505 9025
1417 5321
6597 4419
8198 7039
9204 4611
1683 5939
1800 1800
4239 5938
3966 7079
2526 3636
7928 5163
8988 4417
5557 4610
4978 4978
9337 8095
2256 4484
5277 8915
37 5642
8122 3144
5954 5656
6576 4412
1686 4341
2994 6083
5726 8042
7117 7117
43 1879
8611 1840
5274 1866
6064 5072
4085 3552
5249 8836
1947 5286
9300 7474
5266 5266
2689 4583
3271 4455
5926 1741
762 365
2119 5545
9592 4362
600 4983
9831 7146
8737 7180
2248 4313
7149 4574
4420 4420
18 8985
3715 6424
6424 5927
5379 5379
3733 3638
9125 1789
2207 7594
7098 6423
1083 7167
2639 3707
5849 5372
7174 5377
9789 596
5824 8012
2444 7165
5831 5194
5306 3699
470 5971
6093 8185
7119 7119
1270 8006
5076 8443
2120 6847
1861 5970
6135 7930
8431 6664
5784 7636
2283 7115
7418 4613
1604 7182
4160 4160
420 5297
4076 8108
8562 5693
2342 8088
2479 7070
371 371
6978 7601
9209 4622
5629 3996
3100 7171
6374 6093
1445 4006
1274 3554
7655 5414
4570 6289
2315 5365
6271 4965
7053 3581
5059 7527
5496 6068
5928 4990
7832 7142
3250 6071
3236 5230
3003 5755
8916 8916
8359 7015
3734 1334
6586 7479
4985 1292
2226 7618
4500 8094
1121 9410
1757 8034
7365 5610
181 5957
1626 6100
2335 1727
2593 7057
4242 588
8681 7144
5648 5648
8583 7068
530 5930
5625 5625
9615 5453
1223 7026
7794 7728
5305 5722
8713 666
9091 7631
709 4329
2789 4584
9058 5627
6535 5551
4948 4948
9944 4323
8089 8089
6285 9392
4598 772
7326 5728
3642 1779
9708 593
398 398
6495 4434
5462 3748
6348 5940
7402 3558
514 3710
3430 7011
7242 8137
4615 4308
3318 7475
7602 7602
3060 7183
5432 5279
4827 5418
7010 5944
7172 50
7641 5909
3995 3995
9164 3665
1334 789
7480 4442
3863 4336
5607 5607
4344 6575
7550 682
1868 1868
6797 5721
1734 1734
4855 677
9931 6064
3960 7206
5810 5810
859 8059
9412 8026
5466 6094
6417 6066
1718 1718
2683 7045
1240 4147
1498 1793
2772 7651
1198 4138
4947 3736
7895 4198
7396 6773
6308 4429
6538 7737
4772 7825
8818 4324
538 4154
2693 6136
6935 312
8996 5380
2715 1592
9188 5500
4663 5001
180 5187
6143 9386
8464 3708
9256 8131
4279 372
5316 5316
5720 5720
3278 6704
785 1696
7157 6126
6355 7101
2786 6095
5780 5952
5757 5757
4077 4463
3230 5667
8920 8134
9973 1582
6987 3628
7121 5234
7205 1776
8598 6578
2157 3631
1695 6384
2797 4608
2837 7135
4575 3619
4337 6671
582 1890
1351 6543
7260 8127
7822 5926
8059 6395
7029 7029
9603 7156
6677 6574
700 700
4340 7616
2456 1745
8047 8047
5899 5899
9910 660
6328 6328
9190 7133
5570 5570
329 8841
3217 7046
535 7801
1550 4477
4390 4390
4501 4598
5290 9400
1027 6385
4858 7168
9787 8150
4922 8075
2915 3571
733 733
8081 6616
2910 5918
2778 5170
2965 6888
3471 1247
7009 9385
5480 5480
3295 5790
1364 8033
5906 5906
6323 4044
8510 5980
7856 5905
6260 6260
8815 6874
3148 5221
5029 756
6737 3730
9117 5964
8802 3988
1025 6594
7723 7723
8039 4607
9326 5890
2645 7141
9346 4685
4450 5373
1304 1304
9408 4426
8394 8919
3027 7114
4452 4005
7022 6573
9902 7022
2478 5682
3512 1748
9031 1204
4573 7727
1958 5882
9017 6152
2557 1888
5159 7010
7130 7130
1067 8133
1591 1591
8134 1788
238 7051
3611 794
2470 4148
4579 854
7473 7473
9430 5619
8441 5624
2036 5446
2613 6670
6322 1880
6830 7103
1197 5872
9266 7027
643 6697
1883 7166
2858 7127
6808 3624
6698 1713
7969 5928
4749 8126
9792 304
761 761
7782 3162
7363 6097
686 595
6497 3732
663 7125
6452 3616
3163 816
7065 6139
5498 4322
7233 5666
8362 5412
6674 1231
9575 8097
3788 5424
8099 7991
7161 1333
9277 6672
5327 9391
7964 5945
9991 1403
7543 6127
4493 4164
8015 8015
5150 7736
7483 7745
4774 7052
8145 8145
4352 4207
9232 4951
7809 7809
5419 4518
522 8123
4724 699
2755 7977
197 7610
4059 8850
4599 4599
6377 7137
9665 7178
8191 7106
2450 6019
6933 8718
6366 3637
6364 3692
464 6564
7544 526
7688 3641
1469 4137
1707 6110
4243 3635
5790 7025
9826 5684
2991 7092
8094 4696
4166 890
8384 663
1999 188
9335 883
7938 7132
7528 7528
3195 738
6269 7153
1702 6390
3873 4031
1354 6993
9279 5224
4162 4162
2674 9080
8947 8881
8155 7630
252 5557
9497 5931
9855 7222
9893 8875
5976 5976
6160 8125
4703 7120
6385 1053
649 649
8566 6834
4098 6753
3691 3691
7894 6246
5027 5936
3714 3714
8217 5275
220 1283
5322 7131
2291 7111
3650 6108
1459 3575
9429 7023
3144 8122
8073 5206
286 5713
3795 7040
4383 6422
2021 6585
8425 8425
8071 7013
2535 5979
2743 1353
5942 9408
1054 9082
4447 8140
4647 8437
4797 7461
3328 8023
816 3163
5604 5411
9290 6098
83 7476
130 7608
90 5326
1361 3621
4028 3589
4593 4926
2267 7893
2485 4580
7665 8124
8499 3364
4754 8434
341 5621
2017 3632
1808 5019
3223 716
9800 4333
1951 6850
7569 222
1723 1723
7754 7464
7208 7019
4298 4298
957 5776
9424 8889
1152 6327
9590 5784
3586 3586
6063 7074
9078 6397
6111 3620
8711 681
6755 7603
7603 7604
9589 3629
5788 7050
9634 3642
8755 8755
833 4698
5491 5491
6321 1919
7599 4585
1228 9014
7137 5716
5588 3292
9765 6666
8333 9401
9688 4424
8068 3696
3826 9406
1636 6581
8487 5959
906 1176
5457 5457
3132 4163
4415 4415
8421 8421
1558 3727
5444 5645
4815 1917
410 6373
6060 5671
6860 5006
8875 597
214 8129
6831 5641
1776 4604
184 1572
6496 1751
4361 4361
829 5975
9576 8111
6876 8130
6315 9061
6039 5954
3814 5236
1467 5451
2849 7605
6373 8837
2550 7773
4151 6747
1759 1759
9271 5622
3562 785
3168 9053
5791 9054
3820 3135
7158 7158
5885 6380
5246 1869
1738 7152
6861 6861
1675 8142
1865 1865
6180 6516
4111 5088
508 8921
4549 6669
574 805
7979 7731
7138 7901
3061 4677
6072 5399
6307 828
1029 1749
754 754
967 9125
1065 1778
9081 5993
7351 5546
3155 6101
592 592
5030 7295
6182 5649
370 7346
3907 7338
5463 3733
5803 5474
2846 5389
2056 3158
1822 194
7410 7138
8260 8391
9664 894
6457 7541
1739 1739
210 5896
3054 7993
8966 8044
5851 5533
19 8136
1530 3623
6488 6534
6857 6857
6607 6607
4169 6674
9202 1257
4473 942
5877 7769
818 818
6339 7820
2140 5447
6542 4515
7717 1094
145 6106
3086 9384
6245 6245
998 8028
5149 1878
4800 1250
6547 8076
9863 7466
2845 9272
2414 9050
889 1389
1399 6115
5682 1305
3934 5885
3126 4450
9743 4600
7531 9388
1309 7308
6949 1387
4416 4416
1107 7342
359 229
491 4343
4425 4425
8851 7018
1894 9266
8957 3200
8968 1164
6148 5386
7610 3305
8030 740
8318 1837
6445 3645
5565 599
7711 5390
4428 6153
8146 6763
7781 4960
8448 800
5560 9020
9276 9276
7106 5783
7698 8385
6084 5189
6964 4427
6739 6375
3689 7885
4962 4962
1705 7145
9404 336
3059 226
1888 5350
1677 718
5034 7076
2859 5663
7144 4915
6667 6667
8065 5355
6875 6875
5631 7211
4053 7872
7013 679
6219 5636
305 9021
7995 6520
1006 7298
5680 5613
8371 6048
9754 8092
6033 6033
2962 9269
7726 4396
8719 3713
6551 6073
7695 7563
8031 4971
981 4
5409 9290
405 8559
873 7031
7292 970
8532 24
8382 5121
1149 1746
3578 1388
2223 269
4933 1284
9052 9396
152 5278
2147 9291
9578 7975
5709 5709
8212 184
6129 6107
3925 7094
5672 180
9509 8254
9168 7170
9418 291
5563 5563
7824 7824
4877 4441
1221 1221
4 8138
8062 7645
337 6085
9398 786
3632 207
3692 6843
5489 5489
6267 6267
5545 6250
7122 774
1512 7678
1110 1110
3619 8120
6101 3155
7135 3783
2253 7974
8494 515
4984 7998
6803 7245
7281 4439
9722 852
3373 3983
5964 6530
2700 6162
99 9277
9250 5245
8077 5919
1962 6158
4088 9131
4645 7071
5471 3752
6782 1853
9782 8423
8179 1160
3892 4344
4440 4440
8132 5498
2153 5519
809 6856
7992 7992
8626 5695
6848 6848
6036 9390
7484 7484
1229 6104
1134 5920
9482 7918
5540 5673
4050 4667
249 1131
1559 1770
8401 9040
959 4397
7823 7012
8896 1593
3702 3702
3921 6388
2777 8541
706 5293
4314 4314
8242 3301
483 9026
8668 8112
7088 9285
3890 6846
8086 6134
5609 4533
8946 1158
7338 5556
9930 6510
7109 5956
5289 6113
7635 6084
4568 4974
2943 7561
8967 4421
3818 6995
6971 1264
6264 1068
7330 7330
8137 6593
5989 4638
9441 4395
813 813
597 1822
367 4488
2293 3738
8160 6994
6109 6109
9515 1871
6273 3596
6571 9394
3908 7140
2847 534
5722 5135
5358 3652
645 364
5731 8132
7236 6997
5424 7069
475 727
8727 8245
3064 4927
8680 9519
749 8420
4793 4793
695 4428
1876 9083
3542 6160
4045 9398
5155 5235
3312 4877
4090 5156
6061 7746
6979 8428
3593 710
9867 8135
1281 694
7481 7481
240 9019
8471 1260
6728 1874
2541 7808
9156 6886
7134 7148
639 7216
6091 6091
6678 4402
4376 7163
9694 6389
5880 1783
3694 7535
5352 5352
9028 5328
8794 8794
866 5662
2044 1858
7632 7632
4173 8433
5104 5103
8128 8128
9477 7696
3159 3159
5521 867
5417 4929
788 788
7283 4011
4897 1295
4930 4930
3707 7100
9338 771
527 5387
1096 1096
830 5319
5024 9049
9591 5205
5499 5499
8686 4410
3384 4243
9864 5233
6982 3792
2433 3640
8378 4949
3502 202
6618 6618
6795 9027
5485 7614
2143 9411
6016 1022
3435 7896
3402 8802
3462 7223
1396 6903
4517 4517
4462 4462
9148 5789
5269 4991
5972 7472
782 1538
823 823
2330 1802
3652 1062
5518 1306
5167 7819
7775 7775
3052 7978
3114 7221
7991 4404
5543 5773
5508 5508
9707 7264
755 755
2597 5575
8970 5343
2691 3576
7966 7966
8568 8099
8962 8098
9540 6081
443 1805
7523 5929
5881 1870
7133 6163
857 6239
6368 6368
3762 721
2637 7846
8808 9413
1692 4575
2429 2429
4035 4035
4060 9297
9348 9035
293 6248
2240 6102
1963 4401
4364 7311
1194 1194
2889 9270
3591 1129
5399 4405
4839 5244
3722 6092
9050 3365
9383 9383
8438 4003
8743 4935
1167 1792
1961 3184
598 598
9449 8880
2976 5779
1470 7041
9662 8096
8972 7225
7937 4342
2951 1177
9965 7248
5206 9263
9421 7262
5554 8440
8274 7243
9354 1816
2454 8054
5259 1596
1235 1241
2037 530
9646 5053
8453 7814
3203 7090
6583 1147
6459 6402
2392 7157
3125 4334
676 5590
9993 4174
7636 6876
4303 1157
6216 1847
5684 6370
5697 6698
6521 5164
87 7339
2873 1873
4220 855
6568 3654
199 19
2717 6141
5715 5715
5846 3232
903 3287
2518 6118
6633 1804
557 6837
7668 2262
6125 497
5007 5007
4484 1922
6414 1261
2134 6103
1004 5145
9493 5578
3231 3167
1694 4464
6404 5165
8840 1860
406 1253
6401 795
8135 5571
784 7637
4941 4537
9381 9381
9087 7702
413 7080
9771 6577
3573 4486
8736 9283
746 648
8051 6668
7416 7416
2380 5349
7068 884
9089 5730
6724 6872
5915 6061
6752 6752
8424 5724
7830 9052
2299 1535
3272 5560
2617 3712
4471 4400
8095 7161
7129 4528
5394 7536
6096 6096
6462 4406
3637 7172
9358 9404
6771 1764
1777 519
3735 1808
2193 3728
545 5416
7345 804
3007 6288
1371 4022
8655 6576
3189 8389
5958 6364
5618 5618
6794 7638
3526 7044
4191 1584
8298 239
4293 4037
6629 7102
170 7567
4987 8852
9423 6531
3481 4438
7004 8029
8383 4945
5627 9058
707 707
1310 4596
1441 9399
6601 7139
1862 3734
1823 1823
4465 770
5567 3622
629 7477
8166 6908
8925 9271
4327 6281
9289 5718
2574 5269
165 5995
7852 6907
7540 476
8505 1242
5729 6998
7930 7104
320 6570
5361 6116
1672 5981
8657 5567
6887 6887
7111 1953
2626 7969
4422 4422
245 9275
7963 7963
3596 7113
2515 8980
5331 1265
6383 6383
1404 1404
1170 1170
1662 7962
7932 7729
4373 8045
4616 4616
6985 6985
1981 4534
6287 5609
5674 4030
81 3609
9486 435
5949 5949
7332 7332
1123 4431
6921 1587
1919 3567
6868 1339
4351 4351
2990 2689
6817 6249
803 8746
8575 7997
9880 3981
2673 3887
1073 5950
8236 8589
6513 604
6564 3626
7505 9417
3001 1881
6878 7540
9274 9274
2827 9409
5800 6701
5595 7267
1842 3150
5593 7981
2188 7662
3668 8424
4339 8143
7706 7971
8653 8754
5894 5894
7618 7891
964 964
191 7761
8826 891
5205 888
9981 1824
7584 7372
8490 7843
5003 9422
1322 8051
1653 7598
8893 9516
4652 1240
7160 7160
2615 9387
9036 1067
7083 6749
3452 5246
3944 8435
4814 1369
2466 1233
6937 5086
3938 1583
1257 6082
3595 3595
1191 6300
8498 8498
40 7266
6332 1165
6345 6345
3666 3346
4973 4973
7118 1286
7617 7617
4407 4407
3729 8102
7393 7393
5055 1028
5383 1171
6408 1106
1055 925
2843 205
7377 8040
6533 3353
1127 6840
6967 860
5265 9047
3161 1108
5229 5229
225 7543
1846 7965
9673 6377
5558 5558
7435 6020
2384 9159
4940 5242
6552 1217
6609 7296
8007 6032
3142 931
8201 7147
5922 3233
3781 5005
8880 9043
9927 6241
3320 3773
9026 5690
4534 7134
2473 6381
848 3651
6566 9029
5197 453
2517 8013
5166 8946
9380 9380
6247 1057
4602 5664
2759 4972
2200 6992
6436 215
6440 7444
525 525
59 1956
4639 7964
3753 3549
7667 7060
6276 8888
2558 7239
7806 1027
2459 8917
5548 5548
5500 9407
6726 1246
7269 3010
2331 1200
7095 7888
6108 1155
3805 9022
6856 4473
1253 406
7765 4964
3329 415
8489 6231
989 7525
8604 7254
3743 3735
1192 1192
3423 7738
4249 7867
8518 7414
6012 7837
915 5660
4193 7098
4951 8445
7039 1366
486 6838
758 1271
6720 4288
428 6105
8750 9056
4472 7781
1841 7349
916 7680
9690 4886
2658 7643
7370 5978
2349 7159
5296 5296
1013 8003
4957 4957
2572 240
9264 9264
3516 3720
5398 522
3150 8392
3993 563
9564 3139
5199 7725
7977 6099
9689 3978
6694 6694
2215 7640
7614 5554
7156 3199
854 6278
8411 9279
5504 6325
3615 3615
6290 5222
4247 4161
8000 6120
9778 8240
820 4199
5940 7331
9896 5098
9871 9070
5871 7555
1023 8950
2660 430
9999 6072
6427 8159
8072 8762
6150 6150
9671 1923
1515 7759
7538 7538
5054 934
127 5512
7581 8876
4052 7105
1444 1444
2897 8087
1035 4955
5551 9065
7885 5091
8860 9296
4535 4535
5189 775
7181 7181
3455 5632
7424 4445
7037 8455
5681 208
5377 3729
3221 7666
7249 4476
3268 3701
9777 793
772 8502
3675 3675
4152 4887
3643 3643
8693 4435
7855 1127
209 4967
2177 1714
6266 9389
6430 6430
3862 247
867 1810
8520 3329
5656 4506
8587 945
8014 8014
11 1360
3395 7816
7877 7387
2422 1082
5918 5580
5261 9418
5575 7786
752 752
8886 6754
4794 1205
8138 1249
9874 8612
7769 6159
7291 7032
3118 1575
9763 5994
6357 1097
8556 8556
5139 5139
5571 5672
610 6090
1651 5148
6640 6074
6608 994
7608 1243
9061 9006
7604 1174
1475 7210
1690 8927
5636 8441
3793 2453
158 6871
4686 5151
4309 1237
7079 8539
4022 9405
1957 9273
7221 5093
7217 8940
4664 8439
2281 7670
8672 3588
8989 4891
9105 233
5910 4947
774 7620
1614 1166
3556 1188
1641 7764
4456 8419
3138 1058
6826 1213
9952 1703
6242 6242
6155 6155
1824 3247
2570 186
5134 1216
3265 7347
6644 8448
3703 652
7235 7235
748 4478
1178 1178
1819 1819
3612 5161
1483 5985
2274 4950
3344 751
5585 5611
9977 3317
7210 7568
5892 3698
1551 3677
1488 4356
3220 3220
2065 1818
4334 6755
5224 7260
4581 1215
1478 7149
8986 8986
5133 5133
6407 6272
3797 6858
1084 6069
9414 6088
4275 6087
3653 6121
5408 6122
9378 6298
1594 8032
6573 6332
6881 8975
7275 1863
3213 7151
7293 5249
5925 1373
6083 4924
1514 4527
3520 719
7545 8938
8804 7684
7826 7826
1012 3739
4375 8943
5312 8945
8943 8944
8397 889
8500 5260
5178 8560
3579 887
5728 7897
3093 5292
6703 6703
5459 7241
1048 6906
7108 1245
4503 6984
6900 3235
4413 6890
2663 1236
3622 1830
7813 1193
8317 1025
9948 6282
319 1269
8457 5391
9426 7547
8271 8914
1732 8913
3561 4639
2929 1113
6464 3997
4030 7344
1010 1374
4224 5337
6871 6244
9097 9097
7329 4469
7899 7899
6646 6376
6330 535
675 7817
6097 5122
3051 7881
927 6600
5373 9298
923 6914
8215 3315
2733 6291
6003 6247
5845 5214
5195 1256
3905 463
3375 6149
2174 8007
9580 7537
4725 4459
3186 3186
9773 4526
366 5485
4099 5486
4708 8825
9042 1443
23 9028
3980 272
8513 6884
5423 9403
7854 5430
1827 1827
1915 7548
3884 2382
7202 7465
141 3608
9049 9415
7999 8912
6890 4413
2977 566
9751 7128
171 255
6026 7873
2196 2458
8974 8464
2534 5460
895 895
1540 7827
6432 5576
1585 6768
6664 6841
3961 5101
3979 4168
2551 1337
8784 7368
4080 6003
6727 6835
8083 8083
2825 8885
5896 223
684 1227
8244 1375
4454 4454
6341 250
9602 170
6835 763
9786 7533
517 517
5209 1482
3742 5665
9986 6902
60 60
5227 5912
8595 1376
8181 6996
8597 5812
439 439
1114 730
9019 4630
9420 1476
2386 6417
4478 959
6218 565
4047 3731
7451 4536
3246 3246
1126 1059
3719 792
5297 420
7071 5887
2460 2460
4213 5219
1879 1203
5300 279
7188 717
9830 4034
5326 5532
810 1150
5982 5982
6773 1078
5705 8902
9427 9427
8906 8906
880 993
2187 7534
9217 7468
9301 5146
3256 7683
5079 5079
7101 5771
3141 3141
9756 7085
3349 7780
8892 2462
422 422
6763 1589
2221 1163
1071 913
8377 3160
8977 7281
1724 7304
4276 4946
7874 7169
4646 3374
1754 5694
4466 4325
8090 8090
1391 7471
8948 7265
2449 5152
5038 6883
3424 7860
7023 2015
6729 9268
4179 4179
6766 6766
3298 2461
7844 7844
8123 7065
2955 9412
2980 7902
1537 5149
1547 1039
1608 518
7699 1949
5600 1825
664 9379
96 5528
2931 5584
2800 1184
5929 815
7807 861
1001 7641
2419 762
4788 5614
5721 1049
4603 8050
2791 4270
7896 6696
8147 5104
3690 5786
8305 6188
4182 4182
5744 8116
5242 1862
3772 4559
9672 1377
2523 1254
7633 5192
6762 7895
65 3148
3009 723
5262 801
6786 8983
9776 878
6367 903
5704 650
1603 1785
1969 1061
839 5719
9887 5013
2909 16
2974 659
8752 8752
7240 3644
1049 4523
9057 5342
6943 6598
2327 7348
9055 9055
6389 540
8098 7218
1937 1777
5809 655
3249 1230
1721 1721
4367 1234
8548 7593
6632 926
8202 8202
8495 5934
7175 7565
4695 7185
6873 9067
1803 9712
6466 8879
808 808
5116 5124
7745 5203
2421 8078
845 3300
1539 796
2720 3187
2087 1006
5839 1091
5332 1007
9023 1209
1918 7823
9861 5661
2114 7798
9284 5174
4168 8465
5841 1573
4802 8227
9293 9293
8623 8905
6845 6845
3609 1145
5978 1116
1109 1109
9767 7900
224 224
665 6987
789 5785
5039 747
9949 3383
6103 1425
344 5150
5164 9600
4335 5016
7762 193
3238 769
3620 181
5946 8830
7445 1358
3188 3188
351 4992
8446 7821
9679 7884
7564 7564
5842 450
7381 6583
7063 7063
3519 6617
1218 1784
4817 821
4491 537
2647 1893
5422 7224
5520 5520
8434 241
778 7967
399 399
7532 5191
5913 5955
4252 4184
765 1340
9038 7340
1775 8067
9757 5617
1346 9062
5225 1104
4836 6432
2607 1289
9260 8561
4762 1138
8066 9132
4332 989
2337 6880
2721 9300
323 7671
8251 899
4042 7958
6222 1258
3390 5226
1211 1211
8154 8154
890 1323
2239 1235
4324 3625
9845 6750
3952 3952
565 7558
5612 5612
8203 4570
722 722
1564 6991
1275 4571
8961 8961
3255 5517
760 760
3347 7858
3669 7581
9549 654
2867 7327
6058 1083
5692 4695
3193 7972
5461 6919
9962 5630
9710 9710
2606 7794
5546 3799
7211 8004
8515 6353
892 1598
9269 5922
8319 1780
3324 1266
5645 7108
5281 5307
1906 4918
3128 8022
9182 7634
8410 6236
4150 4150
3634 3212
5303 4176
8633 7250
5066 8901
8895 6290
3108 1280
1133 4432
9898 9436
4711 3771
8276 4505
8268 6988
7920 3762
5392 857
6779 1051
1226 1226
7116 4158
8304 529
1671 1181
9315 9580
4427 651
3822 7409
2486 810
8458 6344
944 1238
7388 8031
7943 1931
1068 2456
7360 7758
5766 5946
8265 3617
9213 1121
4868 5966
4211 494
9884 8008
660 4963
7534 4010
3645 7557
1392 8959
9048 8436
7869 7869
9761 5450
8396 1348
9513 1390
5218 1212
9299 4246
4781 4542
1737 4012
1938 8839
546 6419
4659 764
8577 7976
2666 7983
5649 5758
6176 7890
1024 4239
3397 9041
8576 872
9051 9051
8367 7268
8350 7208
1043 1291
7412 9161
2328 9292
4821 7807
7482 8383
3235 491
5921 7175
5138 6769
874 874
9604 350
9307 3198
4972 1365
9817 1037
9085 605
8289 901
1093 665
9642 9642
715 5559
8393 8904
2676 8450
2446 2446
412 1207
3468 8444
2389 9281
7799 6762
7812 1452
6804 1228
7052 1700
174 8897
904 8896
3280 8898
5695 1001
3192 8893
7779 1325
3288 8046
1295 7556
8819 8792
1780 9280
5425 7961
3293 3293
4400 893
7861 1585
6567 5110
1933 6580
6627 8141
2923 8756
4180 421
4685 3218
3014 4614
8189 451
232 912
1243 1070
5962 3173
8226 8226
822 822
9924 7985
9001 782
4072 7841
2919 1085
3426 7722
2785 7644
8903 8903
6390 7836
8117 1074
6942 1364
50 8920
917 8679
4672 1248
3853 3703
6319 6855
1040 1040
882 882
2136 6060
392 8930
3567 8929
2353 1742
5634 5947
6570 8249
9273 7658
6962 9437
103 5167
7375 7375
9004 4291
710 5127
8889 9424
3618 991
7878 7878
4163 8113
1717 1872
5442 1725
4843 1599
3418 7812
5280 7648
3020 4919
6237 6407
724 724
6518 7150
7741 4636
9129 8987
4038 7607
6772 6772
567 567
7804 3618
4040 4040
9985 8761
1557 8923
6838 8892
8991 8900
2264 8910
22 8894
965 8842
8842 8895
109 1041
9978 9402
3510 3217
7654 1149
1471 8499
679 5213
115 7467
1584 690
6056 7199
5413 5413
1342 1342
5984 459
4678 978
3097 349
7737 9302
6467 3633
1171 9066
995 995
267 267
1367 1367
3304 898
1912 1021
8337 1073
7515 8394
6996 1107
8926 820
500 1391
2753 8110
946 946
5441 197
458 458
628 7345
7337 6016
4820 7109
6705 6705
5041 1259
8491 4605
8064 3335
8092 1167
4701 7906
3448 7038
8768 9071
7831 9644
6689 1441
1802 1066
5140 6599
1449 667
1242 4594
1663 4893
1442 1442
1652 1220
8078 6923
9123 780
2635 944
635 6004
5412 8967
2692 1905
8357 3149
1317 6611
6469 4994
1620 5125
4662 4662
7718 9005
9994 1093
7487 9305
7356 1826
4531 1274
4826 3244
3501 9168
3670 7228
7340 3548
2204 1009
8003 7143
7958 1594
7597 6831
7653 987
7815 7354
6531 4980
6025 3985
7730 7730
6428 6270
3514 3377
1447 974
6351 3312
1436 7096
7102 879
5620 6252
5047 513
295 8301
2821 8302
7933 3270
5878 5097
1103 1103
5818 876
2345 3786
3106 4547
4128 5958
5075 1307
1643 1033
2131 7654
9219 225
8339 2449
3679 5487
5220 908
7143 1013
5339 938
3247 6421
2767 3690
189 189
4384 4384
1022 5676
2427 7647
6905 6905
1546 5589
1252 1252
4470 4032
7673 4954
4934 5029
4825 3253
9162 9162
1586 8791
3326 1412
5502 8121
4125 7570
9558 864
1207 1277
460 6878
2763 2763
9530 8168
2538 3572
1446 7774
6124 7542
5434 811
4482 671
6657 1056
53 1877
1273 9295
9528 6865
3431 9265
7502 8266
6823 806
8422 8422
3432 6156
5844 6885
9929 866
1669 7004
5738 5769
2002 8932
5031 6879
4524 4524
963 963
524 988
2618 280
5628 4548
5073 8816
342 6166
8398 8398
4848 5637
3939 907
7619 7619
1350 7553
9658 6009
1166 1861
2853 8430
6510 1179
4302 5658
479 9091
6613 1392
973 973
2895 1143
281 1354
935 935
5378 3265
7840 1455
1356 531
604 7392
6037 3309
92 7988
6410 8241
9921 5171
4199 5073
2374 1117
6013 960
4605 4544
8791 940
1338 1338
3987 6285
3031 7813
7238 7274
7994 7994
2488 1077
8913 1047
441 906
3836 6873
961 8314
61 5903
4586 1738
5691 499
2145 2531
2162 3080
6717 582
461 18
7027 4302
9246 827
4171 1199
1623 7739
3539 7625
7358 7064
1440 1440
3391 5984
5872 1524
6110 1255
912 787
237 2447
7224 744
1076 3189
8667 6990
1344 1344
107 7973
6393 4503
2417 6378
1437 1437
689 9430
3535 524
6500 7275
7568 766
186 8954
6919 6587
4775 8840
4489 9294
1379 1379
3517 1133
5364 231
4202 4202
6946 7233
1637 7856
1398 1214
3275 1206
6008 6008
9886 242
2209 918
1529 7657
6740 939
543 1832
1755 1755
5384 5384
6660 802
6468 7613
3676 7585
300 7822
71 9378
9245 4621
8427 7903
4012 6143
2236 6302
167 1717
1606 6897
7099 1224
2480 3138
6844 6844
8589 3543
1735 7996
372 3965
8554 6603
4988 1600
5635 5635
7444 7251
138 8555
4936 7373
4841 6515
4204 7270
3492 7720
8980 3299
5386 5620
1758 3174
7889 1418
1720 1720
8432 647
9200 5361
8459 8255
5505 8854
5655 1396
6548 1368
6082 4167
5074 5120
1927 8838
2742 1018
1072 9098
9054 607
423 4447
9272 1020
4816 746
5806 4646
1859 1859
6991 4995
1097 7177
9526 8846
9140 783
8420 1415
3569 1019
7070 5158
5128 5128
1353 1327
3008 807
1460 4047
9563 5513
5081 5081
6209 7652
5468 4595
8838 4186
1716 1716
9365 4986
89 905
5385 1285
8952 1754
2425 6151
7518 909
3557 4009
1503 9284
4023 1210
5307 4169
3276 791
5153 5153
5130 1156
1647 4700
7025 7829
6105 3245
9445 2455
7496 270
7114 4876
3399 6131
8286 1011
8207 742
4773 858
1313 824
8545 5211
7609 7609
6120 8242
4623 4623
5085 1417
7774 3296
6151 982
9167 5193
1534 4549
236 4873
1968 4911
2354 776
3712 6925
7386 4581
8955 7569
3233 1315
4512 4522
5778 8119
8517 873
5503 8427
986 7768
242 4377
2269 669
1280 4970
1474 1474
3800 6253
195 5629
6006 1385
1749 276
949 949
9099 9099
8157 8173
5051 1270
3080 5594
3345 1813
8679 1471
2007 5228
6995 657
9297 8056
7553 5691
7707 460
6947 8309
5338 5515
2604 6751
4676 885
8119 3256
9012 1302
8816 9312
6738 3794
7790 3269
2773 7352
3651 5325
15 15
5626 5593
1400 1400
3769 9435
9788 985
5163 6986
6282 7059
5035 7389
7875 7370
1630 7162
7798 6989
2101 1065
6004 6537
8971 8256
7165 8257
9741 345
2110 656
1596 3191
1078 997
4020 8252
8355 4998
7579 7789
805 574
5136 9416
1750 1750
1363 2441
5017 5017
6686 1208
2892 1159
6652 6839
1232 1232
945 856
4767 5310
5747 3525
528 7987
335 1095
9453 1251
6810 1384
6894 6894
8824 4392
1169 1169
3808 896
4710 187
1790 1790
5132 5638
4539 7806
3665 1087
2804 5117
5970 3152
6529 979
4387 1886
6710 1162
5960 5960
1730 7258
900 900
868 1239
84 7852
532 1054
2677 7246
3860 1349
8034 734
7919 777
2723 8251
104 1223
3641 5250
4680 1361
7366 7681
5207 5207
956 6132
108 9287
6907 7908
5094 1294
529 1424
4460 9645
1414 1797
8348 7378
7497 4189
8637 1460
2509 3993
7724 7724
7094 1072
4745 1399
6460 8253
1064 1064
8473 8473
7778 4592
4723 390
3721 1263
7288 7894
4540 4457
255 7381
8351 1045
7835 7835
4259 5953
5247 7097
4497 3236
4519 1063
1002 1222
6874 1324
757 5421
6882 6882
718 293
7902 8248
2978 4489
4143 1114
2823 1393
9953 1055
7465 7202
9806 1435
5486 1014
587 7405
3112 1275
7838 7386
5200 1318
5798 4446
8344 966
1431 1431
8533 3243
143 1814
1326 662
925 897
4280 243
6402 992
140 1031
5967 5967
6955 1076
5062 411
3270 1048
4729 7321
2768 8978
566 5253
5292 1416
7589 5000
9503 1525
3134 1453
4513 4513
6867 6867
1339 6868
2981 7402
999 999
8479 739
5451 1467
734 7263
2469 4409
2513 1722
8011 1410
3243 4538
5344 865
4304 1202
5111 1459
4833 5991
586 3278
5353 5353
2854 3369
9523 6157
3154 3154
1276 1276
6713 1196
6569 1461
3571 1190
7954 948
8993 1008
5380 1105
1836 5004
7923 3763
6761 5108
3764 3764
8061 3368
2346 8146
3442 6854
5993 7756
5998 5998
4716 1463
5061 538
1205 1812
4133 1758
7253 2459
1500 1701
246 1740
5240 3286
5295 4206
201 3612
863 863
6370 1650
6324 4508
7680 916
5654 3192
1914 9042
5495 1100
4924 904
3747 5778
2302 1273
9912 6748
8570 7624
4596 8948
7858 697
7280 7280
7580 6161
6479 1092
9916 7751
2653 7192
5603 7912
8088 1112
5217 7740
9059 3201
2751 1397
7881 4497
5574 1343
6895 6895
203 5777
5793 7914
3101 1916
1244 1244
6224 781
1667 5268
8033 8457
4961 1386
6760 474
1298 1298
6936 1278
8716 1038
2150 1071
9353 6683
6575 1183
1017 2450
6916 6916
2255 5227
146 1329
5180 5180
9560 969
5750 7360
9850 1768
8821 1035
1772 7121
7744 7744
455 5200
6742 1357
3560 1454
3083 8596
5797 367
4527 1046
9623 5633
2667 7688
921 921
6252 5232
2490 4637
4158 9102
7264 986
6998 1795
1328 1809
678 1798
6781 1737
1902 1794
7681 1820
652 1807
4011 1715
7897 6508
9447 1796
2870 1752
1815 7058
6879 6597
3225 4896
8263 1952
8151 488
1746 1272
8544 8426
3773 3320
8914 1710
5251 5166
5935 8848
8742 1408
8941 1335
95 473
5663 1711
6177 8244
6695 8877
2288 1586
8940 7676
8403 1406
1889 1351
9127 741
9644 395
2348 1420
5479 9001
5990 5990
5597 1172
824 1313
4398 1182
6309 1282
5727 5727
2081 1346
2266 773
9262 1123
7841 9306
6085 1445
914 6539
9626 6393
1359 1359
1251 1219
7601 7907
7061 910
1316 1316
8691 1268
4235 219
7107 7107
2437 1218
212 7226
4514 1433
6596 9414
5012 1432
8746 1069
8341 4008
6047 5143
173 4502
6774 8708
9481 809
6470 798
4355 4355
1370 1370
5108 7629
6002 1468
5572 1371
1081 1081
1021 1197
6515 3721
7733 1016
2596 3166
3777 1317
4900 2941
9534 9261
6800 1331
4832 1299
2670 8147
9110 1303
7600 5650
4872 4561
768 1319
3109 1411
7946 1427
7857 1462
4904 1434
7090 7399
6165 8922
2219 1401
3364 1438
9395 1134
8111 1321
7554 4874
5350 6011
2055 1142
1778 1314
3974 1186
8338 1312
2435 1328
8159 1381
6117 1336
3264 1372
3048 1309
2407 1395
662 1363
4360 1430
6941 1439
402 1422
3222 1288
1372 1201
7187 1448
5516 1185
2184 1402
5256 1326
7308 1352
5799 1198
2371 1383
3053 7572
2251 7366
9625 1135
2956 7445
7227 7227
780 8851
1545 9766
7139 6601
4438 7083
5310 4510
38 5144
6019 6849
6896 7627
6706 6675
1345 1345
8616 3314
4138 6532
6017 6017
6067 4468
9201 1026
1490 5115
4498 4498
727 1124
2227 5186
198 198
5688 1130
6229 8397
9834 7876
2500 7271
8053 7545
8079 720
8786 4357
3232 1930
9003 5251
8910 9425
8585 870
8188 8188
3428 7253
9939 3254
4901 178
4186 9638
6369 6369
276 9299
1493 6006
7848 4650
8877 7259
8131 7686
7810 7810
66 8878
7787 7787
5852 4988
1382 1382
9372 8101
8656 1588
1305 3797
7586 7586
2238 871
594 5602
1898 8924
8836 200
5804 902
2102 3206
8019 6656
42 42
7369 7369
4105 6052
9007 5989
1101 1101
5783 5879
403 6028
6318 1290
3671 7249
6212 7866
5145 3143
7112 7089
8640 923
1740 5010
8997 3613
5022 1590
7230 951
3507 4629
5723 6896
4555 8873
466 6881
6765 7968
9077 9108
6863 4504
6940 289
1986 8390
116 5126
4606 4606
536 4250
9557 915
1308 1308
6338 5987
4506 853
1230 6292
9922 3195
617 920
8684 8692
9819 3367
6185 7099
9979 4563
1293 1293
5070 221
3087 3562
6494 2448
2106 586
2151 6702
4469 6836
8919 201
3037 4149
9169 932
5093 9278
9454 9431
472 472
672 3306
4278 6351
5923 8166
4264 5516
1745 3273
9909 1405
7136 7136
3012 5992
4789 714
9456 8184
5129 4525
4445 6911
6507 743
3099 7084
579 127
8243 8243
5901 972
1015 3711
3700 708
5186 7875
1120 1120
3219 8962
9056 7081
3469 7721
7028 3151
9581 9581
6175 914
3839 4178
2457 4499
1428 1428
312 5988
1385 4519
1680 7622
6350 1043
339 339
2319 1960
4015 4015
4282 5289
6682 8757
2865 6013
1300 1300
3313 3313
7509 6037
9618 6001
5169 6040
480 6035
8214 6034
8694 6055
6051 5999
4409 6045
5060 6050
5174 5997
3614 6053
7742 5996
2011 6051
1283 6041
4474 3225
513 7677
871 7701
4830 8942
1236 8949
8809 4940
4005 1042
721 5132
1464 4043
5415 3316
4203 1330
779 779
6592 9109
6289 5972
1287 1301
5865 1341
4955 1380
1355 1465
6663 1168
7231 1350
1633 1466
4356 1456
1161 1407
3351 1469
5069 1446
1409 1347
7266 1470
1456 1464
1227 1229
5667 1281
8279 1311
1423 1161
9080 1472
7390 1279
7746 1267
7669 1394
3216 1436
6574 1296
9567 1310
2057 1447
3287 1320
1347 1297
9951 1398
1314 1189
5023 1450
4429 1457
4348 1173
1320 1473
1196 1458
1311 1322
1168 1378
3063 1180
2179 1362
1189 1449
5857 1451
9764 1429
3174 1419
1173 1356
44 1355
7120 1332
6442 1426
569 1423
602 1409
8775 1421
3706 3706
1383 1287
9966 4451
3720 7595
4155 7990
7177 7242
7986 2992
4780 5270
4556 4556
9692 3382
9934 8451
5112 5346
739 3344
3967 1132
7125 8438
5123 4552
5781 5092
301 7213
8756 9643
886 886
962 962
6556 5701
3023 4244
9096 2949
2305 3219
9835 7765
2387 5561
8720 7365
3438 7788
8649 1086
9291 7803
9314 7306
7833 930
9356 3380
4455 3271
2757 8817
2497 4500
4483 5555
6750 3303
7780 6042
3624 7611
7371 7371
4642 4642
8292 1553
7650 7385
302 954
5525 6676
5955 8969
831 6619
745 745
630 9397
618 6366
7918 2468
5478 981
6679 6679
9044 9044
1779 8459
292 210
2182 7123
4594 1080
3546 4618
1871 8849
9258 9258
7913 7913
4127 396
9303 1099
6 3177
9428 7863
1661 8300
5096 3583
7828 7828
7859 7859
7100 7078
1028 7082
1519 7086
2472 1128
8543 8543
6311 8575
3813 6031
9363 9363
5985 1034
3816 6386
4578 4578
7422 8931
9746 996
4146 869
9758 7790
9937 956
7214 1017
1216 324
1098 7173
6616 3145
9969 4879
2725 9259
5647 8169
2694 7845
764 859
642 1118
1855 1855
9573 5255
6329 6329
9915 892
5938 1024
4205 5160
4945 7919
3072 7232
4209 4279
6034 5951
1598 7889
955 955
8012 8544
8388 8388
5042 462
6132 4697
2045 737
9525 1122
1792 881
928 928
2549 1835
4432 729
712 4619
4516 4465
8005 4576
3316 3280
8760 8760
2687 1098
5124 8207
6461 9420
8848 1010
9654 6392
4221 911
1085 1849
4690 4512
5045 927
3728 8594
3363 7002
972 7005
5342 4961
6512 322
7687 7687
3200 6590
7256 1136
3527 3527
7180 7762
8845 8845
1929 1929
9247 5274
4993 7982
8100 917
3175 3175
6421 1084
263 3136
4502 9713
9438 1004
3914 971
5564 6305
8379 880
7884 984
9236 967
879 1044
2262 947
1472 7287
6615 919
6528 862
3906 1125
862 1089
2304 941
2316 1012
1008 1015
6993 877
1555 6863
9747 9139
5019 5294
5765 3545
3300 4651
2665 4443
4132 489
952 4531
8267 6133
3625 4509
4311 7380
6522 9457
1563 4652
6650 7388
1224 8855
4458 4458
728 4222
16 2665
8001 8001
6313 6313
3416 7252
7648 6588
7546 36
6662 6662
933 933
7048 4475
531 980
4862 5898
611 4987
374 3861
5118 6429
4307 5309
1625 5202
6376 4391
1943 5002
1454 3559
6851 7326
4094 8393
9319 4904
6217 8951
1696 295
1156 7361
5369 4495
1576 7689
1016 9393
8221 3384
773 8180
9736 7646
657 404
4271 6899
9842 4648
9121 9121
4970 7989
8803 7379
5584 8928
2098 5572
2719 8886
9283 4466
3357 8480
6749 185
1141 3227
9302 6538
253 8115
8114 8114
4706 8117
8406 8118
9628 8649
3857 4582
4569 4569
7558 4993
7184 7184
2848 4294
6344 8073
6668 3325
3311 3311
7087 5177
7887 3350
8697 3327
1132 6535
6253 6533
4812 6529
8627 6540
3928 4617
9074 4492
8152 3185
4880 4880
3433 572
7494 5172
7656 1002
3847 4564
4564 4560
9347 8793
8835 4539
3640 5588
2314 8552
5016 8454
4437 3332
2702 3568
1582 8800
4406 968
8932 4036
6555 1029
553 8960
1057 983
4975 5733
8178 8178
9697 3157
3042 4635
4811 1023
4051 1075
2995 7864
1077 7830
5371 7833
3915 7531
8923 1557
8204 275
1018 3210
6534 7855
6824 8957
9316 875
4206 1126
4660 1111
7193 965
3982 1119
5533 218
7639 936
7587 990
2080 937
6163 1050
855 1036
2885 1032
35 961
943 1115
2498 1102
6235 924
9715 1090
2443 1030
950 1060
8592 1088
8951 998
229 1005
1079 929
5916 1079
1944 958
901 1052
7535 1003
588 943
937 1000
4096 952
4403 950
4938 976
4214 977
3648 975
6839 922
7880 7880
6171 6171
436 436
3832 6418
4562 3267
9215 6425
1895 3324
9516 7578
2706 8968
8482 4901
8233 3222
4001 3297
1833 1833
9139 9539
1838 1838
3684 4403
4401 6892
7864 7834
1269 5601
3319 3319
2217 4593
2284 5334
7191 4448
9433 5817
36 7546
2012 4347
306 3260
1457 3242
1201 5626
2921 3341
227 4467
7216 1595
321 1570
5216 5216
2379 8161
4989 6391
3443 5223
573 6862
4267 7544
4234 3639
7296 3223
3035 4567
7096 2747
3498 8884
2280 5252
254 5986
4632 4453
8878 4507
1433 4482
7630 4514
5450 4491
2430 4562
8192 4553
1877 4670
7030 8402
4336 8717
9294 3358
299 299
6450 2418
4561 6396
7016 4470
3701 9111
5473 4215
9517 5354
4650 4530
6010 6851
7474 271
502 7831
8905 4897
6901 6128
9691 9346
1299 4632
6020 7374
1616 7383
767 4287
7870 7879
2987 7857
9639 7840
622 7839
851 7877
8148 7865
7286 7849
6558 7870
3454 7191
408 3538
4735 273
5904 8818
4396 7212
105 1769
2463 9382
4174 8148
7348 7698
4518 5921
4119 8727
3751 1947
7290 8887
605 1483
6343 7650
7962 7886
6190 7898
5057 3336
182 7656
3033 8592
6898 6898
3930 3298
6721 321
8646 7318
9439 9439
7433 7410
3369 8016
9854 2748
6001 5169
133 8646
3574 7741
8256 6401
7373 4203
4688 3347
5509 8535
8275 7935
7 5095
9111 3268
6791 6791
356 356
5114 5114
6661 6661
7225 246
8810 4229
6603 8554
5884 3171
1465 292
5387 527
7559 7559
6730 8835
6526 6626
6416 6416
4713 5802
5832 7679
4669 4997
7168 3359
3759 3759
8535 5119
4908 3338
9287 3257
9841 8648
987 4430
1634 9348
2679 7999
1231 8595
9762 7690
6164 6164
6349 441
2054 1603
667 3226
8477 7055
5212 5212
3746 5083
338 338
4392 7230
8037 8308
8868 8868
9888 327
7616 4220
4810 2444
5687 5687
6870 6870
2999 4367
62 7362
2598 3768
9053 308
1600 6893
2138 7200
9133 9133
4976 4976
375 375
3104 5137
9885 5220
5785 1574
6365 6144
5997 307
8718 8819
5541 9509
3745 3146
8246 3539
6805 8100
5939 4658
5795 471
556 7294
9369 8410
2051 826
5370 7390
2339 8591
5032 5210
511 4615
3405 8865
5762 8299
5109 7573
4737 7187
6254 6254
9197 7363
8048 3005
1450 7779
1655 6646
7190 7190
8228 8891
6154 3294
3378 3378
8565 8952
8165 282
8978 7364
8210 9289
6223 7333
4256 4256
4641 284
3959 4892
1325 3349
357 357
5313 6688
1080 1151
4584 418
4944 3563
2783 7552
2006 3362
4683 7204
3604 5708
7506 8616
9631 8597
6670 5254
8237 5357
5665 353
5050 363
8772 6859
3040 8788
1131 7406
7847 9135
3366 7195
7041 6901
4730 6864
6961 7691
7512 9605
2093 2990
8220 7207
970 6355
6625 306
3321 332
9434 52
7912 5603
6925 5388
902 7395
5395 3190
6655 2296
4899 309
8162 8162
735 735
575 6145
4418 6148
7914 3318
215 2986
7011 314
1955 3213
7076 3241
7725 3360
9344 703
3457 5356
3945 1597
4740 3387
3214 3214
5291 7056
5456 3263
5920 7904
3215 3304
3911 329
2563 3385
47 3386
3919 376
433 7583
3798 3291
4666 3337
3337 3375
380 380
7944 7391
2905 4626
4254 587
8190 7359
8516 8516
2947 2991
5566 8577
7697 7299
6199 9010
7924 5782
9109 6592
7404 7404
1907 4908
8439 8703
4776 664
9583 3204
2863 3197
3325 323
5661 6295
4931 7291
5658 4625
4952 4952
8278 6018
7770 4659
6458 7582
9473 3998
6908 3564
315 315
6415 9072
6141 4975
1279 8157
7476 7209
2279 9423
7795 9775
6733 9432
8602 6140
8044 6602
4486 5913
5343 7575
9869 6154
5440 9335
2622 7579
6557 6335
1432 381
352 352
3682 6917
6296 8958
8865 3725
7692 7566
6491 7382
7562 7562
8171 7757
1624 370
8531 7278
5698 5698
1 7587
9131 8212
1425 32
5476 674
5740 9092
8307 5595
1644 7576
5181 5181
4655 4655
3245 7412
3494 9122
9844 9140
9809 373
388 388
6899 302
297 366
9732 297
333 334
325 333
122 319
6918 325
8567 8963
1160 5136
7981 4013
79 6170
3273 4627
1804 6633
7002 3363
3091 3322
3289 3352
5092 3340
9362 3330
4932 3391
8928 3394
3393 3393
1375 3376
9812 3289
4017 3361
8144 8144
7593 8429
1451 8417
907 4248
3417 8858
5869 5830
6816 8694
1577 1577
856 8743
4525 4364
647 8432
6087 3221
505 7726
1458 8628
6147 8827
2355 4984
3356 5688
655 278
6259 2465
5239 5239
4412 326
3389 5225
8075 5933
1381 3795
3644 5179
7736 9031
7753 9030
6944 5033
100 7532
7018 8691
7576 6238
1794 7560
9186 7571
7571 7574
8540 7577
5774 7584
3752 300
346 346
6133 8606
8174 7733
9908 384
8789 6660
1781 351
8017 374
378 305
3305 379
379 294
3975 328
1053 377
670 385
377 387
383 320
387 368
8454 348
7801 378
2543 383
349 354
939 382
4019 362
5538 358
4520 386
6447 361
3152 4969
8634 8634
192 192
6375 5488
8593 8593
7803 561
8106 8106
7516 3088
8284 5760
3198 5781
9391 6891
6236 7892
6986 6297
8778 9267
6423 9103
8707 5521
2503 7847
4838 7240
5202 9314
6865 3262
6585 6428
2788 8399
4007 4007
7032 7302
7837 8689
7891 9445
313 6311
63 5505
7627 4200
9104 9583
3838 7336
8779 3231
7105 30
5348 5295
6743 3215
4661 4661
1331 1485
6840 5753
5126 7231
934 7279
7411 6135
5287 9684
5914 9640
4888 8476
3588 7376
358 5199
4315 2993
5493 541
2722 5886
1926 5323
8316 7665
5966 6125
3355 9282
7764 4039
4070 7283
6790 5893
8127 7742
9411 4910
4424 8017
885 8566
590 4028
4347 9680
3570 3570
2886 5162
7350 7350
3301 7783
1056 6657
2707 7353
843 506
8643 437
2481 7394
1413 6408
9548 6426
418 6521
6746 6746
5599 698
3763 728
1162 7592
2764 8194
7103 4591
3524 168
1998 9169
5101 7324
3376 8298
4265 6572
743 8578
3165 3165
3039 8470
9621 9650
5924 5924
4895 4895
3487 3170
8456 8456
3415 5009
5131 7697
9093 5116
2205 2205
5968 5968
5945 8079
5052 7377
8537 2445
2464 2464
8352 9646
5937 5937
2926 6394
7936 4299
1867 4890
6725 3251
5952 5780
7389 5035
4129 6866
8945 9105
1209 9167
7309 7309
658 658
4219 9419
2160 5360
8342 51
8983 6877
9457 5077
8958 6296
7760 4699
4006 8564
3028 1520
2954 4620
8696 6785
6278 9805
4056 5509
8688 5510
1535 8547
8662 3573
1892 4776
7300 7300
1129 3591
4033 4033
1618 6549
1935 3594
2752 177
7678 290
3858 6251
6471 7401
7148 8542
4024 5634
1419 4286
9144 591
3358 8590
5173 5173
5668 7750
2124 6673
3119 2439
7883 7735
2625 5825
4385 7033
2424 7293
6077 8205
5506 5506
7478 4358
4968 4209
7147 1558
4079 8642
8395 6614
4572 8548
591 3264
1715 204
9286 9286
7397 8305
4274 3208
3370 3370
7322 7322
2411 8384
3160 7314
7123 3250
2916 1834
3610 3610
6361 9100
9107 9893
2668 8181
8738 4631
9101 5522
6317 5507
7968 5511
3381 5514
5245 570
3209 3209
2329 7791
7317 7317
6198 8832
393 6767
6412 6412
6411 6411
9082 4792
2257 8208
1179 199
4892 9446
9856 8632
5196 5196
1609 7356
4554 9327
2404 6333
5650 6613
4981 8296
5556 4175
2360 4290
98 7642
2504 5419
8790 7034
6641 4378
8704 8307
8781 8540
2932 692
1699 9618
4467 227
4395 9441
1357 7815
6928 7917
8985 8602
6246 3202
5188 7007
947 9606
1748 8081
4696 1530
3049 6663
3382 1955
5078 1867
4286 8395
4637 4214
7146 5358
2440 9008
1972 5320
1660 6495
8209 6686
150 6005
1220 5788
1118 8820
6537 6802
6600 4205
8110 3547
8130 4393
2997 6687
3861 9038
5192 3153
3791 7418
9561 9582
8934 7303
7829 7970
5596 8684
9041 5702
5365 5420
4983 7307
6793 6793
1480 1480
6431 285
984 8210
9224 8209
9955 9797
4523 1640
5366 767
3874 7305
9331 7887
4266 8599
1878 8847
5756 6561
8067 4712
3600 7776
149 8688
4530 589
8253 9526
7577 7554
4255 9851
17 17
1026 4675
7947 9165
4912 7289
534 4023
8766 7351
9450 7316
1566 8647
1204 8025
9798 4958
8870 7312
4008 1479
5406 394
5147 5147
8834 4640
878 20
6931 3874
6811 4737
1336 3722
6649 6649
4295 4295
2020 9518
3504 3579
7638 6794
4238 7247
1130 4634
5248 5248
560 8151
7170 8907
1184 5201
101 3274
9667 3984
2928 7319
8150 6349
6304 3584
3434 4589
4188 4188
4226 4641
8493 8493
719 245
1443 523
4241 3526
7252 1602
8635 8635
909 4177
5685 5423
2447 496
4357 8786
5120 1139
6015 8640
2710 4985
8536 7920
1793 4016
6186 2452
552 8545
817 817
9079 6792
2913 5087
3779 3779
3810 9544
4791 8549
8765 7539
744 8721
2774 725
8695 8695
7140 7672
7226 212
1646 7315
8143 7396
9083 6279
3279 3279
6914 9160
6891 3161
6356 9134
6397 389
4195 7313
7398 7397
9386 7384
2620 7407
1973 7334
7297 7398
2213 7341
7959 7355
1135 7292
7400 7323
7341 7357
4036 7400
2740 7297
6131 7367
6196 6307
4404 9620
9494 7343
1544 4348
5113 9648
9799 9799
7757 6852
9891 8163
8485 8485
6050 9447
9029 4297
6938 68
1416 5023
6812 6789
1393 5241
3732 9421
7251 6918
7612 7035
9838 9288
1993 6410
4263 4263
6693 6693
6590 4923
8976 8976
4054 4054
1487 8491
6032 4678
4692 6869
7447 4764
5996 6798
1960 2443
8405 8405
3587 9438
7721 6808
2514 9652
5151 4686
9491 3176
8636 8636
166 7288
6215 6699
3855 5900
7469 8289
2083 447
6340 5032
452 8272
1989 4218
5951 1580
5828 6306
4577 4577
4117 4452
8580 8814
547 6714
1621 584
7691 4004
3026 3203
57 440
4480 5045
7674 5112
708 4624
9002 6308
6320 4382
9617 7217
7719 4602
9402 7256
6189 206
2887 6934
343 581
8060 8060
1949 3147
5198 5198
3294 2987
2985 3
6645 442
4885 4885
9285 5983
9943 9007
7179 412
8560 3216
4870 8024
8705 8705
4763 2646
444 444
1190 8686
8651 8651
5148 7924
7353 8777
6145 6889
5257 2979
7261 549
3140 6235
126 8387
2856 9347
9484 8999
7287 5197
3229 3229
9226 5600
4898 4898
4917 8010
1215 6692
3985 3546
5736 5736
7425 8536
7866 5034
969 3743
599 2938
5577 8779
6787 9018
6735 6494
4654 4654
5882 9611
5987 6711
1482 7748
5754 7883
7646 6795
5522 6586
4777 9800
1277 7219
9925 6556
4270 8653
7842 7842
4044 7699
9480 9480
5763 8177
3164 6770
2806 8236
4244 672
4721 5696
6206 6206
8650 8650
8799 9429
2842 7760
5146 9647
1491 5078
2588 9908
2771 9540
7935 3164
303 6900
3608 9627
537 5022
5587 5587
2964 1540
7967 778
2451 6309
7651 3820
8182 8182
6599 6806
4744 4744
3552 4795
9683 9683
8625 3832
8873 4264
3737 7804
2862 7649
1714 5178
5001 9313
1302 9012
194 8970
2993 4191
4100 5014
7312 4226
4757 4774
5484 3237
4014 4014
7072 9763
3617 8265
7662 6915
1676 8546
7708 4170
9998 3565
3187 3566
3286 9426
2211 4231
4358 5705
3089 256
8264 8264
8183 8183
8380 3240
9784 9784
9551 2559
4161 7276
2927 9681
7276 7272
3900 3900
4291 7493
8534 6560
9801 829
3406 5392
5127 7659
8266 9328
7903 6677
4402 6678
1360 7234
693 693
766 5040
2062 1569
7615 6775
7520 3839
4368 4368
8584 1887
6300 5597
5215 9434
7747 7747
2770 7694
3760 3760
1854 8276
9536 680
1374 4210
1900 7282
8745 8268
5579 2442
8740 6682
4106 9128
4494 4653
6136 9637
7247 4936
485 4900
5355 4681
5083 4711
8361 9036
2094 8977
6481 4819
2911 5700
794 5697
8234 5703
5082 5704
5009 5706
8629 5692
2144 5699
411 3513
7379 1507
797 8759
7316 6680
2385 6685
3290 6684
683 6700
4684 9844
4687 709
432 8704
4426 5915
8670 1529
2664 4219
634 3321
7078 3593
9175 6431
7970 3834
5693 9682
8645 9527
4192 6912
1992 1578
4528 8077
7915 6853
1901 3836
9130 9130
2672 9579
5268 9577
110 6609
5008 4763
6382 7711
2042 6446
5825 8475
1340 715
2172 6813
5165 9450
8829 2548
7127 5335
6965 8610
8908 1141
5208 5208
5510 8971
3398 8780
3711 8065
3833 3833
4918 8631
8853 8853
3408 5843
2373 4968
3070 4245
8551 8551
52 9474
8549 4237
908 4831
8861 9170
9466 9773
3212 4682
6346 8337
4853 5914
7413 7413
924 8284
1809 2490
1797 9686
6501 4905
9355 8198
4113 8211
601 601
1041 4753
7922 9624
4366 4366
9035 1614
9738 5315
8753 9320
8963 7933
8315 8315
260 8021
85 2989
8734 5
6425 3972
6405 1936
3 8716
7359 8576
3741 8828
3667 4660
8040 8829
7607 8750
4201 4201
4546 670
2894 2894
2973 2973
929 4742
8303 4928
9552 7692
7622 3252
487 487
2533 2533
288 9952
8823 6604
2068 3840
4925 5801
3554 1601
9032 4749
1420 2740
7658 6860
2010 6804
9135 6621
6487 9651
3190 4587
7702 6314
6734 95
7164 9084
5234 6781
8407 8936
1074 8935
4874 9552
3575 3285
3207 3239
1847 3207
5741 4794
4287 2948
8563 8563
1974 7285
3449 5923
858 7663
6514 9015
1260 8431
3771 668
9582 1641
6398 7269
7696 8190
4388 6274
5598 799
8754 4866
9409 7261
4882 4882
3821 1493
7945 9621
2428 8306
763 3767
4942 7909
2798 5904
4903 4903
888 6233
5782 6811
2640 8725
8038 2872
5755 4773
308 4863
4878 831
8796 4849
8140 4722
4748 4748
6968 4785
216 8303
2925 5011
5193 3787
8777 4791
2308 8311
6904 3788
5853 5853
3518 9123
5299 5359
3210 4687
3603 3816
7906 4704
3482 4672
2079 4673
5561 4780
273 9482
5065 6757
4627 9016
4665 8652
4087 3142
64 1926
6048 3847
932 9626
156 6817
5276 3178
8561 6949
8247 117
3508 6409
2462 23
401 3849
9630 9630
3983 653
7189 7189
2642 4719
3182 3182
559 6938
5700 9953
5433 65
625 8569
2180 8568
8028 8567
2982 6842
3317 3742
7394 9301
234 234
5154 1854
9006 1644
7153 4216
2071 9129
3782 8174
4508 4266
8890 5832
4144 4693
1225 3611
7244 8966
5917 4843
4588 1187
8683 3224
9304 3023
350 4185
48 8055
9160 3258
4783 3913
723 2457
4559 6606
7294 3953
4699 4274
3876 8682
2471 4824
3664 3869
9954 9954
2576 274
9666 9666
3359 4289
5573 5573
1183 4820
1834 9449
7984 9451
9137 9137
2161 628
8527 6799
8335 7695
6130 2682
1332 2479
3414 76
770 5874
1362 4208
6429 8193
1899 3522
5271 5271
2167 4738
6588 8683
6152 2513
3713 2721
8514 8582
8172 8172
2448 4754
4431 8068
4804 4804
8965 8965
474 844
6333 1937
4246 8782
6388 3870
8027 4668
9221 3745
6880 8696
9350 7959
6665 8199
7511 7911
4071 1836
5403 2994
4998 91
1032 4807
1181 9011
6239 4194
516 397
853 7957
7457 8550
1649 558
1741 6910
4881 4881
638 4734
1210 5130
3848 7449
8208 182
4589 1497
8982 1620
1378 8414
9178 4726
5333 301
2728 2728
2801 8870
3824 3831
9726 4235
5168 5168
7471 6623
979 5751
9543 4822
872 6758
3105 4240
4233 29
1767 445
3341 9522
2678 2996
2546 3808
3973 2466
9390 1612
1143 8580
1239 2864
7064 466
982 8697
7819 8189
7409 8781
1891 8270
5712 9304
9128 8273
4611 6805
3551 4848
9889 9889
3792 8467
7015 3569
6953 9318
4747 5432
7150 6304
6802 4217
421 600
9141 7818
911 1562
6832 6710
8460 8460
5862 8778
7298 6725
6173 6173
6673 6812
1407 5184
9703 8494
3997 4211
8987 4376
2754 9156
4032 9972
2866 8501
8847 8351
4689 4689
9448 8804
3585 3585
8161 8624
9847 8170
9474 4811
3688 8693
4907 9440
2313 4676
4964 4228
661 661
5481 4026
1502 1502
2467 4784
3374 8271
7761 4255
3208 8471
310 9033
3377 1486
5528 1842
8601 8601
4991 3524
3490 6689
1601 8175
887 6734
4786 4786
7758 5105
7827 8349
2296 4224
8206 4812
4887 4836
239 4713
5152 8339
9155 9155
4217 3093
3018 6904
7257 7257
318 4816
8374 424
7420 4847
4081 9004
2048 2867
9706 3876
6053 9110
8070 4725
3923 100
1061 4359
3149 4766
777 8462
7347 4181
1424 4778
8509 4825
8876 6443
1193 1492
3062 4747
6426 9909
640 8803
7836 9979
1011 6310
1060 8409
2522 9262
9102 8407
7046 5884
3254 6551
9458 4909
7705 4253
5068 9017
6509 6509
9124 9124
1562 539
2948 8972
4630 1632
4796 4796
230 230
8404 8404
3850 3850
169 4707
8045 4745
3350 4814
9938 8728
179 179
8469 8469
2493 9628
9034 9034
5161 3590
6157 3238
6577 3194
4806 8191
1050 4679
7843 9803
4640 4775
5492 640
3601 3601
5553 6569
4041 8867
7461 4193
8200 8200
9113 4236
5430 6559
7800 6567
8690 8690
296 521
6088 1655
21 9158
6714 1501
8104 5585
9521 5729
4016 8195
6913 8204
1105 9801
1763 8537
2097 2743
1858 749
2602 2877
815 9565
4717 4781
4542 4717
7255 7284
8308 7255
7311 7273
8340 9619
832 7922
4809 4809
4560 121
6018 4708
1315 7457
4691 7752
1884 7110
9680 6555
9554 5819
9199 8348
918 3168
1401 5861
5363 249
8257 569
632 6214
7258 8654
3534 3113
6194 8341
7270 4204
5858 1500
978 1487
2933 7454
8474 8474
6700 2997
5934 1477
2601 3724
5157 8702
9686 4247
6980 9812
3262 3523
4034 1660
7693 8216
4982 1475
6238 6786
4359 8201
1406 5591
2104 6790
9827 6647
6624 5799
7385 1712
1712 553
1959 3230
6258 5030
8468 8468
544 4818
8187 4769
1266 6562
6563 6568
4115 6557
8281 6566
9964 6563
2031 3007
6999 6830
7493 9147
9700 115
5657 606
4137 4261
1247 3766
9406 8572
120 9843
4621 9009
2776 4019
9228 1478
8461 8479
8472 8472
6042 8461
9544 8206
1936 8203
6508 8213
9040 8196
7446 8482
6413 5020
1245 9095
2589 3248
9103 1965
5802 1498
1195 5689
4753 266
9267 3272
8757 8933
4046 1576
2423 8316
3092 3092
9678 7921
4875 4875
3137 3137
9043 4213
2232 4740
9923 9923
844 4850
9070 4844
1701 2592
4756 4758
3626 449
4253 6280
7017 8484
5121 8382
9112 3121
966 9138
294 6615
8323 4257
2282 1496
4990 55
6580 1933
8731 4303
4784 105
4869 4869
7519 3134
2577 6800
3902 8342
9278 8304
3628 8783
1629 9925
3849 9780
6080 9809
688 4727
8506 402
1952 6728
2495 4760
4813 4813
2272 4838
6934 4853
3525 4757
2312 4733
4770 4761
5401 4770
4732 4732
1268 4777
1553 4721
7530 4572
8450 5340
7926 123
9745 5344
5125 1910
5919 8822
1531 4826
111 554
172 4644
9065 89
9471 1495
4840 4840
6297 6730
5639 3397
9613 4690
8596 81
4694 8400
9614 9614
2938 7785
8370 8370
2900 4025
2657 2955
78 4883
5362 5362
541 9536
2244 9632
1770 9631
7302 3390
3253 8481
4906 6690
7788 7754
3553 8353
2917 2566
5414 410
8904 4020
3116 3116
6699 9443
3006 3006
3068 232
1670 3790
512 512
5360 1982
2452 238
5273 621
8084 8220
4333 9093
2294 4249
5772 4267
2340 4282
4873 9075
8085 6913
2139 8988
4928 8214
2130 2889
2958 6816
5992 6829
6335 4788
8864 8864
7860 3999
4625 5118
3078 3791
3829 9655
8547 9654
7771 8826
385 5582
756 9003
2066 8734
5187 4736
2569 1670
5141 5141
1886 4268
7677 5568
9495 8685
3266 3266
154 8322
4477 6339
8390 1509
562 6810
8606 3103
4281 4281
4609 391
9774 9774
2824 8833
9892 8955
8642 3288
2159 70
521 9778
5594 9779
9660 8629
9134 4801
3868 3109
6544 1984
6550 8997
9641 9641
8882 6404
6128 7932
4667 9808
648 9307
3988 6348
396 5142
3710 514
4582 6350
6158 5803
9904 8581
4610 8538
6089 4021
2237 4024
2502 4027
4583 3994
431 431
8231 9112
1499 6608
6605 573
4363 4363
5760 4846
9545 6
1768 4845
3852 3852
8956 8953
8953 8956
3176 4674
4718 4739
5590 4815
8416 4768
3639 4751
2527 4731
4751 4828
8069 4783
5941 4830
9257 4827
7250 4767
2703 4806
9875 4743
2508 4856
1851 4854
2745 4823
4067 4852
8156 4837
9416 4833
9935 4765
4765 4803
6183 6183
2320 4242
2084 4705
3555 4703
6970 4701
9653 9653
2662 1
919 3156
8698 8698
6837 9523
5467 9113
747 4277
7403 8730
9956 9956
2579 2684
5860 8063
4891 8994
5932 8991
3224 8989
5036 9141
798 3179
7850 7850
2116 625
1632 9604
5733 9603
5115 1490
6638 2500
1830 3853
5555 5209
1265 502
1188 6342
8273 622
6174 8
6784 4521
9090 3107
6203 5848
897 1504
2953 211
6178 3284
5758 3277
4910 3276
8250 5256
4027 107
6612 6612
6610 6610
8332 8332
9870 9478
3584 5916
219 7214
8857 8857
5708 9136
5102 8062
4634 8821
7407 6497
9009 6708
8385 82
2945 2477
7872 7497
8240 6927
1751 6928
2571 2571
3547 5596
5336 5565
6818 6818
7450 7450
1039 1661
1549 6415
6543 3597
3755 6771
5713 3854
8859 4603
736 736
8483 8483
2004 1144
3956 6947
2531 7196
25 25
7367 7451
1148 6731
9361 8324
1100 5564
4296 9847
3998 143
7998 48
4464 8863
9637 6727
7462 8573
8508 195
9839 103
7811 702
7055 2467
9440 2454
9652 4932
2394 443
4097 6735
3538 8860
3828 3828
3870 5140
9489 62
2426 2985
3084 2765
3123 7420
8979 3851
4949 7
1165 9573
7045 9553
4587 695
8820 5574
7629 3925
2216 6737
9837 8109
9701 8758
7643 6547
1341 104
5231 120
261 6732
7536 4628
2595 2595
8419 8218
2388 10
9532 9157
7548 9078
958 6336
132 8269
2669 1656
2901 2901
6228 1527
8942 851
6988 6194
6630 6962
2249 511
6021 3400
6188 2596
8056 7838
4025 2900
5843 1985
1799 9491
4102 4223
3032 8002
578 113
5730 9211
7965 2912
651 5764
2400 9850
1988 64
7834 9
3085 3916
4262 4262
8423 1503
1666 3132
6582 8562
7430 8323
2877 5598
799 5604
6337 1624
9145 8080
9216 4369
3837 2927
9984 3769
5514 86
3258 8453
2969 2969
3740 3740
8326 8326
6409 92
1521 3128
3079 3079
6768 8487
2491 4260
155 6286
922 3119
8057 8057
1979 1979
386 5562
7563 8069
8219 8297
1306 8489
6687 6550
2709 5566
468 468
621 8219
2191 8607
7431 2594
8324 8937
2173 6807
2650 2650
1014 501
2701 4276
5621 4254
9882 3879
437 505
9094 9094
4308 5131
8277 8277
7448 7448
8710 8710
8120 8687
3842 8369
6719 6719
131 131
9179 7621
705 3096
1532 1532
8785 1481
8644 8644
3725 6372
7712 72
8712 136
6594 5599
3263 5583
698 5581
5025 5025
9648 8726
6780 2546
5586 1664
8169 1987
740 9924
3802 3950
7997 6519
2573 1544
9695 9106
6736 6736
9881 6783
1711 119
7383 2896
6666 9456
7378 58
5909 7447
9163 7459
6071 9186
5931 2847
3172 7755
2840 2840
9570 9570
7382 9554
1104 149
9556 1564
8415 8415
1920 2913
6643 3962
5507 3602
283 283
2656 2656
4865 4865
162 137
9330 9892
2542 2542
7272 8352
2553 2553
4331 4233
2934 111
4824 4048
7734 2868
8858 8801
3122 9891
6433 6433
7415 7415
8553 8553
3994 3871
9890 9890
4649 4649
948 2755
4704 8327
4499 3873
5407 6187
1706 9769
2128 5917
2176 7805
8184 4251
9550 9550
9505 6935
157 157
2871 2871
7212 3603
5334 4192
7645 9665
9748 9664
9171 3862
4313 85
2732 2732
4184 4252
1518 9564
7421 6058
9857 6337
177 5787
8488 6809
8639 8639
6347 128
2988 2988
5346 9557
4300 2980
9740 3098
7419 1654
6482 2602
3846 146
9317 9317
6647 152
125 4265
8612 9895
717 6713
6715 6717
6279 6716
7213 6744
5835 7938
9940 3845
7791 8862
9682 1948
2122 3821
2016 3910
9218 1672
6288 8520
9655 7510
7684 7458
7008 2783
4372 2998
7354 6742
9897 9311
2631 7506
5777 203
6691 6691
6688 4278
3744 3744
3594 3945
9446 8724
5204 124
3885 9530
9731 8574
5426 5796
3920 3920
8792 2561
4177 6263
3244 8625
1805 2012
2946 6726
6990 9081
7657 9221
3563 8806
7380 5043
9670 4546
7145 7693
603 3019
7679 8171
3840 8167
7086 8165
3922 3095
7728 4920
2766 2766
3307 3307
8080 2724
6659 6659
9749 139
2163 7766
2844 2844
1953 1608
6517 6517
309 2750
1009 7946
5015 9602
3528 9798
4374 5746
4884 4884
5751 45
7867 3942
2438 3860
6122 3843
5089 6724
1063 8488
8013 8490
1648 7446
6827 9213
3971 3827
9464 9464
1615 676
3699 7186
3981 1657
4134 2757
9607 3653
7755 97
7572 9068
9818 8319
9478 142
1066 9514
4785 8598
2289 9222
8813 8813
9813 9473
5646 7916
187 1137
6193 8790
5891 1560
3016 3016
6220 5195
8512 6933
8428 2926
6069 5734
9475 9475
806 2937
7313 5247
1567 1567
8564 3855
9970 9970
2397 9013
9143 9143
6622 6622
4902 9969
1587 8325
5983 3122
8550 2943
6757 8066
9000 9000
2716 9260
3758 4370
6381 5846
3540 5735
3886 5737
3113 6695
4876 6712
114 114
3045 2767
9698 3534
9972 6544
2559 832
2899 2601
8692 7455
7426 9048
5284 9804
2810 9802
7228 71
9512 4275
2344 1622
7173 4230
6675 4238
9852 4284
1760 4269
2799 4280
7003 4271
1729 9714
2903 520
4553 8320
9401 8333
7974 7940
8723 2897
3949 8527
6744 3604
9152 9152
4310 9736
726 726
4430 8350
4156 9973
9958 9959
8389 9958
4768 3719
8849 7188
5735 7205
5956 6739
2756 2756
5250 8164
6104 2644
3013 3013
5614 6733
493 265
3387 8107
3736 8732
9281 2000
9366 2811
3872 639
67 67
4342 9957
2654 8334
8879 37
682 77
9846 1541
2630 2630
787 6579
8530 4864
2358 3014
1139 9569
2263 1491
2838 2838
584 3118
8291 3911
5716 4723
6386 6174
1164 135
1137 9610
3883 9477
7500 5816
2686 66
8850 84
1764 3806
8353 9888
9126 9126
7081 392
1976 1976
1541 6740
8832 214
2708 5731
1801 493
4269 130
5080 9154
5318 6177
471 6722
3819 3819
3385 6729
9960 9960
3227 7793
1116 3810
1075 3024
4778 1555
4764 5744
6208 1499
1612 3826
2784 7179
1931 748
477 4146
3444 9172
5279 3824
4164 9887
6354 9900
7215 9897
1410 8707
2287 7193
5753 7201
9900 7215
4026 8275
9619 5839
400 2590
6789 8823
3277 9562
2351 44
5947 9463
8788 3811
7499 5747
8449 9716
2578 9715
2190 9625
1681 3129
8330 8330
4167 6924
5328 2659
6439 6022
6897 9903
8924 9607
9459 5738
4879 9901
5020 1617
134 1623
390 1667
6718 6718
5454 54
2690 3846
8872 9472
5294 426
7186 2842
142 156
1538 3029
9597 2859
9959 6655
3158 9234
8373 8373
6756 4913
6360 56
6591 6957
1248 8618
5936 6130
9479 9479
1337 9717
2552 2552
3130 69
5718 6321
3545 6778
9114 454
5320 169
8938 110
4112 8824
3005 3544
7026 8974
7453 7453
7042 213
769 9144
842 842
5602 83
8950 6681
9531 5015
2 9955
1744 1941
9702 3966
2560 5258
5501 6545
1816 6548
1430 6546
4544 2667
2382 8328
3285 4706
9760 2731
9205 616
3564 2971
88 88
5808 6358
9392 5748
9721 162
7927 7519
364 1508
5135 2610
6626 7771
9259 7411
6336 9578
2052 147
1113 9983
3658 1659
5569 96
2475 8292
9422 9592
8812 9588
9593 9593
1106 2753
7442 8293
4349 2917
311 5111
2060 2578
2445 9145
7456 9151
3050 8285
8093 6721
1462 6723
6723 6720
6480 6743
5110 6741
8581 7238
7126 3829
1664 3813
3996 9613
9730 8274
8087 1605
4273 461
5162 3512
3120 8396
8700 8700
1494 1494
7786 2597
7152 6320
9647 7006
5911 144
4782 4180
5004 9220
8331 3895
3383 7003
7620 2895
7988 3825
1138 9823
646 253
1613 1613
7961 7507
4405 158
9518 150
8661 8661
164 2583
8949 9563
1241 1669
8139 9551
8729 8729
3864 3864
1117 2498
2364 148
1237 6168
2458 1651
316 2532
3259 141
8660 4227
4277 7500
3239 3803
8617 8617
4746 8532
86 3529
5957 3308
4986 2555
7414 155
9282 9967
8129 9966
9727 9727
1785 102
3778 9634
9636 9636
558 8984
7851 2981
7594 6167
2643 2643
3917 3917
3400 191
3354 2797
5049 5049
7890 6176
4215 6026
1448 3943
8539 6761
659 316
5801 4925
9779 4283
9851 3741
8973 369
9230 9230
5707 3114
1773 2589
2252 9822
6748 2967
9011 4647
5641 9515
4451 1643
5526 9223
6505 1938
1455 6833
9333 2880
5275 612
1866 2829
1831 9811
8302 5740
5203 2958
3015 3015
2907 7986
6732 1673
2646 3104
3815 3815
8571 3949
1473 80
2872 8344
9469 6359
6892 63
5887 4301
9462 9197
3143 2605
3476 609
4883 78
8301 2577
3918 6821
6191 6191
1510 1510
7542 3520
3327 3049
5761 9247
7990 5739
3964 1518
9843 5231
812 8747
8055 112
2575 8623
8701 1533
7952 7952
7768 7943
4190 7949
6031 7942
9901 9571
6595 711
6078 9976
3025 2473
72 2775
2695 2695
7960 7960
4394 4394
5258 2560
3940 3940
8463 3908
4228 4385
2183 2742
7720 3932
12 3004
7537 1153
76 3878
3717 3717
7735 8103
9596 9596
6100 7939
3607 3607
9417 9224
8664 9810
7040 516
1568 1568
467 3018
5664 9767
1554 8637
8638 8638
5117 337
5005 2002
4896 6624
8199 4645
2524 2524
2547 2547
6075 9333
2583 164
5544 839
1477 3519
4010 1521
2979 6796
9734 9734
5640 9232
5815 5815
1640 8603
5578 8753
9770 6323
4760 154
1940 75
3308 79
8837 38
9108 145
7268 33
7507 132
703 118
453 122
4237 160
55 7947
5642 3110
3558 6788
2621 2856
9467 8722
5317 5835
9173 9173
7689 7995
9295 106
3932 8627
2750 9930
4759 2723
279 7955
4622 9209
4463 427
4846 409
9705 2440
6029 9459
8336 2758
9946 6707
9158 9545
1813 3600
8937 7956
2039 4272
821 532
9640 3502
1147 9468
7595 2863
7701 9511
8346 9795
2234 2719
4656 9817
2898 9989
4511 8583
5213 2911
1840 2626
117 176
2181 8064
1533 3946
9824 9824
8891 8533
8573 7515
6137 6137
9635 1671
7660 696
102 2928
7438 2606
1394 8523
3935 3935
9193 8745
3412 1627
2975 2795
8844 6356
5341 9101
3365 3115
1945 1514
5474 9821
5014 13
8262 5741
1213 6825
6825 6826
5637 3897
6975 4183
4601 4601
6044 3516
2321 2789
1203 1996
4505 3909
9360 8611
1000 1621
533 1615
394 159
4658 3918
5876 5876
8618 2940
1489 5273
7067 3035
7279 5054
7573 2903
1384 9199
3503 3503
615 615
8029 560
4187 4187
5404 9633
2005 9462
596 9460
1982 3002
3421 2463
2322 6318
4250 536
7510 7954
70 1566
447 6165
2611 3452
3206 3028
731 2584
3074 9629
3565 101
6144 617
8744 7944
8613 7950
7941 7951
6022 6400
3461 3461
7951 3518
6146 3521
627 4411
8402 2861
4977 4977
7427 9212
3754 8511
2442 5834
7464 3259
2555 562
6854 631
1726 4756
8735 8735
2347 3934
3631 6363
1970 9032
2487 8331
4541 9196
8795 3877
3205 3205
2297 9849
118 2572
3185 2716
5562 138
1678 161
5589 163
3804 93
4391 153
631 129
8783 94
6722 7521
7522 6319
7060 57
7417 7417
1476 21
3950 2604
3441 2475
6126 1488
129 7517
1397 9517
462 9309
8375 8359
8699 8699
555 2558
7466 6442
1146 2438
6011 5129
910 8525
1728 8521
7625 9185
1910 483
6446 1679
6709 850
8658 6237
3332 9561
2453 543
332 9827
3184 7945
2311 7948
9656 7953
3897 7910
414 7286
2418 99
8412 2573
6118 4375
9936 9936
6169 9256
571 571
1890 5675
4697 3903
7001 3420
6759 2773
2876 2876
8097 3715
7033 452
7905 6645
8476 3517
3550 9622
7661 3514
2984 6797
1508 5910
39 5911
1219 5050
4353 2568
8709 8709
1829 5824
6041 608
6886 2754
8897 3818
4558 9252
960 9975
3067 3067
5064 3907
6697 3906
7925 7925
2300 9538
8588 8588
9907 6936
5529 1963
7971 8741
3202 4867
7441 6010
2545 2545
8578 8355
8356 8356
7062 6644
2852 2841
5742 8321
345 2549
3844 3844
5232 8787
9971 9971
7093 5259
7893 8329
7024 9616
6181 9615
1157 8731
6094 9244
3515 3515
6850 1951
8354 8354
5868 2487
6314 6492
9975 1195
8004 6147
3806 3856
1254 9245
9899 683
1995 1995
2960 2960
4322 8192
6394 3939
5435 2873
5106 1513
1610 1610
5160 1609
2477 2870
5961 8406
8954 2570
3314 9513
9769 3830
4487 2538
8195 6759
2465 3754
3887 7502
4285 4285
2271 3528
9529 3532
2896 3533
8437 3531
3532 3530
6672 2956
9071 9444
9917 3060
8927 3070
8841 568
2861 8737
5314 8738
6814 8736
5176 8733
5624 8890
7485 408
7449 3835
7310 3848
6492 2607
4618 555
9802 9200
5321 9233
520 4529
6801 6801
5773 9532
2540 2878
3785 3785
7750 8531
1571 1571
3543 8507
9547 9547
7714 4921
554 6965
160 9250
7805 3021
9184 4029
1580 9215
8381 6787
1303 4065
3807 3807
1599 1611
3088 7516
656 3501
3156 3812
614 614
3880 3880
5421 3398
8325 8585
5011 8633
2605 6823
9263 8744
5436 8082
2494 2494
3926 3926
4805 8263
3136 2550
235 235
2212 1637
997 3485
1115 7512
3121 4292
3869 3881
8898 8514
4284 6960
5792 5792
5819 3444
7057 2800
1284 4933
2582 5831
4289 9902
8524 8524
1825 3968
4048 685
9714 6324
9612 4871
3809 9826
1810 4899
6073 9201
2192 1927
3173 7237
3162 7706
644 2807
692 5855
8525 3901
5184 1563
4916 4916
7171 3100
4378 3075
3817 3817
6201 6201
8046 9246
4091 3411
580 2857
8614 43
4619 8104
7232 8105
606 3059
5235 3782
1923 4868
9527 9226
7582 2875
696 9724
8227 3001
3029 3436
2408 5841
7454 8375
8445 8641
4758 3078
7198 4349
8523 9433
4103 8518
5304 6175
6623 9978
5221 8504
6525 8522
8504 8526
1007 8517
5854 2622
6023 6023
147 9961
1495 1634
6617 3809
251 9649
5330 59
5033 3899
8586 8586
2803 2803
6281 2843
6554 6779
9632 6820
8793 6822
9919 6636
4950 9217
5652 9910
6711 9555
2684 9332
4073 3837
7649 3838
9220 3875
5994 7495
8149 4383
564 564
5391 8338
8186 2598
4807 2887
4828 2922
2633 2923
3913 3872
3843 2580
8776 9228
4345 3072
5581 261
8369 3842
8725 9510
3521 2519
9840 12
1930 7501
8814 6931
4889 4889
250 6341
9492 3944
9068 8810
2416 2964
1046 6963
223 6976
6619 4878
9243 5867
1939 1939
8907 40
6379 689
8245 1635
2904 3112
5870 5870
373 3784
8673 8673
266 6179
3891 3389
8058 1638
730 1618
9452 9452
7374 3196
5513 8345
5494 9718
8293 3508
6280 837
7408 3886
7327 5809
9833 2866
3693 3894
9147 6398
1727 7509
1094 7505
4715 4715
8414 8528
8519 8529
3133 8503
8074 8534
2261 8515
2738 8519
4801 8505
5776 8513
8528 8506
4927 2944
1642 1642
1524 8230
6298 6944
2893 2893
4837 9814
7950 8613
9586 3802
4104 3814
7267 3931
6684 3822
3841 3841
2123 2879
519 3912
3549 2874
361 5863
3636 1630
3646 1962
5072 9771
3420 5795
550 9785
548 3408
5632 9820
1174 8377
8239 3933
877 3054
1709 9937
1438 5240
3657 4588
2780 2788
968 8587
3801 6198
3485 1959
2688 3069
9349 9349
8020 3951
9198 9198
2556 6782
9385 6360
7155 3372
9432 9481
8647 6967
4140 2540
7339 87
7793 9719
49 49
5309 2925
3867 3867
9753 9753
5591 5807
8288 6939
9553 2683
1003 7499
4557 4557
714 8336
7459 9921
3323 1604
4354 2574
1765 9549
1484 9090
4442 9325
3131 3131
2072 3614
2030 4939
3372 9813
1605 3108
994 6208
9115 2537
4914 4914
5696 4931
971 7513
3727 5862
6584 5047
2290 8368
424 5865
7005 7522
4064 7508
3475 6207
5950 2814
365 4380
8252 5883
2529 2585
5058 9597
8630 9595
4170 9987
3786 9932
3274 6638
3058 9218
6702 4912
5875 8343
8900 3650
8177 3858
8619 2809
4436 1616
1343 1997
6007 6007
9298 9623
3780 9635
9413 4762
5428 8723
9514 3928
6540 5798
9170 2793
4175 3003
1881 9512
7495 4050
1977 4072
5452 8809
1380 8361
190 190
4126 9236
1814 2539
7578 8363
176 8362
415 2591
1187 3657
9177 1940
2539 845
5511 6930
7978 9807
4272 1542
5619 9241
2390 2720
7942 8335
7972 6959
282 750
7729 469
1119 6937
5084 1957
1753 6929
6974 6974
4496 2730
4029 2567
6170 6764
7006 2984
368 544
7050 8374
1059 2883
7436 4221
1812 2823
5613 6958
6342 3648
2936 3904
449 5036
4294 2848
5175 5175
836 836
1619 2853
9342 9354
3580 2618
6651 9730
9161 2899
9185 9825
2816 3898
654 3941
3513 3936
327 3927
1575 3866
7305 3947
9030 3919
2561 3921
3866 3915
8194 3923
3927 3922
9499 3094
6822 9227
7583 2860
1435 344
6654 2653
4229 2739
9015 3656
257 257
9941 9931
8180 3956
9719 3957
5446 8378
2882 2882
2619 3066
8733 8798
876 8797
985 9788
4808 5838
9192 9192
8365 8365
3708 9558
465 2846
1036 847
2737 2737
3655 3655
2868 5008
4223 2759
4043 2869
5390 6382
6114 5871
7303 5797
2061 2890
5690 8366
417 417
2918 2608
7440 9568
9206 9575
5523 7456
430 492
5255 5850
9203 9203
5768 6968
6140 5800
1095 5823
7194 1647
3698 2904
3904 2936
9823 5060
9225 9225
7585 8766
1092 4293
2035 6961
6598 6943
1507 6956
6951 6951
3605 6966
6966 6945
9783 6964
2826 6977
1965 6942
5285 6981
8827 6982
4183 6980
6981 6975
4013 6978
3257 2745
2983 2983
3146 9848
7265 9740
7767 9590
7659 9591
9988 9589
8828 9964
2891 2891
9327 2764
1125 2579
8125 6317
1693 1663
9210 9210
7865 1970
7738 5857
1200 498
2278 2801
4118 2657
9405 8379
9803 8795
4225 8796
6418 8706
2564 7001
6438 2920
4521 8619
4565 2489
2839 2839
2332 3484
8290 5041
5866 2855
7973 3017
6327 9353
3767 9948
91 6357
7683 1646
5749 2565
9620 8260
2245 8367
7299 8372
9992 1539
495 1678
5701 8346
6156 2744
3581 9639
9397 630
6384 3068
1687 1687
8869 1684
3775 2907
9638 3789
9400 2556
5834 1154
7344 8357
3799 8360
8360 8358
8732 39
1033 2534
8314 6190
7328 9319
8801 9350
9608 9608
840 840
8621 9360
2591 9359
846 846
6932 6932
8176 9355
218 9352
1492 5027
7996 5055
5263 196
7254 9701
7284 2930
8041 9905
5349 9777
1954 1954
9811 9915
280 2729
8294 2593
704 9216
852 2516
9229 9229
9483 9243
1742 9219
4608 9231
4435 6146
4761 5808
6052 2799
9176 9176
9136 2849
3019 2736
274 1692
814 2845
80 2672
8372 838
3531 5793
2208 5836
7000 2810
2587 3020
7209 5845
7987 9205
674 9204
8885 1547
9968 1556
9150 1551
5063 5063
9214 9337
9336 9336
9693 2675
9755 2612
2377 8609
2850 2850
6842 407
473 3310
1635 602
8238 8238
626 1537
3590 2752
2796 2968
6149 7325
6153 2999
7204 5806
1222 4490
498 9351
2600 9356
3322 9357
3115 9361
5531 9362
9357 3404
5714 9358
2869 3412
2484 2484
9571 1636
641 2885
5354 9174
7336 2862
7504 5829
6065 2478
9584 9584
3597 5811
7876 5057
4550 4550
1528 1528
389 2770
3984 9524
5975 8657
6973 1625
4996 8748
8763 9770
9010 1607
2554 2554
382 3026
6391 2563
8321 8622
804 2535
4248 9939
6502 2781
9436 2813
5732 5732
1688 2892
5243 167
8249 6511
285 2588
2599 2599
3796 7423
4288 1484
1259 3457
2888 2888
2171 835
4441 9428
1665 7460
8846 1676
2704 7660
9062 3445
3180 3450
4522 5820
384 1685
4222 1681
4021 2798
9546 1633
3478 1675
8196 2933
595 686
7432 7432
6172 688
8026 2915
624 5044
5044 5051
3241 5065
3000 1554
6910 1546
9828 9828
3401 3401
9750 6202
6923 9977
2914 2914
3201 6185
2623 2623
4481 5847
4176 8247
6778 8666
3680 8713
6303 5826
9306 5860
5821 5849
5840 5822
3761 5844
5864 5864
3211 5856
5856 5859
1159 5833
3871 5821
5337 5082
2047 3446
1388 9725
2711 2619
687 687
9524 5059
9069 9839
1520 626
9046 9789
9687 6513
8751 8751
9268 3396
6828 9164
3071 3071
7557 6303
8922 479
8610 3542
2805 2805
5233 2749
1536 4354
1365 9467
8507 9470
2070 9182
2879 8659
7685 7685
262 262
9832 1489
8867 1516
9320 9535
1556 8318
3177 1619
298 298
9223 7427
5402 9869
5850 2648
1828 9927
8936 457
1256 2966
2762 3780
4108 5058
2310 5067
2149 5071
6113 5042
4844 5069
5067 5070
54 4718
4000 480
7879 7310
7631 2557
2581 2581
1783 6652
2603 2582
3757 2562
2586 2541
6305 2611
2562 2586
5376 2543
3749 2587
73 2551
4727 2575
4926 2603
8435 9919
1376 9057
572 508
4362 8712
1983 403
7092 6283
2966 9115
6045 1690
976 9546
9601 6630
3034 3409
6731 1148
6095 1653
6917 1665
4867 1645
4318 1688
8911 1666
5335 1662
7908 8570
2109 8715
9255 9202
4216 552
46 8291
2082 8278
3649 3649
6954 9694
540 9693
7898 343
5439 236
2814 9692
9794 9794
1255 9688
1405 9690
6707 2647
4338 2483
4245 2961
5855 2905
2064 2906
2902 2919
2906 2909
7488 2881
8935 2934
9816 2858
1932 2854
2841 2916
6262 2918
2884 2932
2908 2884
3936 2910
6453 2852
196 2902
4856 2898
8866 2865
2655 2886
7036 2908
3903 2931
6843 4128
5677 1606
8334 624
326 8149
6963 3737
8542 166
7104 8662
551 590
2950 9471
3623 6271
9895 9735
6362 3772
2506 3127
7776 4817
354 684
1526 1526
3766 6365
5397 9171
637 637
6635 2942
8016 2826
7486 3482
6256 2502
3794 6264
4135 3025
9116 9116
9624 6212
2088 2486
2511 2511
2409 8294
2210 8286
7574 8280
2802 2802
8050 1511
5817 9195
5389 2782
7526 2786
8451 2645
9704 9982
7355 3463
5830 9699
8780 174
135 3778
5889 6629
5666 9531
5542 6909
1112 843
800 173
5662 8664
1421 673
3606 3606
7940 3443
2198 1628
5995 2950
4434 627
7437 7437
381 2815
7789 629
5411 8675
1175 8663
6490 2690
942 6195
5228 4487
3299 7424
5464 5750
9468 7426
9537 9537
3957 9864
8579 634
3709 1981
8312 8312
4109 4109
5816 848
3046 2761
9712 3455
9928 2658
4084 2677
1856 1856
6524 2806
6833 263
7012 636
7472 2959
1788 2794
775 2777
3566 2778
7364 9917
7325 623
633 633
898 2791
725 2774
1527 8775
5606 2687
4994 1691
593 2975
4965 6196
5325 9726
5679 1519
2391 6413
3196 7435
542 9525
5886 2722
4031 638
9183 9183
148 3089
2972 2741
2769 2790
7434 2822
6846 2769
3043 2772
7439 7439
2096 9911
3472 41
8541 8672
8671 8671
6420 6420
395 9365
6636 8808
9990 9370
3695 9988
9377 9377
2363 9371
8807 8807
2111 3000
2053 4066
2108 2003
1578 8740
277 7422
7556 9947
4743 9946
9387 4388
2628 9096
5100 5100
7151 9913
8806 2963
8272 2021
8102 9754
4894 4894
6681 6635
6291 8660
1980 1980
442 1990
3506 3120
8465 3490
3946 8701
7429 7429
7331 7440
841 841
1099 1581
5375 8711
891 8447
3282 4081
504 504
7492 9372
8475 9761
1044 9764
9657 9657
4909 2935
9238 1515
8702 7931
8641 1512
2482 2482
4386 4386
5537 9738
1905 4389
1975 4387
32 2977
6906 5586
5156 9533
9566 9566
340 9567
6769 9574
3511 9548
4920 109
8603 9661
6161 9663
9270 9662
5897 9660
4319 9760
1323 2965
6074 9086
9018 9087
6829 3012
8164 4077
7624 6634
8764 8764
9791 9791
3909 2023
1386 6334
8193 8676
1835 3757
1708 8674
7222 8670
609 3476
8944 4371
3453 3453
6783 2776
3831 7421
3218 2939
3451 3451
6927 6832
3830 2771
3057 3057
2199 9759
6888 9369
6062 2817
3135 2819
6437 2820
1581 2828
3404 2825
1272 2785
4092 2733
501 2821
6969 2816
6541 2808
7644 2827
2792 2792
183 9796
5340 2676
3456 3456
7982 3117
9643 2664
9292 8982
570 4456
2046 3424
4574 2978
4866 9330
1798 2945
8433 3477
7686 7669
9768 9768
9720 9765
3965 9762
9790 9790
4960 6648
6885 9453
6572 2970
1638 5332
3770 7851
2629 2957
673 3801
7566 1505
1176 6435
2638 6439
9610 833
3678 1986
2369 3413
6205 6205
2584 6628
905 503
9443 9748
9502 9364
4958 1950
9681 2951
8770 8770
7333 3011
6530 9920
2782 610
45 7853
9729 9729
9716 2651
8175 3062
9611 1958
1324 7485
97 7487
9296 3123
8749 8719
2362 2017
5396 5827
7533 9786
2022 2024
8687 2022
4681 9175
2726 1991
8270 2009
6792 1989
9539 1977
2009 1973
2137 2008
8555 4078
5796 3111
419 9163
1358 2124
6434 6434
3022 3022
5689 7198
9982 252
5580 1559
2474 2474
6976 632
8522 8771
1422 8310
3394 6403
1659 603
416 2995
3199 9114
9067 9985
3077 3077
8311 3758
619 619
2941 2686
3491 3491
459 9746
9340 4841
2038 6312
4343 551
4971 9782
2881 3091
883 9117
3056 3056
1389 9179
4536 6182
6516 1992
6869 9781
9781 9792
3479 9793
8990 2974
9541 2976
8722 2953
9668 2962
8008 2946
9942 2982
4738 2972
4653 2952
3912 2954
6484 1974
8797 1694
1463 1140
9375 644
7314 4859
8126 9749
4722 3036
8118 3471
6265 6265
8363 9177
6950 6950
6378 3419
4726 9178
9073 9119
476 1988
6030 6030
1617 8313
9463 6211
2357 3492
2361 3489
7334 8785
8899 1972
2041 2025
9820 1983
4389 2014
427 2013
6945 1998
8774 2006
2105 2004
8023 1975
5172 635
3899 3510
983 9938
6167 7419
8839 5109
1202 9874
1090 400
3102 3102
6221 9747
1348 3506
6902 545
1654 7431
9945 7425
1996 7430
2405 7434
2402 7442
1301 7428
2148 7438
9742 9742
4852 4069
9122 9741
5319 9089
2661 2661
6139 4084
5056 9484
7703 6027
4979 3499
481 8998
1913 9757
685 9755
9181 9181
8546 9184
9728 9728
975 5261
5638 9882
2652 2652
6138 9374
9374 9376
2273 9367
8800 9366
9718 9375
9713 9368
5823 8626
1128 2472
6251 2629
786 9871
3568 2702
9248 3130
6809 2654
5278 9739
5219 2504
1650 3038
3582 3963
2076 3454
7319 481
8216 1967
2034 6352
9376 6057
2624 2624
5829 2509
4890 4857
623 8267
7352 4060
8724 4494
1592 9881
391 1846
8121 3447
7368 8784
2671 2671
3170 3487
3522 9858
9866 9884
4149 3039
9598 3037
2501 2493
4312 2505
8096 2497
2258 2501
796 641
3827 2698
9659 9315
6035 9772
8887 9316
1583 9310
2713 7848
4297 4790
1290 3399
3403 3472
3602 8772
2874 2692
9159 3467
9388 556
5185 428
2949 2628
650 3469
4421 3475
6363 8767
9629 8678
9132 2634
936 4059
3036 9751
9752 9752
8674 8769
4325 6476
7245 6803
6200 6200
284 3008
3228 3228
7075 9737
6403 3427
7763 6232
2178 2649
690 2508
7694 4212
7849 3405
7716 4062
4065 2751
8142 4101
9836 1844
4121 8714
7808 4860
3069 2688
4061 4061
4198 642
1786 2499
8981 2485
4305 2503
2521 2521
3638 2515
6168 2512
5053 2517
9555 2495
2744 2506
3803 2507
4365 4365
9506 3027
3044 3033
82 3042
7513 3043
3191 3044
1486 3030
6628 3040
4935 3041
2013 3009
7929 3034
26 3032
8591 5875
7169 2700
5487 9872
5611 2704
5568 3061
4417 3958
6683 9744
2398 6189
2922 9190
3738 2824
9309 6184
3465 3465
8258 9818
6123 4071
7652 6203
6559 8776
2018 183
4567 3960
7751 6632
9804 8934
1292 4092
1278 4082
9207 9207
6449 6449
9766 1545
4893 7129
7772 7772
9868 9868
9883 9883
9976 6627
2441 3051
204 6440
5879 4080
7797 4051
3460 3470
6234 3495
3488 3505
3495 3507
8833 3488
1821 3500
9157 3466
6884 3460
4629 3479
1461 3478
9222 9860
4614 416
3409 8765
2880 2663
9957 8774
5260 1536
9879 4669
4323 9944
9877 9877
5944 6479
9723 2669
8855 3971
7176 7176
3440 3428
3407 4087
4537 4052
8714 1658
3065 3065
5827 3746
7031 2639
7273 9585
31 1652
6637 6637
2718 3410
5512 1175
1468 3431
613 3415
3425 3425
2659 4079
93 834
270 5106
8675 9118
6939 9505
489 9494
5582 6169
7621 4058
1377 9672
8703 9669
2078 9587
2568 6498
6498 6500
7278 3255
7178 4938
7301 3302
7113 8768
7983 8763
6631 6631
5683 4100
9780 557
4538 8614
1791 4858
4580 9326
9410 548
7976 4234
5820 9885
6225 6225
4834 4834
7743 3055
9191 9191
5861 6445
4700 4118
4854 4067
1214 9951
5021 5021
9345 313
2747 7802
691 9870
6076 4091
1848 4070
6250 4232
7489 7489
6776 4350
9996 3105
8322 3106
1058 9962
5794 9840
5238 3402
1145 3437
3410 3403
6299 3423
9587 3433
3368 3426
2260 3440
2971 3441
2851 3429
2095 4372
974 4105
6179 4073
7195 4241
7391 6643
896 6641
4795 4085
4617 2655
2107 3486
9538 4197
9151 3050
7565 3073
1639 1639
9444 4053
4566 4093
2760 2760
490 490
9677 9677
2396 9674
5429 4119
838 7337
2989 6455
1142 6178
6197 6197
8091 6199
2627 2627
8163 9120
2942 6220
9676 9676
6422 5031
6448 6448
6213 6213
7074 2701
9562 6436
1294 6444
6444 3961
4154 4076
875 6437
8310 3048
4423 546
4509 8811
3977 3977
881 3970
3910 4088
355 3126
6081 3099
5959 3133
6813 4098
1941 264
6796 9667
8771 2637
9565 2725
4576 4374
5539 4120
3339 3339
7921 9678
4089 4089
671 2625
3362 9679
3269 9671
1771 6012
7670 486
7384 2668
9496 9496
4346 4346
2959 3863
3576 2691
3630 2620
5608 4055
1946 1946
8569 405
4131 3082
6489 9668
1089 6738
6712 9673
1673 2713
9399 2631
9859 9859
4864 5262
2697 4113
3335 3101
4446 9670
3969 3969
6038 2947
9323 6450
9785 550
9519 8680
9368 9442
5201 2697
9997 9502
1966 1966
7853 2707
4604 9896
9 4300
3038 4104
6658 2638
3493 5080
5497 2621
3629 2525
123 2523
3480 3063
9063 2616
5530 6496
4075 4075
4147 73
7295 8058
8329 4117
6334 342
8349 4851
9508 171
7182 4064
9498 9498
6992 2615
759 2613
1607 2709
3774 4074
2811 3967
2712 2708
6475 2693
2326 2694
3066 2703
5345 2706
9027 2711
1238 2712
6984 2715
8399 7194
3388 2528
6799 1626
5610 9855
9500 2636
2682 2640
2089 2635
221 2633
9633 2642
8136 2614
3589 2632
7132 4056
6864 4094
4069 9879
213 6462
8232 8232
9739 9528
1597 6219
7839 691
28 6463
1657 6354
9542 7320
2318 3716
9431 3964
2935 4861
9138 3973
3656 359
4086 4086
6227 6227
6014 4112
4063 4063
5859 2569
3167 3181
3166 6651
2698 6650
1991 9873
2356 9497
9795 3064
7917 3599
3599 6482
2341 6507
2612 4108
8912 6484
8116 4121
8167 4124
8295 4095
7955 4068
7237 4102
1873 4106
6671 4125
8831 4111
7777 4114
5669 4103
4397 4097
7818 4083
4083 4107
1366 6258
5694 7705
363 3125
8572 2746
4049 4049
1402 3976
3976 3974
5028 9085
3098 8681
2499 9493
4009 27
5979 9993
1349 6464
5515 8224
8730 134
3392 8401
3541 3541
1872 2681
168 2678
2277 6466
4172 6457
7110 4728
1289 4888
861 8645
3958 3083
2085 6488
6240 6481
2634 7770
8939 8939
7567 9856
1070 9854
1108 9842
7274 6478
4709 6490
3723 3494
6463 9709
8021 260
9485 9485
9442 3535
3181 9506
9501 9501
119 3084
6920 3085
7549 3086
7873 8139
4799 4799
6758 9492
2860 3902
4597 4597
4755 4755
926 8239
2370 9500
1774 6218
9645 3723
5671 3493
6419 2762
1481 6948
9488 6347
3076 3052
9014 3076
7939 3053
3360 6504
6483 6499
6477 6503
2003 6502
2731 6485
2090 6483
2067 6491
304 6477
4798 6506
7271 6487
5098 6493
8032 9857
807 6451
2648 6044
4714 4714
4068 9865
9865 9861
6000 6461
1102 6460
2276 303
776 6471
1031 6465
701 6473
713 4099
7766 4123
6162 4110
4110 4116
6587 4115
1045 4122
3073 4096
2399 4090
5143 547
507 175
4232 8996
702 3955
6536 9488
9504 9504
1525 9503
9396 1944
3333 423
3021 26
6836 2670
6204 6204
4136 277
4849 35
3302 7301
5907 2835
2834 2837
1516 2834
2835 2836
6841 14
8248 7673
9914 9914
7934 7934
4859 6447
231 3804
668 6458
6456 6456
9280 6453
1569 6470
8230 6472
6472 6475
3633 6467
8852 6454
6454 6452
3297 116
920 74
3110 8720
6316 6316
6775 6255
3888 6399
6539 3193
484 484
7044 2768
3437 7704
1154 7703
7115 478
7642 98
2937 4735
4145 849
2117 7861
6930 1677
2567 3975
5416 7675
6957 7674
3825 4810
7863 6625
6807 2476
612 4872
1887 3058
6767 3046
3103 3047
2818 2818
3310 4832
8854 9324
5177 6222
7014 485
2224 4190
9196 259
278 3504
5653 9935
1896 9933
9393 4802
4196 3140
6049 6062
2890 9322
1155 9990
1217 9321
8811 9323
3296 507
2510 6210
6226 6226
4913 6756
6406 9037
1509 4710
2998 2660
7443 9214
334 9783
6231 477
3096 3924
9651 3097
4062 7709
941 7714
8481 2522
2489 5074
5903 61
5630 7717
3529 4729
5592 7763
457 9866
8574 5818
3674 1531
8559 9852
1153 6346
5867 3483
4529 7792
7248 6224
4915 425
8767 1550
9212 7719
271 47
2765 3658
6443 6230
9709 9490
783 1680
3497 2673
2940 8981
7710 7710
3896 3896
7821 6331
7784 7784
9249 9249
8413 2812
8628 2491
1182 53
3283 2576
8103 3449
1333 9193
8133 3087
509 509
7560 9461
2275 6228
328 6229
6372 6216
6230 6223
494 6221
7306 6209
5838 6217
8368 6926
6005 2784
4251 8376
6692 9991
1880 6322
1271 6262
1330 5639
434 9853
7498 1668
3055 6639
751 3342
7239 8371
2820 8340
4533 2
5833 9331
5048 5048
9894 9894
2507 9916
510 510
8615 8615
9487 9487
3718 3884
2439 9612
1034 732
4728 3407
1795 3885
6028 7436
2301 6326
2787 2787
4185 3074
4741 4741
9343 4520
6261 8643
2040 3718
2401 9867
2175 5907
9627 2529
9600 2924
5814 5814
9926 7490
4207 3323
9076 3464
7552 6514
6821 1683
463 3905
6579 3888
7376 296
7362 8509
2727 2727
8347 8347
8929 5794
3496 3496
3559 2674
3004 9127
9020 6343
795 4870
1069 7000
2696 8228
6690 4906
3473 3473
2565 5749
8884 9743
4719 6971
3856 311
9120 2796
9237 9237
7713 7713
4123 9830
9288 9833
6704 3753
4380 1689
5002 1943
7759 9238
9060 9702
6451 9675
819 2666
8109 9837
8964 281
8787 9745
1262 8259
4002 2779
6478 8677
7477 2011
1291 6266
9341 9341
6929 9339
211 3406
3169 6999
2808 3756
8225 1506
9025 9345
2651 9340
8773 8773
3739 7486
8443 7492
8409 9338
3111 9343
259 9342
8235 2679
4624 5333
9095 7707
931 7718
3151 7716
5969 7708
1505 9499
5601 1945
9451 1889
7289 1548
1082 9704
9008 9469
3030 7591
2957 9949
3621 5840
9862 9862
6642 6642
9535 8221
193 2710
7243 34
9987 165
5190 46
1844 9836
1565 1565
5351 172
870 7244
7085 9756
9037 6406
1870 2832
9472 2831
4720 4720
9311 8215
9321 9992
4178 9994
8042 133
6207 4126
8648 9841
3010 3417
205 8246
8871 8871
2241 9787
9364 9997
4495 9999
1415 6299
188 8584
2525 2510
2496 2496
3306 9689
790 6941
1820 9838
6834 9832
561 8237
5482 9188
7035 6261
8392 2738
5622 9698
3489 9455
9455 6469
8689 9466
5445 9733
6326 3889
2795 5742
5490 3459
7458 5743
6506 3392
3459 6315
5930 5877
3047 6952
6952 6558
6604 7503
5194 7498
6553 3090
3823 2001
7647 7496
7551 2480
5902 3081
1994 6527
9072 5056
6192 3497
9194 5851
8915 9703
1434 3395
7748 4688
6068 1978
2519 4829
7704 2514
496 1414
8418 1549
3090 6257
4886 2481
1893 5061
9106 2062
9796 9489
988 340
6977 90
4526 4805
6166 330
847 8872
8917 9194
426 2734
1261 1935
7218 1648
2734 3458
4829 6553
8590 6955
5381 470
1497 6036
397 6340
6523 6186
694 2851
5400 1942
269 9706
4871 3865
4818 2662
6676 2804
8992 9732
5908 4787
7142 8463
4095 3990
7783 9329
8285 1964
8822 9835
3315 4759
7490 4789
9980 2735
1700 1971
4590 5154
5863 1969
2164 1994
8825 2488
9569 3587
4299 3468
2415 2005
4787 4127
9699 3416
2699 4472
864 9929
5559 6021
4771 3481
1180 3421
2735 7551
2406 448
7672 4771
7315 3857
6948 4746
5475 7905
4439 3439
265 6056
8366 9656
1088 9941
256 1841
589 237
6284 7936
5272 9695
6476 705
9064 9980
1839 5157
9616 4797
5252 3211
738 7639
5764 2016
9649 500
3017 3355
5651 4691
3916 3859
1752 6192
6257 2714
6532 1993
6777 6523
2121 317
121 5341
1658 8565
3533 5336
7201 6784
616 2718
2644 9534
1719 9373
8364 1693
8309 9834
4698 5217
3948 6070
9379 5805
6847 3283
3343 9541
9373 9146
6546 8229
1264 4808
7740 2530
6241 8364
4919 8667
1111 3480
742 3354
8063 9846
7985 7937
7159 9542
3954 7590
5519 9922
5453 9543
3953 7511
9967 9720
8327 9148
1622 7832
3334 9465
7948 4839
7192 9576
3445 6181
6301 9107
9650 9257
330 3331
3731 9074
6302 2159
1403 5454
488 8844
2986 4724
5253 8926
6960 3761
446 1924
4923 6172
7525 7290
7197 5155
2286 4555
7626 4304
8430 9454
7020 335
5226 7433
4677 2178
7503 9476
8856 3422
4532 6954
9520 1848
6306 6565
2724 1225
5236 475
4595 9187
3446 7589
7335 6983
1212 1579
5702 9942
3157 8530
6202 9395
7868 4782
4857 9898
5182 2399
30 5504
5359 3414
4122 258
5329 3282
7527 2696
5254 108
2403 2780
5105 22
9989 9617
451 3275
2963 4532
5087 8749
244 8815
5298 643
2930 3511
5090 2302
5 4551
5393 9829
41 9984
5283 3647
5805 645
6922 9998
9351 9483
3598 9303
2812 31
4210 6827
159 8295
5927 6940
4705 3781
324 2921
307 8500
1722 228
1020 8656
9609 3929
450 4195
7167 819
9793 9912
9522 6256
3677 1262
5107 9776
9797 5300
2685 310
5230 7408
9805 4444
1674 8558
4548 9996
9371 9002
8400 8739
6924 2183
4693 701
2912 1961
1051 2833
9853 9995
124 10000
4585 1517
3183 9918
4197 6284
7888 5869
1234 8621
7399 9685
4551 3180
1697 9863
6184 9981
3661 9308
8467 360
8466 9077
4850 6953
2365 2076
9239 11
716 6979
1756 8416
1682 341
1782 5873
7637 4259
1052 9750
6680 9968
5811 4835
7517 3598
6751 126
8721 1543
7405 140
3592 393
4261 559
8478 6441
3681 347
9066 3343
1784 7236
5420 125
7611 8834
8480 5717
8391 1413
8748 3823
6243 482
456 151
2350 704
1689 5176
1369 9594
6926 6468
636 8176
2809 6541
2675 5659
3422 9687
526 8925
6195 4540
3647 8668
9918 712
8417 1932
1233 5762
4552 8018
7372 8152
7514 2131
9476 9448
4702 2112
7162 414
1019 7778
8452 731
8426 6293
9242 5107
8408 4663
9024 8449
8726 3031
4236 7088
8462 9572
9240 3765
6701 706
1684 2469
4200 9495
20 9950
9605 8317
8502 3356
3439 8217
2476 2451
3129 3805
4592 9940
7931 9088
3330 9819
5357 6234
5623 8446
4283 9974
9084 7715
9465 4017
7183 9609
9606 401
3577 713
5905 4750
9382 2544
5953 455
4139 2265
243 2204
8343 9659
3705 1534
13 3045
7814 9926
4148 465
3204 613
3704 8911
2705 9965
7349 9235
8497 3434
6275 5892
1062 9986
7817 429
5356 9806
5948 9928
4130 7633
9384 8403
2292 6049
954 4225
1628 6814
8995 9963
9251 8604
3572 611
1631 2492
4124 6765
3730 6054
3124 7277
1826 1999
6653 6330
6142 432
4591 2010
1789 8086
7128 3183
1390 4683
3436 2705
1352 9658
8376 4258
7910 8742
3139 3234
4842 456
515 4917
2336 5159
3197 1561
980 4057
2455 7174
9235 9845
1656 9069
3194 6180
2343 2354
6754 2368
9470 9556
9808 9334
977 7926
9572 7358
4905 9208
9233 9507
6272 620
2324 2193
4153 8282
3697 8947
3583 618
1796 8061
6274 7491
2334 6920
9075 8669
4995 7927
5270 467
5977 7612
4399 9239
5448 6193
113 8512
3082 2830
9261 5026
6211 4982
7862 9899
8798 7335
8444 9344
9359 8655
360 6970
7491 9943
4018 1686
5372 9458
3081 8283
3509 9886
5837 3124
7455 1649
8685 9711
264 2929
200 1968
1140 8160
1967 7329
5179 6438
5086 6946
3371 2156
9407 7941
1263 6123
8213 1839
5000 7667
2857 9242
1297 8408
5077 6215
4408 1829
7073 9696
2748 3474
9963 2018
6054 7482
178 7441
3835 5868
5873 8557
289 6554
2641 7494
7077 2437
3342 5804
69 5640
7452 3892
4992 1629
9153 2155
9974 2420
5237 9904
8229 2726
1542 5096
7304 3592
5737 7980
3834 5329
9903 1934
6820 9906
290 1631
8222 4381
9154 9907
8223 9206
7460 4379
1987 9560
6046 6591
9585 4702
5779 3348
2636 6047
8682 1894
2168 8019
7722 1674
607 1753
6210 8812
9166 1682
5244 7874
9872 2019
4626 9875
8436 6972
5431 4296
8605 4798
5748 9758
1985 9934
2781 9731
3024 2020
3500 5243
3859 4373
8608 7443
5010 5592
2855 2527
5980 2007
8197 6819
1186 9559
4411 8261
5222 3249
5455 9831
4003 7979
5745 9520
8600 9876
6399 6824
5746 3345
1978 4543
4410 2072
2580 7403
8205 3261
8009 5182
1561 7871
3530 9945
2739 6921
5122 9601
5883 9508
4377 9486
4057 9816
3340 5752
5315 6552
4967 2126
6358 9815
9725 3770
1703 7984
3094 9880
9599 2641
2218 2526
4966 2470
9724 9878
3450 6828
3261 2032
2222 2717
74 2699
7043 5138
8843 9708
1560 2471
802 6046
894 2685
4055 8158
1942 4643
4379 3777
151 3914
1570 3442
9822 7514
6589 5215
1318 9180
5786 3281
4959 9529
6806 8187
3260 6301
4371 4692
7082 3334
1922 4496
3002 4479
6972 2536
106 8869
2536 3333
1917 8856
1319 2680
7318 2564
6353 5745
8002 2520
1925 7767
4980 7452
6819 8411
1956 4709
563 8197
1548 3605
6070 7504
4620 2609
8025 3290
4510 3295
1429 9150
8582 2617
4381 8941
4779 2600
2864 4664
9146 8799
9149 9722
6565 8413
3812 8153
4974 3893
1122 6774
6815 8990
9905 9521
291 3930
7575 6969
3523 4568
1950 9697
1948 9705
6455 3948
6499 9060
4488 8861
9265 9254
8921 4566
3463 5345
2761 9721
5095 3938
7051 3357
2610 3328
6994 6275
3291 3755
2609 9149
4736 8789
272 3540
8442 3553
4490 3749
3901 5257
34 6276
3483 3890
5308 9598
1172 8995
9211 5854
8669 9046
1282 3883
8141 9189
8909 3937
3361 8179
9669 9599
1453 3498
2830 6973
4648 9691
6493 9723
7263 9073
2049 3509
5368 3747
1286 8442
228 5393
4631 8380
8830 5889
5037 9700
4448 3868
5986 9707
1163 9104
3895 6582
6889 9586
8158 9255
8082 4545
347 8859
7049 9079
2033 7915
7555 3882
1485 4944
4449 7743
7059 3462
9507 8964
3484 6653
8153 7664
6883 4821
8112 6815
5241 8381
581 3381
7259 9253
5847 5837
4733 9240
4734 3418
3470 3430
8666 9076
4479 5188
2836 8979
5999 8630
3929 3435
8665 9251
275 3388
8663 9248
2833 8909
3466 8993
827 9059
5767 4511
732 5084
4636 6024
7262 7488
3942 6780
8654 3366
5046 3432
8105 6589
9313 6338
3941 4541
6893 3438
8185 6015
5018 3448
3865 6474
9415 3371
6849 8992
2152 4902
5752 9153
7234 3379
7468 4855
568 6776
2001 4779
3978 6039
1710 7882
6989 6025
4752 8805
850 9166
9878 9142
9533 4554
9873 4493
2141 6777
6527 7520
3348 6038
8620 8281
5534 8571
3990 7700
9594 8579
3075 6715
1517 6362
2585 7623
3367 8883
7463 5064
3499 8908
8805 7854
5013 8155
1997 8899
2156 8492
7715 8882
7277 4999
3881 5813
2026 8866
1496 8478
9435 5828
9947 8665
2125 6760
7470 8497
4444 4716
7241 8600
2112 8658
3284 8508
3955 8477
2029 5237
1158 4842
1504 4922
503 7868
3877 8279
3970 8290
3968 6654
1501 8250
8676 5113
3962 4565
3878 8412
7561 4953
6855 8620
2126 4558
5026 6405
7200 8458
2268 7800
175 8510
7428 7712
9339 8452
77 6361
4712 5963
4320 7626
620 7661
4937 6459
2875 5204
6214 5012
1875 4501
1087 4996
6798 6014
6903 4907
9911 6486
9684 4752
9577 6367
5890 4665
7792 8418
1595 7862
3252 7795
9775 6000
2790 8466
9559 4730
5963 8234
5900 7518
4954 4772
7957 5183
6115 8156
4674 8496
1860 8605
136 7749
9815 6658
207 8608
247 5185
5706 5037
8529 8486
506 6525
9227 5866
2520 5134
4668 8288
1863 5075
9932 5190
3447 7655
1602 6640
1852 8262
4120 7811
6325 5076
440 6505
4350 7782
9254 6518
5787 5858
2265 7753
4953 8222
7989 8495
4607 7734
2992 6709
913 7635
1418 6002
4116 5094
4078 8258
7320 6512
5719 8287
6099 8223
7956 6536
7321 8225
7207 6524
7084 6522
1593 5066
9118 6029
3548 5965
6107 8231
2235 8235
3768 5842
8557 5852
6639 8233
7980 5090
5717 5068
5898 5038
1327 6480
6593 5085
801 5062
8558 6273
2730 6259
3765 6501
9685 6269
8538 5123
9717 5046
3756 6489
5826 5018
1589 5052
9119 5024
7097 5039
4819 5028
