3566 7390
3695 7291
3608 6249
6768 5328
4871 5720
5240 6558
6949 2224
1380 2234
6457 2231
2353 2223
4078 2239
2388 2236
4981 2233
6741 2218
6654 2212
4017 139
6128 2230
4373 2235
4829 2232
3506 2241
1721 2214
2252 2237
2238 2238
5779 2226
6753 2216
2953 2229
5985 2219
7171 2221
120 2225
4011 2220
585 2211
3754 2227
4948 2215
2956 2228
6950 2836
2209 2209
738 2240
6793 2217
586 2222
3206 2210
6828 2208
5613 2120
7191 137
659 9
455 148
2975 209
944 170
3561 1233
572 1244
4942 1360
2508 468
3726 1132
1114 1307
842 465
7388 1322
7270 124
5220 469
1125 472
2677 1156
6436 1234
6488 1232
6974 1247
4504 1231
5704 1246
2029 470
2474 1344
3648 1302
4890 194
4620 1345
6865 1343
571 1256
3226 1350
3963 1321
4666 1211
5506 197
4101 471
1822 1361
6209 1130
431 1323
2266 1400
556 276
2470 113
2799 1381
1375 1427
3043 464
6881 466
3499 391
6981 2110
5064 1155
173 392
6177 1336
5550 1373
91 1039
2800 294
2694 121
4856 147
1692 1010
5123 1011
1762 1028
6589 1038
3699 1016
1032 1020
2224 1015
1688 1025
6517 1035
4824 1036
6296 1034
461 1032
222 1019
1029 1029
1694 1014
7175 2812
545 1018
1255 1031
7305 1022
3211 1017
2823 2823
6258 1021
373 1033
1656 1008
2395 1013
5993 1042
4742 2825
5664 1009
6370 2824
4709 1004
7447 1006
4640 1012
2720 1026
6837 2820
6636 2821
1061 2822
163 1024
3913 1030
2130 2810
1894 1040
1212 318
1779 1005
4283 2832
641 1027
5612 2868
2851 2851
1963 2855
6710 251
4382 2861
3743 136
7364 2853
4304 2865
1801 2862
6367 2866
3222 2057
3364 165
6664 156
1174 117
475 151
6040 292
1532 96
7304 296
3548 349
7287 347
280 338
3829 357
2404 358
4456 353
4094 98
6510 345
1312 354
2757 355
5159 1187
5597 1236
1498 342
1821 1147
3066 331
1344 1196
7196 340
2064 1199
1838 317
3866 359
3127 335
6738 360
2539 337
884 348
333 333
1218 1218
2818 343
1336 1216
1171 1171
330 330
4837 339
2889 1198
2985 1107
3855 1148
2721 324
6332 1186
203 334
7412 1109
6461 1163
3173 1162
5847 1169
1185 1185
5383 1167
1016 1315
4955 1284
7392 1131
3905 2148
2167 2167
2681 2146
4964 1213
425 1159
1884 2149
7152 138
6446 332
1739 1165
1207 1207
760 410
6308 433
5184 2203
3715 1287
6328 3411
6786 1173
5825 1206
6088 1158
1397 1397
3395 1408
2302 1292
555 1286
1898 1289
5388 341
5222 2162
2745 2180
940 2153
3400 2186
2668 2181
158 2170
2820 2173
4931 2175
6582 2151
3797 2192
4934 2185
3274 2171
616 2176
300 2155
530 2147
5693 2150
4311 2145
6724 2143
2906 2154
2159 2159
2225 2158
4071 2161
4733 2160
2183 2183
2174 2174
3717 2156
5087 1208
5305 325
7436 1195
4114 1182
1673 300
7247 1249
2768 432
3020 1375
4521 1191
2884 1168
2015 1192
3067 1224
5900 273
4643 1117
1866 1189
2278 1193
7136 1202
4364 427
2815 329
5508 1318
6556 436
435 435
6014 106
159 440
527 431
4642 283
5480 2144
2489 1430
2427 3260
931 1149
2438 1150
7057 1320
875 288
399 1353
4439 1369
6124 1136
467 1374
6889 1316
2687 1217
1972 1110
2115 2178
3848 426
2032 346
6288 1135
345 1119
883 1210
2837 2837
1580 1170
5328 1200
6155 1190
2512 1164
3207 312
2752 1410
3543 1123
2939 1172
5977 1212
4711 97
1563 5
6474 1341
1316 1291
4475 293
6284 1166
430 1126
6162 1089
7078 309
4092 462
1668 304
4105 1127
168 3322
438 344
2516 2
405 37
5875 21
3815 49
284 284
2108 2179
6864 3454
5000 3770
1785 430
1741 3396
4346 1181
2737 3395
5596 429
4556 3397
2369 3592
4730 3343
1841 428
2665 3382
1464 3345
4428 3364
6856 393
5474 2472
3972 3595
3635 3635
6116 3701
93 3284
3770 3733
2630 463
2026 1516
7267 3365
7463 3367
1352 3599
7426 3788
3049 1124
1572 291
686 3600
1421 315
144 144
2485 2485
2276 270
3738 161
2459 2323
2495 2495
1195 2496
941 2552
1527 2539
1679 454
4040 2555
1173 2578
2062 2521
6175 453
3874 3935
1542 2583
1005 2553
2741 2308
4836 2590
4532 2558
2482 2482
1719 2635
5025 2602
5460 2535
638 2596
2301 2600
4414 2507
5187 2492
3130 2540
3962 2533
3081 2519
2551 2551
3046 2618
620 2531
2484 2484
5157 2579
3677 2633
4766 2566
7215 2604
2644 2326
6739 142
3684 2362
995 2307
3801 366
4498 2310
2905 2569
1913 2333
6986 2349
5007 2365
3977 2334
1416 2338
4611 2369
7239 2634
6711 2885
424 2364
661 2522
6605 2344
4296 2476
3840 2655
1645 2580
7074 2314
4124 224
4909 301
3293 2503
5516 2342
1261 2493
6830 2646
6019 2883
4434 2665
5402 2480
1246 2658
2861 2554
1358 2520
5706 2317
211 2339
2648 2648
6754 2557
866 2640
4024 2642
313 2641
3235 2624
1579 3949
3573 3573
1765 3756
5828 3331
6260 3259
1415 127
34 1519
2359 310
4832 3739
5235 15
3795 185
269 269
7423 234
5928 3282
653 2526
2128 3685
6271 3757
5785 3593
1562 3321
4668 3651
7477 3752
2205 3647
513 2595
2541 2541
1888 1125
3832 3728
3710 2886
4736 2506
3886 2322
2637 2637
5904 1235
1794 110
5861 396
5212 3602
6326 3747
1058 3724
3630 395
4380 3790
7284 3449
6961 3786
3735 3735
1012 3608
3277 3346
1518 1518
6808 1108
2212 3280
5658 3569
3582 3582
5278 3767
5072 1116
1327 322
6027 3711
5570 2475
3342 2601
3361 1111
7109 285
4991 2305
1449 3766
4211 3775
6716 3773
3374 3648
7128 3774
148 3358
3984 3388
3509 3332
3349 2350
3739 2568
492 1143
3875 196
1444 278
849 2582
7376 1204
1450 3574
1367 2497
3661 616
407 120
176 176
2158 783
6156 214
3784 591
5473 855
195 891
2268 774
420 784
6602 838
5897 839
2184 831
724 724
2942 755
1811 915
4362 837
3103 706
5532 708
7011 798
4858 757
2688 896
6138 840
5261 813
4509 785
432 842
6594 832
4950 830
2228 767
193 681
6433 653
6444 835
903 903
3435 707
1019 775
3636 596
5379 584
2092 844
843 843
841 841
786 786
249 754
1837 829
7172 641
4034 800
1834 914
6329 646
5512 956
1867 857
610 912
2339 886
6377 809
7253 816
597 597
359 654
2775 688
948 948
6380 573
2947 955
3382 870
5917 819
853 645
1793 776
3040 803
778 946
725 827
3681 972
349 745
2944 940
277 652
5521 950
7273 668
2789 883
1776 951
652 873
6395 733
4288 601
3423 954
964 964
1321 780
901 901
450 801
6206 918
926 804
3994 834
2071 655
7176 675
6796 726
4393 885
3360 952
2202 806
460 672
2226 795
985 704
4732 902
4629 739
2433 634
5408 822
5656 790
4571 877
2133 587
2962 658
3059 678
6661 900
39 777
2129 968
2157 736
1294 811
264 778
1244 572
4540 833
5437 845
1693 574
3419 709
3259 963
5788 979
4895 590
6781 598
6612 673
3431 603
4423 614
787 787
3389 799
1953 779
6709 789
2518 769
4250 720
6783 788
665 665
2297 876
5280 893
6429 961
1550 660
976 976
938 906
7251 910
6357 859
1789 861
4923 694
1003 751
2649 613
2415 639
4163 764
1291 878
1967 851
229 836
5410 810
677 677
660 759
749 749
6735 600
1338 703
2397 599
1054 612
4872 746
401 971
5850 879
6900 622
5058 659
3088 752
2307 578
2496 818
4575 747
419 679
5529 812
3442 693
5868 586
1334 967
2740 701
6442 872
2558 938
6528 875
404 908
1454 808
1441 919
30 588
6246 676
1215 854
3599 710
6475 962
3115 661
5959 723
6342 621
2430 982
1854 895
4152 768
3524 735
5447 986
7105 686
5339 627
5154 817
6001 856
7043 871
593 593
6419 924
3600 898
6458 687
4760 863
608 608
2163 770
1009 623
1452 904
7218 664
4536 966
592 793
1979 881
6240 666
989 989
3365 662
4672 960
2544 949
2295 805
5851 880
4156 970
322 667
6774 969
561 882
4974 862
2935 592
3574 732
758 758
216 610
7163 615
824 824
6916 737
7079 624
2020 670
3814 674
4508 607
1706 684
1525 848
997 997
6840 923
4018 922
2237 927
3318 792
2347 984
5376 680
640 648
33 913
1729 936
6249 999
3380 911
2348 807
752 947
702 702
5907 977
7328 985
5680 941
7282 965
699 699
1761 847
3578 958
3479 874
580 580
3402 791
6904 727
2452 995
1400 925
4573 815
2852 858
5423 820
6688 928
6066 853
1774 866
295 926
5166 929
6097 617
657 657
1057 734
6278 722
2325 897
7319 692
4169 691
3979 656
3948 846
3935 867
1324 766
4551 860
3476 700
123 932
3441 998
5286 782
2838 748
7146 695
833 689
4224 821
3427 756
1723 933
1749 934
5471 953
870 638
270 978
5334 849
5796 2608
7002 609
5358 865
3830 905
1864 937
803 581
5081 945
977 988
2866 887
6185 992
6334 868
2522 957
1249 909
899 899
846 577
5765 760
5207 894
7390 714
1875 781
7387 643
6580 725
973 973
3104 994
2669 698
543 762
6548 794
5190 823
7206 761
750 750
2381 682
602 651
6125 696
3898 718
6811 4079
1066 959
5202 2518
1468 4027
6834 625
179 223
2707 605
4591 728
6975 2870
147 2491
1775 773
5300 2213
1099 2516
3294 705
4866 4023
5565 828
719 719
6669 772
796 796
5451 921
7238 297
6846 439
4737 438
4943 493
2475 3333
3317 3586
2190 3604
1046 3601
4191 2586
3233 277
3656 27
7046 28
5404 92
5357 89
7153 73
1150 26
6886 18
17 17
47 47
664 53
3199 60
697 36
2341 66
5497 87
7417 55
65 65
3271 62
1681 74
1385 84
2321 76
77 77
6876 12
136 43
5218 78
2277 59
1175 41
1948 79
5026 56
6789 86
4109 72
1158 35
1404 54
5865 50
1388 71
5307 83
3344 3
51 51
838 80
2473 10
5698 88
2499 32
5364 58
4898 248
5336 208
61 61
85 85
2574 1
2641 7
2246 101
7468 75
894 90
2717 4
3680 2311
522 2320
5609 2607
5247 70
1460 362
6347 2652
3556 3556
3742 3742
5355 2504
5075 3765
1788 2313
94 94
6012 33
5018 52
4939 48
6190 281
360 31
919 1309
2086 1311
4093 697
3825 102
13 3594
5618 3596
5308 3746
6042 2479
1589 2544
949 2513
4691 336
1657 2512
2017 3269
4580 741
6570 2348
5637 2628
3036 2643
3944 2523
4233 3370
3191 2884
5318 2636
369 369
943 2353
149 2545
1155 2474
4547 2591
1937 3706
5957 20
5267 3458
4655 649
505 869
5137 2140
2566 1183
4982 850
6696 374
536 99
701 383
2507 1541
5958 380
7142 1532
3544 1526
1730 1520
4252 382
1578 1512
6093 377
5465 373
1551 371
5932 1354
6143 1348
2548 3553
2710 3559
3140 384
3249 2592
2901 1537
550 2556
4079 606
1372 4040
3736 29
42 42
3845 8
4209 1365
4165 1290
7482 2327
4947 729
5314 2610
6300 2630
5492 1346
1273 1382
274 1295
228 1347
7245 1241
48 1278
6539 1411
1591 2653
1166 370
446 2887
4654 1297
2010 1349
5919 2207
479 479
6980 143
860 118
3653 481
2535 478
483 483
5735 2381
230 2403
5445 482
5661 2412
7404 477
3571 2434
4729 2421
7100 2376
1060 2440
895 2444
2631 2380
365 485
6827 484
6720 476
4572 2390
2382 2382
2019 2423
6736 290
6241 2433
4213 2431
5791 2430
7226 2396
1410 2420
3881 2453
3335 480
3029 2457
4010 2456
6359 2465
696 2443
5191 2466
139 2436
3254 2432
4309 2429
1092 2384
3647 2408
2585 2460
932 2416
4383 2418
486 486
7368 2388
4000 2409
6512 2451
4880 2441
909 2383
639 2415
6946 2404
6224 2461
4198 2455
2105 2458
6083 2414
2428 2428
3539 2445
3422 2450
80 2391
5967 2401
2657 2448
2549 487
3670 2394
2411 2411
5201 2377
6625 2452
6057 2397
7299 2400
1433 2392
7487 2406
2673 2405
390 390
4581 2407
4138 2424
2595 2427
4925 2442
2883 2437
122 2395
303 3566
409 2410
2543 2438
5254 2389
5361 2439
2393 2393
109 100
5583 2446
288 2447
6401 3718
183 1188
1285 2399
6336 389
5829 1129
6713 2693
5004 3676
5030 2587
1478 2622
2611 2611
1101 636
1103 145
5806 474
5888 1113
5115 2165
1406 2459
2413 2413
5848 2467
118 2426
822 2398
4412 2425
6833 2387
7310 3447
7216 1758
840 422
4140 1209
5964 394
2890 3725
6628 3398
290 3277
2342 167
4045 2563
1280 1280
2177 2867
5877 1273
651 434
6381 1274
1401 1401
704 620
7293 576
6281 2471
3288 3452
1303 1303
2097 1398
396 1239
202 1399
1237 1394
1733 1416
7346 1392
5074 1424
5943 2324
2210 1001
2748 2657
1329 1197
4777 181
5076 1388
4965 1161
508 1384
3330 2321
3553 2486
680 279
4097 1423
2289 1623
7027 1651
423 129
6825 1641
416 1612
4881 255
2121 1626
1984 1616
5398 1203
1049 1642
4294 1630
7391 1597
2 1639
3964 1701
5101 1702
1614 1614
1787 1328
2244 1327
4696 1118
3538 1330
1239 1331
5832 1205
3811 1329
5406 23
4461 1693
6745 1604
4184 1688
1252 1252
5251 1638
1628 1628
1846 1631
3883 1588
7274 1649
716 1673
2633 1585
1535 1677
3769 1629
4658 1671
5981 1590
1213 1643
3869 1633
2414 1634
4801 1680
2844 1646
917 1609
3031 1664
524 1650
6061 174
2918 1637
5757 1676
6154 1617
6360 1603
7162 1201
6223 2123
3724 2134
2219 2124
3298 2135
703 2125
7358 2127
723 2112
1251 2133
1306 2117
925 2128
4420 2111
3439 2126
3498 2115
5498 2122
1543 2130
3999 2129
7124 2113
4610 2138
7344 2139
255 451
3425 2107
7214 2337
3246 2116
5148 1678
367 2141
2874 2114
6772 1679
2834 1667
5653 503
7500 119
2139 560
782 1644
114 109
1727 1690
6191 1657
3676 3625
2222 3674
2056 2814
4032 2815
6835 604
459 583
7199 150
6254 1615
7469 669
7151 2576
2424 205
5608 4009
2380 852
2835 2835
3505 203
71 2841
4663 987
767 981
7155 135
3260 2108
3409 1593
3312 3359
2533 2850
4227 226
2606 712
266 2561
5309 1242
6051 1727
2836 130
6225 1469
4462 126
4149 1483
4254 1493
3931 202
3619 441
4674 107
2682 182
1548 2358
5933 1219
540 1140
2528 2662
1539 618
1878 368
499 2340
635 2331
1282 2370
6374 2351
5272 1600
1179 1179
6861 2243
5921 2543
4635 2524
3265 3265
2286 3568
4210 1176
1533 1533
5206 1952
6282 134
3827 2002
4235 2041
7024 2009
5469 1975
2642 2007
2979 1985
5352 2026
3646 4291
6626 2013
2343 1981
6114 2014
7374 2040
6633 1955
6219 2039
2324 1990
6197 2025
5426 1950
1928 1984
3796 1948
1843 1993
3529 1974
2024 2024
2457 2016
3632 1968
6902 228
5941 2006
5970 1979
728 1972
2689 1989
6168 1986
6235 1991
4433 1983
5517 1992
1987 1987
1897 1953
923 1970
5687 1957
6252 2005
3275 2033
2963 1988
1685 1978
59 2036
676 2035
1665 2000
11 2038
2879 1960
3687 2017
4376 1967
1964 1964
4325 1177
1116 3576
7422 3780
2477 2070
6122 1194
4745 1268
5301 108
1970 146
4502 447
5344 444
1220 448
2878 445
6318 2765
2666 449
3518 2760
2750 2724
1172 2725
911 2771
2766 2766
2770 2770
1722 2773
619 450
5783 2777
3345 2783
7307 2726
7073 2789
7363 2782
2273 2796
5710 2774
5683 2798
1736 2737
3091 2797
3120 2775
268 2744
4336 2780
2792 2792
200 2802
1431 2804
666 2790
826 2801
5197 2786
6008 2753
5795 2785
5890 2799
2758 446
5794 2781
644 2761
7235 2784
3605 2779
2806 2806
3975 1390
6366 3697
6178 3571
5214 1243
2945 3741
2848 2574
1374 2673
6694 2676
4740 184
959 200
6141 2677
3183 2355
2377 2303
3852 2617
2996 397
5391 4014
6714 644
7490 1389
3168 1145
743 1691
1439 1146
1377 1760
4405 2502
4636 2501
138 2863
1940 2575
7094 1601
6841 372
1715 1715
6678 1742
250 1724
3440 1714
2830 1750
294 1722
3583 1721
4719 1749
4684 1740
1295 1748
4852 1752
3270 1719
5298 1763
7085 1728
4310 1769
4463 1768
1485 1778
794 1764
4232 1730
3700 1772
1732 1732
5887 1751
6719 1775
7428 1731
878 1762
5947 1765
1777 1777
3185 1712
5412 1744
2221 1780
7097 1736
2164 1767
2923 1729
5296 1747
3959 1720
4171 1710
4145 1779
78 1718
4870 1781
2250 1739
6707 1745
5963 1759
3247 1711
2622 1716
3470 1735
4321 1787
1717 1717
588 1738
1737 1737
2079 1743
1398 1766
1958 1786
1355 1788
1671 1754
2300 1723
1780 1733
1199 1319
1293 1293
2656 3763
2186 797
5582 268
1743 1227
823 1905
5901 2374
7015 1357
4545 2012
647 647
1309 376
6100 1530
3370 2378
4906 1713
2557 2528
627 2328
3468 3536
5077 2907
5942 1539
4014 2683
4253 3691
4150 2109
4497 1174
6069 1175
6407 1456
6927 1891
6372 133
5316 1835
1512 1817
2262 1858
2299 1845
3719 1814
6892 1873
1386 1909
3429 1840
3362 1825
1828 328
6574 311
705 308
2373 1844
5834 1876
5217 1894
4036 1906
6325 1837
2333 1855
5910 1846
5801 2754
3514 1829
6402 1922
4282 1888
3165 1925
1540 1931
1936 1936
2933 1823
1935 1935
4952 1941
6832 1932
2046 1871
759 206
2248 1513
1018 295
7221 2869
3437 2857
7233 2858
3443 2871
4864 1141
3219 82
169 2562
897 2654
1939 3550
2929 2570
2607 2891
1594 2889
3378 3544
3976 3546
6080 2301
2346 2346
5067 3482
20 4440
3713 3551
581 3549
1362 3500
4459 2363
3485 3485
4678 351
6070 3470
3879 2599
3204 352
4103 3498
1695 3508
6987 4357
6006 2359
6737 2478
6683 3528
3598 3499
3942 367
6549 2534
6800 3478
2888 2888
3232 3469
6659 364
2827 3527
5409 3468
3098 2890
3269 3465
2816 3491
5413 3464
2253 3522
7265 3466
2194 4764
7316 3496
5332 2325
916 2944
6524 3497
5284 3479
6921 3480
4749 2357
4675 3545
52 3490
3177 2505
1455 2537
4919 2341
5856 2329
6376 2356
1642 2361
6096 2312
2732 2360
6643 2343
2412 2515
2304 3727
4522 3472
1829 3514
186 3475
3414 3477
3511 3511
7173 4352
2546 2546
7380 3476
4316 3495
5986 3484
3473 3473
3292 3709
5556 3792
6496 3384
2387 3730
6642 1785
1267 3341
6784 3186
5133 3687
3460 3771
318 2584
2613 1134
2943 2315
4685 2118
6032 1531
1718 222
2120 212
3113 1445
7130 125
4245 1449
6 1443
7222 1448
5554 1446
800 1459
3949 1436
3051 1450
2265 1438
4617 1457
7047 1437
4044 452
4751 155
4490 1052
2683 122
2521 1078
55 123
2554 1060
3985 1051
7458 1054
1432 1087
2712 1062
388 566
2367 1066
7492 1045
4608 2172
1256 30
789 1151
5335 1959
1217 1998
1440 2845
2335 2464
3696 2463
7366 3459
3705 2947
2494 1799
781 305
2618 179
3627 3633
4268 3612
3332 3637
6979 3629
5560 589
2313 1094
1514 2859
1223 2873
3664 993
595 595
4426 930
4469 1682
2822 996
3691 1041
3629 2571
7301 1843
5013 2508
6518 2063
624 2649
2478 2632
7315 2169
6590 1409
4447 1415
4008 1418
7180 1444
6205 744
1750 1792
1546 1222
7140 1269
2310 3580
2899 2498
3449 2483
3531 2897
3989 187
3744 523
7298 524
4888 164
3669 3669
5319 2688
5324 2678
1106 1106
2536 2536
7373 2581
1930 1669
4375 1755
6924 2538
5430 3324
6324 3609
6180 3614
663 2565
2088 3776
3673 3673
2076 2076
867 1994
2112 1271
2540 2157
6771 2195
6727 2598
87 1665
2821 2306
381 2032
287 1535
4259 1515
2131 1945
5606 1215
2318 4550
4206 3548
494 4237
6151 3494
5099 3483
3069 3471
1954 1591
100 1594
6427 3628
7495 3768
370 2336
1995 1973
1322 1662
263 1689
2571 141
5331 2295
7460 2270
6656 2276
6599 2280
6963 2281
2909 2263
535 2274
5164 2283
1331 2288
1615 2289
1465 2277
2505 2299
519 2265
2930 2285
3849 2262
570 2286
2296 2296
3411 2256
4315 2271
809 2279
7088 2282
4379 2275
3570 2298
2385 2294
4546 2261
2284 2284
3771 2297
5366 2287
227 2290
6200 2259
2761 2268
7459 2292
1268 2258
4656 2278
2269 2269
2264 2264
2152 490
607 1954
2603 1003
7064 2309
721 721
191 631
1079 3446
4505 4078
2948 327
7087 307
2904 2352
6812 2367
5390 2366
1643 2368
1027 1419
5797 1598
6507 1072
1966 1966
4080 2043
6368 2028
2000 2046
5086 713
2366 131
776 715
1790 2527
6086 2727
2907 1258
812 1259
1564 1364
63 190
4848 2001
7441 2037
6988 2763
155 2068
7147 256
6621 265
5243 3075
4378 3117
6859 3066
2308 3074
1143 3171
4055 3108
3056 3201
2659 3170
3047 3047
681 3083
7197 683
4583 1070
292 690
2287 3686
4468 3764
6050 2532
5172 1114
1030 2163
6641 2164
1275 1275
3314 1265
4199 4199
415 415
3379 4339
3904 2136
771 771
4628 2402
1497 2627
1641 557
5270 2152
1853 2193
5800 2182
7413 1501
6015 1500
2372 1508
4589 1510
3027 1509
1495 1495
2575 1465
1292 473
1477 1477
4562 1481
1490 1490
2436 1497
2362 1464
5707 1502
6940 1503
1994 1467
3386 1496
2846 1475
3012 1511
4692 1470
2337 1471
6534 1468
1013 1466
1474 1474
3685 1463
6157 1482
4137 1494
1943 1478
1315 1479
7263 1488
4076 1487
5257 1473
7005 1485
1505 1505
4261 1476
3261 1472
7139 1484
5777 1254
898 3509
2392 1499
5587 11
1625 261
3426 259
2863 263
3709 260
598 264
2579 258
515 257
4644 3222
712 3225
830 3234
850 3233
3357 3224
5759 3251
3846 3226
2410 3227
2486 3228
2627 3232
1313 3237
10 2267
1383 2816
6448 3457
6740 2684
3555 2687
1378 2674
3461 619
3326 3326
1098 1338
1390 2177
4513 2494
1590 1542
3021 892
2344 1640
5819 1652
4429 6
1886 1602
3025 1685
1674 1674
1510 1624
5956 550
219 3787
802 3632
4752 814
1225 575
4488 500
7167 907
1965 1636
542 2905
2672 2672
2727 1142
3398 1308
1271 2530
6925 3956
5375 3564
4780 4210
7409 3560
502 3366
2431 1492
2440 302
1873 1298
5450 375
3164 4264
4256 3474
3208 4549
4983 2517
104 1868
2990 1362
7249 1180
7289 2335
6942 1074
6081 825
1086 1704
1855 3798
6099 2435
3320 1225
4932 3392
5478 299
1076 579
6465 3547
4501 3524
3310 2736
6111 2735
579 2769
260 2730
4385 2738
5107 401
4002 403
2103 104
544 2731
7103 399
6584 402
7101 4200
966 3252
2576 3561
6263 378
2197 3729
1601 497
6519 1686
105 105
5464 417
3002 416
3102 406
1447 1447
3762 2813
6844 1453
2552 2514
69 1971
1489 95
6352 2733
5840 3611
4959 211
730 730
4471 4021
7121 1538
7327 387
3993 1251
1877 1877
2928 1947
1872 1313
319 233
2145 210
1922 1240
6816 491
511 2168
4714 3658
5167 1632
477 1675
4217 1611
115 2757
4549 3797
6153 3670
258 3738
939 3385
6616 2764
7023 2621
6801 2573
805 1277
5723 1902
3579 1907
6622 1380
2813 2419
792 2809
2847 2945
2993 298
5287 1901
5317 4274
2178 2614
344 2603
4384 2316
2639 2639
6564 2613
6910 4361
2902 2991
6523 2818
6640 2690
6855 3690
2045 1310
2400 215
4757 3329
5269 3720
5141 3339
3110 286
3546 379
6919 1776
2077 140
6747 1527
2483 2685
6285 3489
1260 1708
5830 1660
2195 2247
5219 1627
83 1007
3093 765
3009 635
7114 888
5433 1340
35 1367
3359 1368
3722 3722
5380 3700
6750 1746
6344 2244
6623 3655
3393 2729
2116 2664
2550 152
5712 19
3139 236
7120 1214
7102 4837
116 3361
3123 1771
1784 1784
5513 1795
1713 2626
2245 3337
5452 1063
7432 4552
5940 3467
2519 2549
5927 1620
2753 1441
1146 1439
1618 1618
5580 1462
3693 3849
256 3864
1004 419
2932 3883
1880 3894
7126 404
316 316
3079 412
3816 3816
2581 1229
2977 423
199 409
5711 3812
7320 3808
4899 4001
5732 3378
4341 4341
2829 2892
6172 3818
2913 3838
1008 3813
4761 3825
309 420
3410 3410
2857 3860
6471 3889
2714 3842
5878 2302
4478 742
1752 262
5756 2901
1616 173
3663 3663
5310 442
3112 1943
5724 3456
4418 1822
2138 2788
2912 2746
6649 1621
1536 172
1165 3642
408 408
2645 3810
1457 3523
4687 114
3383 3383
454 116
2331 3624
2196 2255
5762 3336
1078 3354
146 3261
4833 4111
5997 3327
3940 3672
1663 2119
6212 3844
6440 405
1849 3567
3841 3841
1177 2052
3 3843
4494 3863
6428 4351
6943 3335
4290 1498
3496 2619
2503 153
3201 1250
6483 1253
489 2970
2801 4240
1926 2983
4542 4092
4357 2567
5283 534
668 2695
6597 501
6674 3276
374 3944
6036 1059
1868 3760
6238 1928
3831 1910
220 1882
4741 1895
2330 1838
1851 1851
5559 1867
3108 1899
5748 1892
1311 1897
1167 1857
4352 1880
177 1915
2090 1898
3512 1890
4345 1918
2117 1916
6394 1842
4799 1921
775 1919
4286 1934
1120 1120
868 1517
5169 3036
2463 1053
1865 1865
3268 3268
5441 4202
4272 3245
2787 2547
6568 1137
509 509
2384 629
6905 2740
4722 3714
5640 1619
261 1625
1747 1608
2532 3042
1366 3702
4404 1930
4750 3712
6207 3455
4993 3368
121 3836
3714 1839
5371 1881
4808 1826
5010 1832
101 1884
4113 1914
4997 1886
307 1887
4167 611
6756 637
2858 3833
5650 2510
394 1841
4854 1337
4841 3793
6606 3779
4896 381
189 3381
2612 2612
3453 1862
4683 1926
2288 1830
1698 1818
6314 247
2722 232
1647 1534
2910 1523
343 1809
2733 1589
1977 1977
485 475
3150 2734
739 3013
5632 3851
1118 2965
2041 4038
5651 250
514 3846
2580 3845
6516 3837
4369 3832
1310 3803
6508 2347
3510 3520
3525 3525
4216 4374
6213 2206
736 1560
6941 157
5549 4776
5196 1342
4715 3375
1408 1803
132 132
4755 2752
1423 2196
1132 2194
6591 3461
6593 1949
2876 1996
7065 1995
3028 2020
2456 1377
317 518
4179 240
488 239
456 456
5304 3938
998 1821
3205 455
7330 303
5805 461
72 3570
5040 1521
5472 2204
5208 1824
5576 3376
3634 2205
2004 4168
5615 1152
4398 458
5552 112
5503 460
4265 2699
2593 2260
6581 1659
1453 1049
554 63
6567 169
596 39
355 1961
4110 511
2418 529
1496 3603
6257 802
655 890
5349 1257
1565 521
6505 492
5486 1937
1269 91
6730 1043
3890 1790
534 1798
1831 1797
5631 385
3520 388
207 2469
7493 1282
4136 1296
2794 2273
694 2272
1325 1325
7131 1793
2903 1789
4748 2075
3223 218
339 2088
4827 2084
434 2097
3256 2087
3934 2096
6514 1044
3550 2550
1531 2201
2191 2200
2383 2199
2703 2198
2959 2197
4857 2191
4956 2190
5053 2189
5130 2187
6217 2184
6702 2166
1136 3878
6799 1707
6869 4467
478 93
600 69
1476 68
2332 64
4682 57
5509 34
6413 24
7314 22
368 1878
4059 4578
7480 2650
1703 2564
3894 4336
7378 2056
4791 2091
165 540
1287 495
2841 2942
7050 2079
5660 1226
5872 4100
6072 411
6957 4051
6878 2470
3475 1536
1134 4170
7081 489
737 530
2802 2081
5097 166
928 3704
1876 3597
2409 1305
5675 1861
6491 2647
7145 2054
879 2053
6870 2319
2864 2300
3892 2293
6922 2266
5233 1220
157 4369
1735 3493
262 3348
755 4373
3169 3516
3082 3434
4085 4399
5758 4403
3954 413
6389 424
3996 3996
5807 111
6208 3394
6890 4535
326 3492
576 991
751 990
772 980
1170 975
1577 974
1659 935
2227 889
3145 884
4436 740
5009 594
648 1796
698 1774
770 1773
1796 1770
3643 1761
5291 1753
2060 363
887 2817
271 1807
1805 1806
3568 1805
5029 1804
4904 3886
6675 2103
6712 1358
5853 1491
2361 3662
3187 526
4557 3115
4614 3085
683 2831
3542 2830
4951 2829
5431 2828
5688 2826
3519 2839
1191 2500
2169 4773
6320 1852
6873 1815
21 1507
955 1504
6555 2499
2984 502
4051 44
4949 3243
7256 1833
6657 582
3217 128
1915 4290
3920 3716
7137 2577
3086 2659
1529 1529
1973 2034
2030 2697
1574 3342
4815 3266
4023 1442
239 1929
1826 2755
3163 826
143 2047
443 2045
501 2044
1636 2031
1651 2029
2285 2023
2406 2022
2735 2021
3018 2019
4606 2018
4615 2015
5374 2011
5842 1999
5886 1997
6024 1976
7134 1969
7317 1965
7332 1963
7029 4518
3455 2051
2654 2794
1074 2756
3749 2778
1105 1546
6009 1946
6586 2095
282 4058
6982 2509
7406 2078
5359 2082
6700 2077
5454 531
3702 1317
7383 1095
2098 4143
4177 1356
2218 1913
2049 2058
5845 2092
4512 2511
1056 418
4625 3866
1704 407
1467 711
3305 266
2587 1178
153 1927
4676 1872
3384 361
4009 3541
6831 4392
6929 2975
626 3020
5299 3018
3927 3024
5628 254
5003 7270
7418 2966
5619 2967
4172 4172
5411 4146
453 4350
2960 3950
6547 3393
3756 249
3537 3537
1583 4772
4411 4411
3804 4774
4477 3591
6382 2477
6911 4767
6994 4211
2334 3270
7095 3885
2592 3152
7040 4404
257 1429
331 1428
682 1426
1288 1425
1305 1422
1339 1421
1349 1420
1365 1414
1413 1413
1830 1412
2450 1407
2638 1406
2728 1405
2958 1403
3084 1402
3350 1393
3372 1386
3376 1383
3611 1378
4022 1376
4142 1366
4181 1355
4612 1351
4938 1334
5044 1332
5071 1306
5263 1304
5555 1299
5595 1288
5621 1283
5639 1272
5692 1270
5790 1263
5948 1262
5987 1248
6222 1228
6243 1184
6601 1144
6647 1133
7116 1128
7182 1121
7475 1112
1945 2131
7241 4233
2686 1982
4160 2560
462 3267
4440 272
5730 3736
3532 1102
7217 1100
1584 1920
4826 2379
2690 2385
3851 2776
2094 2834
2368 1540
1802 1802
2862 1801
922 1800
733 204
881 171
402 275
5926 2086
1561 1889
3535 3748
5346 568
1621 569
4717 567
1189 1081
4424 1069
4634 1077
6297 1073
291 2803
1999 2800
2743 2795
2867 2787
6129 2748
7091 2743
1971 716
6233 571
3179 1548
4207 1557
672 1564
5761 1567
1050 1566
4565 1582
5121 1555
4879 1568
799 1572
1852 1571
5386 1553
5815 2417
3486 944
3377 2701
1757 1757
1486 1486
2298 3693
237 246
560 245
734 244
1277 242
1626 241
1751 238
1860 237
1959 227
2464 221
2597 220
4062 217
5979 213
6632 207
6788 186
6931 178
7268 163
4039 4039
1020 45
4077 38
2782 1885
4452 2698
2432 585
1835 1122
248 1385
1635 528
791 1706
844 1705
1644 1703
1806 1699
3593 1698
3938 1697
4120 1695
5055 1694
5571 1668
6098 1661
7003 1605
2849 2849
4599 1956
7135 2706
5193 2661
2661 2660
2773 1096
3694 3835
3462 2762
1281 40
351 280
6698 1573
1803 1579
1010 1570
495 3850
1799 2833
6672 1810
7166 2048
151 1951
2973 3954
3327 3912
1221 1221
5578 3865
3030 4395
3073 3862
2814 3011
4810 3911
6248 3815
3466 3847
3616 162
4189 3543
3782 4384
3887 3887
12 3805
3957 1725
3991 3081
3947 2898
2425 3215
4182 7292
4623 4545
440 4763
3844 4401
5135 4780
3778 4775
5749 4778
2886 3710
4705 4777
5282 4783
5415 602
5899 2066
5752 443
3528 3214
6026 4385
7219 313
7318 4046
5295 199
5211 513
6867 2671
5824 2090
3304 2061
1985 1370
1392 2720
1767 2719
2679 2716
2705 2712
3024 2708
3290 2705
4421 2702
5553 2680
6513 2679
4550 3777
6901 3572
38 1734
3704 2132
1769 2137
3941 1312
1138 1654
6150 1653
3348 1635
4267 1692
4280 1864
4695 2899
7048 1002
2517 2827
321 1460
1187 1455
2920 1454
4020 1452
4851 1451
6094 1432
918 1820
4470 4267
4525 3389
7212 4204
6113 365
328 3533
7248 1047
175 3136
4049 3114
3035 3035
6542 3694
5534 2615
5638 2332
6631 3045
951 14
678 13
7178 4450
675 4386
5677 1434
4089 506
1443 4444
5034 3640
2561 3118
1356 2772
2751 1848
7028 1944
5015 1853
7075 1836
4804 1813
2629 2629
2840 1391
5500 1417
2490 2490
1188 2703
6704 2713
1133 2542
3421 488
74 522
2769 3930
835 1831
2434 2962
5543 917
5377 663
1040 3254
1445 3250
1552 3247
3494 3246
3515 3241
3612 3235
4945 3231
6777 3230
1622 1622
892 1098
1069 1093
1701 1091
3753 1088
4004 1083
4960 1082
5160 1079
5444 1075
7164 1071
6531 3877
3853 2692
1568 2710
1395 243
160 160
5862 1099
2965 235
4293 1154
5682 1335
1956 2330
4242 2101
2664 2102
4330 2060
7195 2080
2065 2065
5175 4142
7149 1917
6067 1904
308 103
5689 920
302 2304
784 3000
3482 2085
5502 4671
5073 4070
820 4061
4518 4071
6074 3325
6532 2808
1554 2811
7062 4699
181 1544
2614 2105
3212 1870
3675 1883
4159 2242
1117 2996
6798 3823
715 2248
6418 3578
4332 3754
523 3668
3533 67
500 1584
1581 1581
2718 1580
3058 1576
3154 1574
3856 1569
5860 1559
6978 158
5429 2894
5110 271
5239 2896
3745 3745
2559 2559
7421 2691
525 525
6964 3099
347 2669
538 2668
856 2666
1515 2645
2355 2625
2893 2609
2915 2589
3459 2572
6874 2488
2081 547
3236 1648
4944 1647
2305 1055
4335 2860
2599 2008
2701 3323
582 4000
3751 1372
3590 229
5070 2852
5125 2843
2155 1067
5585 1086
829 1076
2859 1552
4977 154
4091 4091
731 731
3755 1395
6725 4617
6021 4784
278 570
558 559
658 558
1917 551
2323 548
3725 542
4472 527
4786 517
6802 514
3355 1791
4391 3283
6195 1980
2454 467
4083 3054
387 2253
3678 2252
7138 2251
1519 2386
1766 1105
732 3627
6467 149
6056 2722
3767 4574
5551 4496
1660 4900
5679 4476
935 2893
3897 4509
6400 2895
7473 4505
4680 4560
5083 4502
6734 4557
3192 4511
4491 4513
480 4504
304 4477
3134 4456
5435 4558
3131 4583
2628 4512
574 3531
5564 4364
251 4508
1276 4479
2391 4818
7464 4507
3044 4568
717 2909
311 4572
3142 4573
3487 4586
7060 4045
4712 289
5720 4566
2365 189
1482 2916
5975 2908
2839 4596
3125 4581
5419 4876
4081 4877
1227 2318
2144 4722
6607 4455
3403 4725
2461 2880
747 4816
6482 4592
601 4817
5535 4489
5780 4802
5668 4506
4561 4561
4819 4819
414 4794
2684 4447
6242 3534
4038 4487
4087 4488
5817 4421
6251 3960
5542 6968
4726 4726
1670 4812
2724 4799
7443 4359
5022 4849
6559 4808
6306 4452
1839 4222
1479 4498
5414 4738
2061 4723
2230 4753
6932 4850
314 4732
7004 4727
6967 6982
779 2882
4205 4814
3674 4810
5128 4724
4972 4737
6923 3481
3651 4497
3054 4751
188 6962
2160 4756
2421 4729
2080 4761
4577 4870
6492 4731
205 4743
1376 4741
5629 4733
5737 4755
3554 4800
4700 6973
6478 4565
2255 4795
6666 3417
3800 4483
5626 4486
1637 2918
214 4788
5654 3130
7211 4874
1347 4851
6836 4861
3609 4490
5666 4912
54 3445
3655 4484
4897 6047
472 4375
6968 6983
7335 4481
7466 4579
693 6975
773 4360
1135 4495
1094 4734
1203 4806
6894 4730
7288 3416
1770 4811
422 4796
4813 4813
5461 3098
5490 3423
6137 4569
32 4494
642 4740
1216 6976
2168 4854
5771 4803
6561 4485
6732 4939
3434 3147
6595 4801
6956 4807
7058 4571
7451 4852
5372 3123
3090 4577
6848 3082
3194 3088
418 3034
2036 4840
3707 4759
2078 6984
2652 2924
4377 4719
2476 4379
1434 6302
3650 4462
5634 6048
5974 2948
2545 3414
5105 4492
2025 4841
7150 4793
4450 4493
2734 319
6054 4760
6283 4482
7375 4859
3097 3097
4699 3175
5345 3121
6992 3146
106 4798
352 4555
5883 3402
5165 4804
142 2998
5449 3852
283 3401
2271 4439
1394 4407
167 2919
615 3111
1608 3090
1859 3095
1231 4736
1241 4406
1345 4899
4419 4419
1164 4881
1364 2925
6293 2917
1792 4308
7077 230
3563 4260
5909 4728
5763 6713
6041 4418
5902 2473
1113 4422
929 4965
6421 3422
5588 4867
7450 4510
3517 4156
6624 4050
5898 1684
3516 3089
2132 4553
578 4480
1595 3113
1381 4534
1680 2631
1612 267
2860 3404
975 314
4188 3112
3508 3125
3639 3149
482 3150
4292 3068
1989 3126
2374 3156
1186 3084
2435 3063
3843 3044
1494 3129
3148 3148
7165 3199
6794 3167
2623 3188
4466 3213
2072 3059
6615 3124
3144 3144
1771 3138
6898 3077
3184 3184
2242 3154
5043 3143
5285 3151
2247 3176
6286 3173
978 3204
2961 3181
172 3145
5036 3183
7129 3155
1932 3127
3432 3197
6701 3159
4703 3192
1346 3069
1570 3128
4053 3903
4212 7447
4739 4739
1028 4789
4818 4749
4845 4410
5194 6997
6917 6967
7093 3048
7240 4790
1470 3562
6863 3435
6468 321
4262 3440
4086 320
6385 4797
4713 4428
2309 4069
3072 4412
1446 3403
5601 3420
2051 3421
6557 4878
2646 4879
5920 4860
2091 3419
380 4208
7362 1068
76 1942
953 1940
4544 1908
7018 1869
1243 3626
4516 2723
5348 3451
4056 3782
974 3828
23 6980
111 4836
4300 4779
3420 4875
972 4892
1504 2946
1650 4752
2193 2961
4481 1115
2254 4868
2469 4239
5896 2923
4161 1549
2843 7462
1129 6229
2070 5736
3522 4254
3686 386
4047 4438
4155 4554
4487 3868
4805 4424
4530 3542
7372 4363
2520 3506
3659 4768
4873 3827
3766 4089
5995 4782
5198 4771
1929 5597
5381 356
238 3505
5494 4365
5620 4971
6198 4582
6817 4503
6824 3984
6960 4896
7066 180
7302 4389
5605 3539
2759 2759
137 2004
371 3415
6763 1923
3914 201
7377 1080
3966 1092
6502 4141
2063 3139
783 4181
993 2682
1683 3713
2778 3554
6322 3552
1842 1658
1557 4207
3210 1670
1990 4862
3577 3577
4246 4677
7231 2715
5446 2548
510 510
2281 1709
1874 1874
5117 4313
400 1656
1148 3453
1142 3218
1332 3168
208 3169
5572 535
865 562
3747 3328
6028 3185
2426 4086
748 2842
364 2104
410 2098
628 2094
1163 2083
1648 2074
2104 2073
3178 2072
4718 2062
1219 115
5746 1903
2126 544
1422 498
4458 1663
2106 2106
7478 1458
5293 1687
5048 1525
299 494
3997 3973
7297 3621
5590 195
2356 2940
1908 2838
5739 1558
1059 274
2398 1938
3906 3717
1289 2623
1438 532
5971 556
2468 3909
7296 3910
3581 3408
6077 1245
3576 1655
1081 3734
1511 3281
36 1480
2156 3380
2762 3462
952 3678
1814 4516
1902 3357
1091 3753
2002 2954
3953 5698
4275 6523
2510 3488
6644 2941
2946 7312
3053 3053
3133 3431
2192 3430
3276 4420
801 4963
4865 4367
3287 2956
3334 3334
3405 3405
3597 4872
3781 4871
3718 231
1738 2953
3834 3834
4650 1696
5093 3093
3918 6320
3925 6028
4416 7234
4515 4515
4971 4465
5092 4446
5685 6555
6384 4408
6210 3513
1299 4382
4473 4473
2480 4472
6553 4354
6854 4567
6893 3981
6947 4468
3257 4521
7123 3961
1666 4847
7053 4531
7141 6092
5302 1065
2291 1577
5528 1578
5630 3699
1892 4882
6618 3656
6638 216
2500 2525
1181 2739
6723 1866
4869 4206
3859 3859
4260 505
7353 1333
3092 2371
3688 3688
4476 3049
4082 1514
7258 4205
442 1267
375 1153
2699 3432
5456 4344
1819 1819
7339 4101
1555 2616
5425 3355
7059 4002
5778 4007
2972 2972
5820 4145
466 1255
1836 1237
7189 1294
2881 2881
3193 3193
4735 2202
5747 2188
3175 4244
7370 1808
1672 46
4693 25
5577 3223
4616 2984
3716 2992
2449 2468
2747 2462
4763 2449
6485 2422
6587 2375
1023 1023
2363 1000
4524 3761
5462 2291
1950 3781
708 4757
4251 4742
1351 4720
1359 2974
1914 4500
2446 3407
936 3406
2711 3338
3001 3526
1503 4381
92 4358
3037 4218
3190 6231
1804 6232
3353 1554
3666 4298
3971 3535
469 3530
4479 4415
4543 4543
4720 4161
1810 3951
6348 3349
4778 2930
4922 4922
6945 4791
5493 2928
7039 3873
5253 3902
2093 3915
3956 4909
4576 4921
4937 3191
6304 3131
5122 4562
5276 2959
5321 6200
5547 4457
3068 3086
3329 3060
3039 3039
4552 4839
3250 3436
5657 4148
1520 2003
5738 4393
46 3933
5754 3929
6449 7397
6651 3879
4303 3033
6879 4478
6909 4528
6965 2920
7067 3161
7168 4718
1996 4436
7343 4314
4031 4031
4689 4377
864 983
907 916
1883 864
1988 753
5913 743
6648 738
4127 3901
577 1794
4200 1782
3545 3698
1127 4105
3316 2245
983 3759
1302 4246
7430 3840
5912 4371
3149 4370
4892 1506
4812 3794
963 628
40 2686
6140 3205
3075 4787
5649 717
2739 3622
2869 4305
6955 3744
1573 3861
4016 4842
1472 2042
3492 3203
1088 3986
2601 3783
5477 326
1623 4176
3137 2050
3296 1433
2241 3073
2624 3137
965 1556
4823 2354
1109 2142
1025 633
5908 632
5068 2906
4560 1860
5798 3696
4186 1084
4104 3102
6341 3103
6163 1561
5337 1562
1848 3094
37 3135
3878 3900
2370 3899
3850 2481
6078 2747
2437 3616
354 4904
674 3264
3306 3003
7020 3962
4401 2093
4351 4138
5496 3450
2616 4099
2636 4155
827 4593
5789 4890
3828 4926
3838 6961
5610 2951
1960 3975
6416 2921
1812 2927
4994 4994
6272 4925
4123 4123
1045 4947
1409 4944
3119 3119
1530 3867
1702 3587
1934 2994
2066 6725
2319 3153
2696 4398
2871 2977
2931 2931
2980 4754
3008 3008
3070 3070
3229 6485
3407 4758
3626 4548
4122 2926
988 4923
5584 4575
4133 7395
4193 3515
5353 3517
1379 3519
4334 2856
4453 6461
4492 6349
4514 4514
4927 4927
4893 4453
5627 3898
4117 4380
4495 3512
2234 4397
2350 2878
4579 3904
5669 3009
5839 3344
5001 4256
6365 2055
5996 6879
6087 3650
6728 6863
6866 4964
7334 3330
1147 2807
1944 2805
3507 2793
6731 2745
3652 3179
6307 3906
4578 3613
2922 219
5279 193
5303 168
4248 1324
5719 1223
4924 1101
235 2969
7148 3689
491 3217
1039 3166
4566 3140
503 81
5544 3666
1055 516
5397 2638
5188 4157
1697 4129
4541 2454
6020 4893
254 4869
3911 2249
444 2721
768 2717
2709 2714
5163 2711
6188 2709
1847 1037
5042 4013
4320 4320
6588 1103
562 3755
4618 4618
3351 2732
994 943
1122 942
2069 931
340 1783
5256 1741
645 1461
2754 3460
6920 4159
1301 1962
1314 3921
2678 4846
3644 3644
7497 4594
223 3255
769 3253
3255 3249
1330 2864
650 2027
4667 4295
5923 1097
7292 1046
4966 4287
2914 3438
6577 4430
765 4429
1716 4435
5955 536
1208 3988
999 2100
1686 4289
3776 4451
547 3206
4178 3737
124 2900
5132 4259
57 3374
184 2922
241 7313
457 457
476 6680
1696 6091
612 4378
880 3518
900 2911
1070 5410
1080 5500
1161 4920
1279 3896
1414 6175
1487 3854
1882 3977
1920 4391
1961 3999
2819 398
3196 2964
3231 4746
3323 3448
3354 4986
3488 3888
7345 4766
3503 3503
3408 3501
4968 6769
6814 3502
1286 3426
3428 3428
3356 4857
7106 4458
3679 6675
3807 3807
3862 6793
3924 1586
4257 4910
4388 4388
4485 4977
1571 4454
4317 4945
2407 4576
470 4820
4519 5465
4529 4529
4995 4300
6550 4299
4622 3272
5156 3015
2674 421
6755 414
5227 3107
5273 642
5482 6561
5594 4362
5644 2915
1456 2929
3915 2936
1137 2935
5648 1875
5736 4915
5903 4400
3176 4765
6130 4402
3589 3920
6194 3386
6280 3972
6379 2937
6613 6227
6639 6209
6692 7158
6807 3928
7009 6562
7246 3258
7336 3540
7230 4413
19 1404
297 1396
487 1387
813 1379
1224 1359
1396 1352
2179 1339
2488 1326
2602 1314
2771 1301
3146 1285
3618 1281
3794 1279
4410 1276
5171 1264
5548 1261
6969 1238
7144 1160
7434 1157
7453 1138
1522 1547
2125 1545
2259 1528
4559 1524
5320 1592
2885 1859
689 1683
4269 1563
3019 2663
3186 2656
3943 2651
4772 2620
5837 2605
6520 2597
7119 2594
4273 3897
671 3220
1783 3211
3174 3208
3336 3194
3917 3174
4190 3164
4234 3162
4305 3157
4957 3142
6437 3132
6629 3110
7158 3058
7036 2840
2916 3158
7160 3653
969 2751
930 3914
4907 1828
3491 1827
3100 3100
192 225
1951 192
4834 191
4921 183
5245 177
6220 159
564 565
720 564
1266 563
2467 555
3472 507
3248 4337
5027 4182
1159 4590
4847 1700
5934 1666
6090 1645
6466 1613
6005 1847
2764 640
3536 4258
3939 3939
6033 4338
190 552
7488 4022
4111 4894
4372 2704
6527 2689
498 4081
2054 1104
2416 3106
1912 4280
6782 7011
356 3050
2423 4544
6498 1440
3667 3667
7133 1726
2793 4599
3032 4597
4347 4588
4597 4587
6112 4584
6383 4559
4702 4702
2563 4700
4043 3917
4467 3918
4743 6483
6398 3882
2831 4103
4225 4225
4758 4212
174 3248
4534 2529
1085 1085
1007 4011
3791 3791
3620 3023
4295 3017
5976 3010
7402 3980
3929 3743
75 3400
3433 3433
4201 4201
81 6690
141 6083
180 6916
366 1958
3526 2254
473 400
1095 4786
1124 1139
1154 306
5994 3371
1516 3948
1605 2981
1825 3830
3824 3824
4929 4340
1090 4648
140 6336
4135 3820
4166 4166
6450 3856
5182 3876
1001 4334
746 6155
2919 7007
2294 3804
4432 4678
4941 2877
1652 4307
3955 3831
7324 4645
156 2997
4980 2876
512 4644
3936 4646
5249 4658
6600 4650
1308 4652
3809 3809
4969 4667
982 3244
4809 4666
2008 4661
2662 4655
2811 4653
4387 4656
2166 7297
2214 4687
4533 4085
3602 4680
793 7475
5143 4194
6245 4082
6479 4663
914 4654
5275 4664
5915 4686
4399 4083
3240 3240
1931 4626
4624 4624
3243 4084
2232 4621
889 4651
6575 4649
3083 4660
6103 4685
1728 6415
1110 4711
1815 4647
4859 4642
2872 2872
6875 4632
3631 4324
7382 5790
3950 3463
4554 4665
5063 4641
5781 3821
6173 4672
1263 4662
6351 4668
7181 4659
991 4319
753 4628
2832 4005
1906 4036
3251 4657
5742 6881
6262 5827
6117 4253
2716 4312
6353 4304
5581 3819
2396 4622
7357 2675
531 4301
3822 3822
729 4015
1284 4629
1781 4044
4914 3932
1602 4639
3960 4709
4237 2879
5195 2071
1283 4095
1513 4096
1986 2960
2011 4383
3313 4848
5289 4853
2050 7461
2075 4750
2154 3091
2215 6488
2292 4701
2715 4674
3080 3080
1211 6773
3346 3347
3391 3032
2137 3959
3446 3379
3456 3919
3467 4673
3521 3857
3549 1551
3806 3806
1473 3982
3601 5981
6490 6547
3728 4035
217 4144
2824 4263
4920 4117
3987 2949
4041 5968
4095 3079
4902 3051
1560 3163
4134 3177
4153 4697
4441 6940
4037 4037
4279 1863
4356 4356
4449 4620
6231 4636
4631 4631
4648 4735
4686 4416
4721 4053
5823 3965
4762 3141
5032 3884
5126 4372
5142 3052
5189 4097
4704 4704
5209 4781
5231 3377
5242 4390
5343 3353
4238 4004
245 3963
5527 4427
5540 3905
5726 4762
5784 4062
3339 630
2140 4094
3958 3958
1102 4049
2033 3275
4333 4268
2217 4077
4318 4318
5843 7298
5911 3279
6045 4056
6082 4914
5378 4908
6142 5972
1193 4405
6145 4623
2772 4303
4030 7263
5884 4640
1335 4638
1112 4028
3489 6763
403 7259
611 4167
517 4076
5635 4325
6192 6978
6333 4466
6349 3356
6454 2987
6944 2985
7470 3598
2660 1543
6289 1575
6680 2819
6915 2644
7098 2585
1248 2854
2455 2848
5569 2844
2547 3895
533 4792
1885 3133
6790 3040
7275 3037
5863 2846
5803 2667
553 554
4068 553
4141 533
5522 519
6362 515
3404 2099
6108 3239
4226 3796
621 4957
6959 4983
4069 4998
3633 4958
1596 4948
18 4522
625 4935
5623 4524
5869 4959
4967 4967
1553 4519
4882 3943
6685 7200
5978 6355
742 5869
1149 4523
3986 7021
3683 4520
5633 5661
4331 4960
5373 4956
4800 5932
6218 4952
6913 6223
2074 5659
2290 6324
2189 2749
3922 3926
4671 3925
5568 3924
3297 4905
4065 4931
539 1266
537 1939
785 1933
1427 1924
1924 1911
3817 1900
4417 1896
6535 1854
6695 1850
7084 1811
7112 1816
7329 1812
798 4634
4558 3758
7224 2372
2940 3829
5566 546
4681 3990
6877 3991
6569 1610
2934 4898
2938 4891
3151 4888
4170 4886
4306 4885
4638 4884
5111 4866
5392 4864
5905 4855
6499 4844
1827 4228
1093 2089
1541 2069
4098 2049
4698 2700
6035 3351
6423 3848
1879 2791
3107 3681
3891 1607
656 3372
178 4928
6991 7328
4180 4563
5972 4929
688 2707
6193 1260
1425 3891
2527 3890
6277 175
1483 4955
6405 3942
3558 2903
325 4822
4779 4823
7342 3927
3585 3585
3401 1064
162 3675
1708 3579
1448 3643
16 3529
22 4580
60 6795
5312 6800
128 6257
182 4883
7254 4556
393 2952
566 6273
710 7236
780 541
811 6045
869 6878
890 4198
1068 4917
1304 3680
5113 4152
1403 6724
4783 5444
763 7414
4770 4770
4844 3871
1613 3872
2537 6721
6538 6719
6216 6723
1556 6836
4506 6729
5808 6720
1436 6981
1507 4102
1569 4191
1603 6792
1629 4231
1740 3391
1795 4988
1887 2914
7243 2910
4619 4177
2013 4164
1491 1300
2031 6782
2256 4564
2360 4026
4806 671
2379 4470
4431 4431
234 3487
766 3486
2530 4670
2676 3350
5342 4192
2713 496
3367 3974
2729 4863
2825 3257
2497 4042
2989 2989
3004 4635
3152 7107
3171 4769
3182 4154
3234 6487
3734 7441
3366 3012
3587 4706
3763 5609
3768 7424
3775 6346
3812 4238
3826 3826
4005 6413
4168 7415
2828 4048
7169 6291
4219 4219
4276 7451
4285 4919
4302 4302
4353 4353
4354 5870
4455 4153
4460 4460
506 4286
3198 1912
4484 6101
4526 4570
4531 3198
4632 3369
4641 3955
4753 4285
4820 7144
4876 3802
5017 6789
5050 4692
5403 2373
5453 4605
2749 2681
4249 4249
5476 3056
5525 6359
5600 2059
4911 4310
6952 4017
1178 4030
1371 4309
3823 4316
215 4682
4060 4060
5646 6275
5662 5648
5793 3172
4015 3189
5841 6938
7107 4856
5894 6256
5937 3947
6065 7432
6179 6458
6264 5481
6291 4459
6310 3202
6572 7367
6769 4055
1818 3274
7026 2973
6805 5581
7045 2934
7083 6358
507 6357
7092 6230
7349 5619
7110 4112
7485 2999
3732 1587
7280 3439
7321 4693
7403 6430
7435 6966
7439 5976
7452 4690
6363 1058
1429 4133
854 4321
5545 4270
4406 2588
4953 4683
908 4933
1691 1489
4499 3287
7262 459
3413 4913
7360 4907
3785 3964
1162 650
2200 4067
4066 4066
1033 3263
2891 4916
4218 4911
4229 4116
126 3014
3136 4012
4855 1363
4603 3187
4659 3190
3857 539
4148 282
1861 3296
2052 3306
197 3290
5118 3289
4061 3317
3311 3311
3285 3312
4811 3294
5870 3305
6497 3288
6330 3316
1083 3297
863 3285
6630 3286
86 3291
1593 3304
417 3313
3319 3314
1609 3301
3471 3293
3877 3292
3777 3298
6136 3987
1196 3295
2736 3303
6857 3315
3300 3300
5002 3299
3252 3310
5833 4540
4670 3309
3308 3308
3197 3318
2786 6378
6537 3319
859 3302
53 4539
1669 4536
2082 6365
1746 4546
1993 5970
3727 5061
4158 4537
6196 6377
6655 4547
7202 4134
1168 5674
1630 7250
4605 3307
6102 6240
6752 4184
4816 5673
6785 6412
4979 4979
3129 1672
1646 3207
3788 3209
2568 3618
3394 3646
4727 4934
70 253
3672 252
1194 3030
1169 3028
3464 3029
7278 3026
3436 3027
2119 3025
4814 3740
2122 4992
6319 4106
5405 4265
6038 4271
5767 4209
4132 2939
4307 3067
2524 4950
481 6808
584 5819
690 6526
804 4423
817 6705
937 5906
946 7409
954 4214
1140 3278
1320 4901
1326 4227
1341 4034
1384 4006
1426 6971
1442 350
1586 3581
5210 3584
4626 3695
3614 3605
1725 5510
1896 3817
2096 1599
2118 3967
2146 4469
2201 3002
2326 6959
2447 4932
2570 5895
2791 6637
2647 6226
2700 6046
2776 2913
463 2932
2780 4173
6972 4196
2783 7430
2971 2971
6509 2968
2995 6788
3299 3242
3341 4675
1753 4637
3513 7167
3244 6727
3741 4437
3758 2875
3861 6794
3901 4918
1265 7471
1791 6109
3910 3532
7186 3538
3923 6814
3926 7006
3937 5499
3973 4443
4033 4033
4244 6687
4343 4025
4438 6955
4527 4527
4574 4425
1022 4432
4585 4080
246 4297
4592 4311
4723 7248
4773 4137
2504 4235
4838 6015
4842 3412
4894 3875
4918 4065
4054 4714
5066 2345
5114 6141
5147 6693
4652 7168
5330 4132
5356 6115
5367 3617
5479 3178
5659 4696
5768 6105
3033 5610
5786 3210
5816 5506
5880 7264
5918 6893
5960 6890
6134 3413
6215 4355
4125 543
6268 2487
3584 2593
6391 4691
6424 4698
6476 4940
6481 5889
6486 1550
6543 5421
6545 4179
6573 4526
6609 4127
6610 4924
6729 2995
6907 6941
7022 3180
7055 3997
7259 6834
7350 2993
4875 2979
7386 7039
7396 5739
3974 3957
1430 2489
3291 2606
6487 4130
323 3619
2111 4180
1466 4936
2007 2064
3445 3931
1658 5857
6463 1879
6250 4220
5889 3874
6123 3064
5705 4251
3534 4889
3076 4616
4647 4294
2964 3221
3961 3165
4067 3122
4701 3038
14 3589
2767 2767
4278 4147
1947 3105
4797 3216
6686 3092
7279 3076
706 3983
439 4215
3283 3913
1619 2030
3982 4982
2969 4999
4281 4985
6665 4598
2083 4323
6697 3631
7 4175
58 4463
90 3096
102 4708
131 3134
209 4010
296 3969
362 3995
412 4990
428 6463
441 6235
465 4464
496 2933
4297 2938
5499 3418
4602 4589
497 6362
6267 7219
910 6153
4299 4449
516 7247
634 6399
643 3707
670 7042
679 3196
735 4501
761 6292
790 5523
816 7024
839 6498
858 4043
980 5647
1002 4029
1017 3945
7008 4135
1031 1050
2900 4125
1051 4625
1072 5170
1111 6090
1152 4930
1190 6965
1290 4266
1368 5958
1419 6972
1420 5918
1435 5733
1526 7396
1558 3665
1576 6410
1598 3006
3662 3966
1653 6728
1676 3563
1689 4703
1772 3229
1773 4193
1809 7203
1905 7294
1918 7171
1978 6494
2235 6278
6167 5910
6147 5909
5526 4474
6166 5908
7479 6194
3321 5911
4679 6593
5814 5907
5954 6279
1711 5772
1991 6108
2044 1565
2127 4087
2172 3256
2187 6084
2203 4951
2249 6164
2293 4707
2354 5691
2378 6861
6165 6745
2394 2986
2429 4278
2442 6521
2562 3639
2619 4715
1298 7497
559 4019
2626 4032
1911 4018
2698 5091
2784 6139
2826 6643
2896 4612
6803 4113
2974 3937
2992 2980
3007 3007
3055 3055
3094 7169
3126 6097
4203 3558
3153 4269
3200 6032
3216 5730
3280 4613
3282 6867
3295 6673
3325 6805
3337 4676
3390 3799
3406 3387
3547 4008
3565 6239
3720 7311
3731 2958
3792 7346
3854 4074
3580 4445
3895 6986
3921 6383
3946 3946
3952 3952
4029 4343
4064 4064
4072 4943
4088 4088
4096 6287
4116 4229
4128 6447
4154 3182
4228 6645
4240 6891
6361 6858
992 6707
4493 4705
4503 6777
2376 6783
458 6128
5999 5750
1230 7323
4538 4627
6759 3953
1807 4717
4600 3858
4604 4604
4673 5763
4734 6350
1412 6780
5467 6135
4340 6132
3096 6198
4776 6770
4764 5360
7407 6203
5389 6002
5727 5509
754 5364
836 7325
2357 5363
4825 6122
4850 2982
4861 5621
4910 7421
4992 4968
5020 3557
5041 7427
5054 4607
3847 4226
5085 3731
5089 6408
5102 6351
5271 5253
5327 4326
5329 6029
5338 3409
5369 1856
5382 4551
5387 5764
5399 4394
4139 4396
5598 6532
5641 7262
5686 4995
5717 5734
5744 3062
5804 7183
2514 6825
1296 6827
5809 5000
5879 5990
5961 4197
1036 5285
1832 6847
3793 6839
6058 4250
6133 4328
6176 6416
6203 4160
6265 6889
6266 4426
448 6696
6279 4178
7399 4183
6298 4243
6312 5871
6441 16
6453 3043
5241 3104
6489 4688
6544 6372
5721 6568
6620 4281
5504 7070
6679 6482
6744 3429
1638 3427
6764 7170
6791 3200
6809 3590
6813 7048
6858 7261
6928 4538
6954 4880
6985 6831
7017 4221
7080 3425
7122 5041
7200 7139
7260 5620
7323 2912
5519 4815
7365 6172
7400 6360
2481 3565
4609 4232
924 4272
4645 1834
4985 5002
573 3880
4535 3120
6645 3923
3157 3219
2578 4895
4878 4887
6003 4858
4151 4151
2257 2257
289 1756
6120 3109
4795 939
2260 3072
4202 4946
129 7437
3615 4845
2653 1371
49 5969
56 6798
133 6202
198 6826
310 4047
327 4684
332 6432
382 5085
406 6657
429 5735
490 4997
1222 5373
599 6776
673 4331
815 6660
871 3071
872 4306
874 5949
902 2121
1024 499
1073 7429
1097 5709
1119 6913
1123 5294
1144 4165
1156 4296
1183 7032
1278 4283
7193 4282
2006 3610
1417 6642
1461 4585
1502 5656
1547 5488
1585 323
1632 4949
1634 4843
1107 6225
166 3510
1640 3504
1754 7189
1813 3004
1863 6885
1910 4608
6953 4349
1916 6958
2012 5690
2085 4906
2229 4003
2240 2990
2251 2963
2258 6989
2283 6420
2315 6956
2364 6784
2462 4075
2600 6633
2615 6448
2663 3870
2697 437
2725 3976
2726 6787
4021 6785
2957 6781
2730 5066
2833 6031
2855 2250
2868 4409
2954 5299
2994 4541
2998 5312
3015 6960
3016 5712
3041 6186
3057 3057
3061 3061
3087 3087
3230 6094
3241 5141
3281 3101
3444 3021
3495 2847
3463 6146
3481 4689
3502 4150
3586 4433
3592 4188
3606 3606
3622 1230
3689 6290
3798 4695
3808 6011
3876 4805
4035 4542
4073 4073
4074 4257
4185 4185
6354 4224
4258 6280
4264 7393
4266 6376
4326 6486
4342 6375
7431 7160
4846 4417
4397 4953
4511 6147
2609 6342
4570 6127
4587 4288
4633 4633
4738 7210
4769 4277
4781 3723
4828 4262
4831 1849
4835 7316
4868 6741
4903 4903
5060 5816
5069 3022
5088 6977
5119 6133
5152 4213
5168 6254
5173 4242
5262 4190
893 6516
5642 6088
5674 3046
5733 6963
5826 6272
5906 2976
5924 7445
5930 4376
6060 7033
392 6740
2564 6737
4548 6738
1869 7197
2523 6946
436 7347
6063 425
6076 7308
6170 6024
6290 3881
6327 6271
6393 6909
6521 3853
3868 3811
6541 5703
6667 6685
6671 6161
6717 6089
1462 5956
5281 6082
6765 4747
6891 4072
7037 3441
7056 5811
7276 3262
7291 6450
7397 5991
7410 5998
5599 7211
7420 4809
7437 6875
7465 7256
7491 3195
857 2768
1919 2750
4164 2741
4298 198
5495 188
3617 3078
320 1681
2755 1606
7035 1595
7283 4234
5268 3893
4900 2718
6670 2694
7032 2670
5892 7217
825 6424
4239 6171
4337 4054
1451 1057
4107 1056
452 4525
1424 1583
7294 5638
2095 561
2774 545
3114 538
3202 537
3552 520
5470 512
363 2246
1627 3968
3908 3908
921 4748
1145 4745
4370 7408
7089 5456
4001 6309
2058 5802
4 7223
29 7246
64 3236
79 7149
88 7452
108 4317
117 6077
125 7094
134 6716
135 6609
152 4614
196 7235
204 5287
4768 5286
210 6900
221 6214
226 6441
231 6449
236 7148
252 3941
275 6630
306 6715
315 6298
336 504
337 6531
384 6085
386 4252
398 7431
421 5045
426 4114
468 6613
541 6621
1361 7255
575 5793
2924 5789
5176 5788
9 7017
99 5794
587 5671
298 5585
591 7376
594 6527
632 6844
692 5768
718 6935
726 4124
756 4517
845 6466
877 5714
882 7196
891 7434
905 4261
987 7221
1096 6928
1176 6469
1204 7438
1226 4681
1235 5964
1240 7433
1319 6027
1343 7341
1357 4189
5401 4163
4754 6598
1370 3940
6938 4063
1373 3664
1437 6876
1484 7059
1587 6655
1597 4052
1599 4591
1662 7426
1664 4332
1678 4284
1710 3855
1714 4414
1745 5670
1758 5707
1782 6921
1808 7027
1952 3399
1974 5413
1976 3320
1981 7423
2001 7051
2005 5123
2014 5859
82 7076
1369 6386
6751 5803
1382 6511
2028 7272
2043 5702
2089 7476
2099 6843
2114 2874
2151 7153
2165 5462
2208 7055
2213 3652
2236 3916
2274 6627
2279 6158
6355 6914
1682 5483
3813 5478
2280 3683
2311 6102
2317 4068
5439 6476
5079 6475
383 7126
1481 6870
5949 5607
6164 7120
1850 7127
3014 7128
7341 7129
3048 7125
4860 7122
4665 7124
2987 7123
6239 7121
6397 7119
4961 5863
2386 6068
2399 4273
6718 3814
2405 5604
2441 3998
2479 6512
2492 7009
2502 5844
2513 3360
2515 6726
2538 5472
2572 5564
2625 5354
2671 5490
2704 3985
2746 6418
2763 6698
2796 4293
3540 6473
6408 2010
2797 3732
2875 6535
2925 6299
2927 6939
2951 3005
2967 6979
3071 7443
3101 6797
2693 6199
3111 5825
3121 7249
3122 4902
3143 5917
3263 6648
3264 5416
3279 6366
3363 3363
3416 3645
3447 5888
3458 2943
3504 6106
3559 6667
3562 4595
3569 5162
3588 3588
3603 5787
3623 4140
3657 3657
3682 4491
3692 6154
3723 4186
3737 4712
3752 7222
3764 6697
3773 4108
6160 4107
6989 4109
1845 4110
3835 3273
3836 6234
3893 5745
3970 3970
3980 4499
3981 6671
4070 6049
4084 4169
4115 7336
4129 6058
4174 6356
4220 3715
4277 5818
4314 2696
4344 7305
4348 4348
4374 6623
4389 4785
4395 7040
5181 5931
4396 7245
4448 5200
4507 3971
5292 3869
4564 6368
4567 7253
4584 2957
4607 4448
4630 4630
4651 6268
4706 6459
6201 6465
4708 3654
4756 6845
4771 6445
4887 5695
4916 7265
4978 7417
4999 7303
5006 5925
5047 6042
5062 5622
5091 3638
5095 3583
5120 4532
6131 6691
5145 6110
5149 6112
5177 6026
5178 5766
4360 2955
1901 5765
3596 6462
1209 6936
3034 6131
5200 4533
5213 6842
5224 4315
5225 6384
5229 5598
6773 6130
5244 6264
5326 4174
5384 3993
5393 6425
5396 3031
5428 3437
5438 6912
5448 5433
305 6427
5459 5545
5466 5830
5507 7110
5510 5531
5530 5163
5546 6423
5602 6409
5611 4716
5667 5504
5694 3390
5751 6868
5864 7157
5866 5528
5882 6846
934 6057
6852 6208
3089 5985
4935 5635
4637 5633
5852 5634
5891 5901
5929 4603
5944 5352
5945 6905
5962 6019
4970 6614
2756 5994
5116 5095
4361 5171
6013 5332
6044 4059
6047 4255
6068 6736
6106 5414
6121 3795
6127 6888
6148 5704
6181 4643
6214 3340
4028 287
6236 5701
6244 7143
6247 6099
6269 6405
6292 2067
6303 6490
6305 3019
6340 4276
4915 3934
6346 4989
6387 4368
6390 7131
6439 4098
6443 6496
6494 7372
6562 2988
6563 6050
6598 4366
6614 4679
6662 6472
6676 3789
6690 6689
6746 5385
6770 6530
6780 5625
6806 2950
6822 3001
6826 5254
6843 5937
6851 7041
6431 5626
4231 5244
6862 6937
6912 6111
6926 508
6973 6951
6976 5062
7000 5679
7042 4980
7044 7005
7072 6739
7157 6865
7170 7394
7187 5810
7188 4434
7190 4104
7198 7267
7225 6672
7234 3607
7257 1048
1509 4120
3610 6903
1690 7030
4889 7458
7272 6765
7348 7285
7356 5065
7405 6293
7456 4128
7484 3016
1006 3922
7244 6468
7367 7354
2692 5298
7494 5409
1946 6582
5750 6574
2055 7290
5684 6585
3803 7178
1026 6628
6403 5489
3258 5501
5895 5256
2352 5996
3238 2904
4830 4830
338 4824
4422 4833
1399 4835
5134 4832
3750 4827
3289 4825
2950 5936
5491 6316
2691 4826
4464 7279
2403 7276
4057 6347
3557 7280
5098 7357
350 7334
4790 6553
6592 7112
6677 7275
6396 6315
3399 7277
5416 6313
150 7278
1633 6314
4112 4828
4474 4829
7034 7296
1610 4831
5488 5451
2790 6552
3527 4834
6302 5402
6660 5850
4839 5432
6787 5953
1797 7073
7261 6554
1588 5401
6321 5453
6338 7104
4371 3116
5266 6277
6758 6067
6847 7363
1 5150
96 1596
5250 3978
98 5469
244 7097
286 4713
6331 6990
312 4139
3783 4195
335 6812
346 7165
358 6957
411 6145
449 6030
474 4461
484 4279
6473 3800
493 7309
548 6471
549 549
568 7159
606 5727
636 6451
691 6791
695 5120
744 6734
862 7344
920 4223
970 7362
984 7295
1044 6333
1062 5359
1064 5591
1151 6086
1180 7142
1192 6080
1198 7075
1236 7254
1253 6406
1262 6851
1323 7356
1342 7093
1354 5672
1393 4966
1402 5064
1405 4115
1458 5230
1567 7138
1575 5974
1631 4976
1654 6892
5051 6051
1755 6647
1524 5728
2150 5381
5743 7004
1705 7299
1709 6722
1037 5681
1744 3442
1748 5192
1816 6944
1833 6033
1840 6138
1844 5880
1856 6833
1891 5639
2282 6460
3045 5760
1893 1893
1909 5904
1957 7377
1969 7237
1992 5346
2022 7238
2059 4694
2073 5973
2100 7195
2102 3801
2161 4744
2171 5624
2182 4475
2198 7034
2231 7388
2239 6528
2261 6255
2371 6679
2460 4217
2471 5202
2472 7224
2605 4292
2632 5930
2702 6192
2807 6510
2895 5683
2936 5442
2986 5044
3017 5623
3138 4669
3155 4471
3195 7398
2329 5926
3213 4970
3302 6321
3303 6369
3309 5519
3373 3373
3392 3444
3412 6124
3448 5544
3474 7136
3480 7368
3567 7101
3604 6300
3624 6710
3640 4203
6105 7389
1521 6218
1649 6118
3654 5773
3660 4975
3698 5843
3708 6318
3779 6464
3787 4873
3818 5933
3896 3424
4569 6262
3983 7187
3992 5705
4042 6000
4131 7391
569 6597
4162 4162
4194 5131
4197 4230
4221 6119
4263 6854
4339 5579
4425 3521
4486 5495
4510 5975
4661 5415
4669 6931
4446 6371
4697 5826
4774 7380
4784 6771
4802 4346
4821 4821
4884 6587
4928 7324
4621 6125
4930 2902
4986 6806
4989 6622
5082 5711
5131 5021
5150 7069
1035 5897
2817 5471
5155 6270
2553 6431
5162 2728
5192 4609
5236 5089
5237 6896
7010 6477
5351 5966
5394 6828
5457 6301
5484 5920
5501 4600
5515 4330
5539 5292
5558 4121
5561 7422
5573 6201
5589 4158
5622 7456
5671 7050
5672 4171
2306 7287
5691 5751
5714 6506
5770 6650
5772 6190
5822 6883
5831 4865
5946 7000
5951 4090
5966 7113
1962 7335
7486 7419
5980 5617
5990 4937
6031 6735
6115 5159
6255 7320
713 7327
6373 5538
6409 5893
6558 5884
6571 7082
6687 3555
6775 7161
5603 3507
6792 6786
6810 4016
6849 6995
6883 6330
6888 5143
7013 7343
7033 6159
7052 6411
7069 4345
7076 7202
7209 6508
7213 6436
7227 5383
7229 5309
7295 5347
7338 5094
7395 5418
1778 6708
7429 5040
7438 6584
2845 6668
7266 7304
3780 3994
4973 5086
4121 6518
4230 6323
201 5595
7237 7046
6037 5570
6951 5314
4940 5532
4598 6684
6039 5715
2419 7156
5046 5247
1411 5845
2173 5005
2270 5004
7194 6864
1620 6688
5716 6563
7049 5980
3490 5533
2216 5649
3062 5458
127 7010
329 7150
1534 7099
7371 5075
4936 6294
4350 5437
1228 6849
5 5641
24 6676
25 7407
26 7352
27 6934
41 7080
45 7332
50 5144
89 4442
4442 4441
97 7321
112 4131
145 6250
164 5573
171 7490
3189 6748
1034 5848
6511 6646
194 7484
213 3785
224 7108
225 4335
808 6544
2685 6539
5226 6542
6682 6550
1360 6541
4312 5941
1071 5943
5277 6857
3621 6540
6110 6545
3239 5942
242 5944
5983 6571
243 7403
3477 5955
4657 5946
6323 5945
5936 5982
4886 6429
5103 5983
5625 5940
232 7215
240 7134
247 5785
259 7166
267 7382
273 7047
276 5749
279 5419
281 6435
285 6426
324 7199
334 6853
341 7355
348 5678
357 3784
372 7384
376 6421
378 6446
389 7074
391 5771
397 7044
413 6248
5205 5229
427 6525
437 7473
445 6709
521 7098
526 7310
528 7284
532 7019
551 6443
557 6491
565 7201
567 7329
583 7025
589 5122
590 4897
603 6285
604 7260
614 5710
618 6543
622 7022
623 5185
630 3238
631 6455
633 6328
637 6999
646 6502
654 4710
662 6213
669 6269
684 6859
685 685
707 6987
709 7477
711 6398
722 6895
727 4122
745 6886
764 7450
774 7031
788 7192
806 7141
818 5411
819 7365
821 4838
828 7444
831 5887
848 7440
851 7466
852 3936
855 6953
861 3212
888 6718
896 7268
904 3778
906 7003
912 7358
913 5511
915 7483
927 7266
933 6662
945 7488
947 4996
956 5367
957 6665
962 7481
967 7018
968 7402
981 6848
996 6009
1000 6830
1041 5255
1042 3772
1048 7172
1053 7252
1065 6253
1082 7315
1084 6148
1087 6692
1089 6419
1104 6589
2207 6588
1115 4247
1121 7359
1126 5503
1128 7218
1139 7164
1141 6581
1153 7492
1160 3992
1182 7387
6295 5838
1184 7420
1201 7478
1202 5894
1205 7467
1206 5770
1210 5051
1233 7392
1234 5748
5138 5213
1238 4991
1242 7333
1245 4974
1254 5861
1257 6747
1259 7130
1264 5226
1270 7436
1272 5666
1297 5310
1307 5588
1317 7116
1318 6327
1328 7482
1340 6901
1350 7330
1363 7494
1407 6075
1428 5708
1459 6919
1469 7281
1471 7102
1475 5228
1488 6758
1492 7096
1493 7151
1500 5615
1501 5158
1506 6549
1517 7425
1523 6993
1528 7375
1566 7145
1582 4327
1592 7230
1600 6654
1604 5308
1606 5718
1617 5484
1624 6397
1639 6761
1655 7435
1675 7214
1687 7194
1699 6954
1707 5106
1712 7105
1720 4606
1724 6179
1731 4981
1734 5694
1759 6732
1760 5467
1763 6474
1768 7132
1786 7176
1817 5178
1820 6799
1858 5842
1870 6422
1889 4611
1890 6947
1900 7351
1921 6583
1925 6103
1941 5815
1942 5812
1968 7084
1980 5798
1983 4322
1997 7036
1998 7459
2018 5431
2021 5333
2027 3769
2034 5959
2035 5836
2037 6974
2038 6087
2047 6548
2048 5240
2053 7306
2057 7117
2101 6242
2109 7373
2134 6393
2136 5993
2142 6391
2147 6010
2175 5279
2176 5342
2180 7091
2181 5227
2204 7428
2211 6467
2223 4236
2233 7186
2243 7486
2263 5655
2272 763
2303 5986
2312 7411
3003 7271
2314 5786
2316 4216
2322 5837
6273 7317
5989 5540
2327 7225
2345 6733
2390 6856
2401 5927
2453 7500
2458 6717
1418 6757
7352 6796
777 5988
2466 7062
2487 5070
2506 6308
2511 7446
2526 6238
2534 6241
2542 5849
2560 7338
2567 3762
2577 5752
2584 5177
2596 4245
2608 5899
2610 6918
2621 5839
2635 6098
2640 7068
2650 7455
2040 6638
2651 6404
2670 5614
2675 7092
2695 7286
2706 5487
2719 3751
2723 5923
2731 5148
2779 6258
43 5379
2785 7038
2795 5245
2804 7015
2850 5938
2853 6884
2856 4973
2873 3907
2880 6182
2882 6772
2887 7111
2897 7043
2917 7064
2949 7282
2970 6746
2976 7133
2978 4241
2983 6666
2988 4187
1764 7361
2991 7100
2997 5552
3005 7154
3457 6493
3006 6012
3010 3750
3011 5867
3023 5016
3026 6949
3038 7001
3042 6222
3052 6822
6733 7212
3060 7045
3064 5860
130 7410
3065 4136
3095 5781
3099 5612
3105 7499
3106 7231
3116 6683
3118 6100
3135 6988
3141 6504
3158 6994
3159 5731
3160 6823
3161 6926
3167 7179
3170 7012
7474 6874
3209 6592
3214 5340
3215 5738
7457 4972
3218 5677
3220 5042
3224 7140
3227 5912
3245 5961
3253 5747
3266 5251
3267 5984
3278 7037
3284 7029
3286 6233
3301 5551
3307 6228
3322 2758
3338 7109
3340 3749
3358 5547
3368 6894
3369 5699
3381 5296
3385 5124
3388 7085
3396 5660
3397 6764
3418 3726
3430 5676
3438 5300
3452 6005
3469 6768
3501 6003
3523 4961
3530 5618
3541 6802
3572 5136
3575 5058
3594 6284
3607 5435
3625 7147
3641 3721
3671 3719
3690 4149
3706 6193
3721 7479
3760 5535
3761 6652
3789 7182
3790 6438
3802 3708
3805 7103
3833 7302
3839 3839
3860 3705
3864 6779
3865 5560
3867 7023
3870 5351
3871 6169
3872 6492
3873 5327
3880 5290
3882 5855
3888 7243
3902 5261
3907 5723
3909 7463
3912 6911
3919 6579
3928 6774
3930 6184
3932 5408
3933 5207
3951 7008
3968 7206
3969 5561
3990 5580
3998 6644
4006 5809
4019 7114
3331 6869
4025 5713
4048 7464
4052 6760
4058 6636
4063 6618
4100 5828
4108 3703
4119 1061
4126 3692
4146 6224
4157 7013
4187 5459
4214 5957
4215 6950
2170 6361
4236 7106
2525 7307
6445 6755
7111 6754
2798 6751
4241 5153
4243 7083
4255 3684
4270 5831
4271 6120
4274 5592
4287 6631
4291 6286
4308 3682
4313 5668
4319 7240
4322 1090
4323 6873
4324 6160
4327 6390
4329 5236
4359 6985
4394 7081
4409 6395
4415 6629
4427 6018
4443 5921
4444 6400
4445 6577
4451 6907
4480 3679
4482 6969
4483 3677
4517 1431
4563 5929
4586 7239
4590 7095
4594 5960
4596 5168
4613 6489
4627 4530
4646 5167
4649 6617
4660 5205
4662 3671
4690 3661
4707 5210
4724 7258
4731 3160
4744 6569
4747 5744
4765 5422
4785 6107
4793 7379
4796 5191
4817 6866
4822 7177
4840 6126
4843 6044
4849 5189
4853 2742
4862 5572
4863 6517
4891 5323
4905 6417
4912 6742
4926 5104
4954 6503
3637 5696
4958 5208
4975 5807
4984 6612
5136 6096
4987 6267
4988 5350
4990 5916
4998 3660
5011 6580
5012 6454
5014 5090
5038 5154
5045 6840
5052 5048
5056 7152
5090 6151
5094 5740
5106 5754
5109 6790
5139 6855
5151 6156
5153 6702
5179 7244
5180 6507
5183 5892
5185 6817
5186 5905
5652 5903
5221 6933
5234 5093
5238 6008
5248 5806
5252 6452
5255 5805
5274 5441
5306 5405
5333 5554
5315 5013
5323 7350
5325 5322
5341 5667
5347 6394
5350 5320
5362 5452
5370 5800
5421 6043
5422 5571
5424 5891
5432 6599
5455 6838
5475 6481
5483 4041
5485 5799
5505 6428
5514 3989
5518 6813
5533 5319
5538 5297
5557 5556
5563 6762
5567 3659
5586 6714
5614 5349
5617 5835
5647 6479
5655 6025
5670 6801
5676 4941
5678 5753
5700 5995
5701 4993
5702 6674
5703 5576
5709 7115
5713 5890
5725 5774
5731 6303
5734 6576
5740 5505
5745 4987
5755 6573
5760 5652
5769 6444
5774 5684
5775 3649
5799 3641
5802 5797
5811 6113
5813 6970
5818 5697
5821 6620
5844 7318
5849 7383
5855 3636
5859 7448
5871 5796
5873 6402
5874 6520
5881 5248
5914 5238
5922 6601
5935 6767
5938 6163
5939 6759
5950 5169
5952 6348
5968 6180
5969 6363
5973 3352
5984 7229
5988 7269
5992 6478
5998 6329
6000 5762
6002 5491
6010 7340
6011 5196
4489 5132
6017 6572
6022 6188
6025 5716
6029 5864
6034 5316
6048 5231
6049 5184
6062 5822
6064 7418
6075 6304
6079 5865
6084 6204
6092 5182
6109 4118
6118 5717
6183 6071
6186 5732
6189 5795
6202 5599
6211 5404
6221 6659
6226 6653
6229 5886
6232 5334
6287 5507
6299 3634
6315 7020
6316 5987
6317 6533
6339 7162
6356 7209
6364 6964
6369 3630
6386 5651
6388 6017
6392 5241
6414 7135
6420 6651
6276 6639
6422 6910
6426 7283
6430 6023
6432 6807
6434 5578
6452 6632
6455 6932
6456 6136
6464 6263
6484 5883
6493 5693
6495 6205
6504 5206
6525 5526
6529 6334
6540 5081
6554 5644
6560 6345
6565 6079
6578 4601
6579 6775
6583 6283
6603 5126
6627 5632
6635 5536
6637 6374
6646 5135
6663 5924
6673 4969
6693 5508
6703 6701
6706 5663
6721 5203
6726 6615
6748 7314
6762 5742
6779 5201
6804 5997
6815 5600
6705 5546
6845 6070
6853 5394
6860 7089
6868 5477
6871 5369
6880 5553
6882 5138
6897 6007
6906 3623
6936 7056
6937 5025
6939 3620
6962 3892
6971 5288
6993 5474
6995 5780
6998 6244
7006 5999
7038 7065
7063 5529
7082 4248
7086 7232
7108 5295
7115 6743
7118 5729
7125 5391
7127 5389
7154 5741
7159 5353
7223 6157
7264 5197
7308 6560
7309 4984
7313 4275
7322 5358
7331 5214
4144 6634
7340 3615
7351 4962
7355 3575
7379 5355
7384 6815
7385 5542
7415 3443
7419 6832
7445 6259
7454 6173
7455 6437
1499 7370
7461 5692
7481 5476
7496 2978
7499 5896
3595 5160
6046 6942
3333 6343
1871 5562
6435 7002
3375 6852
6152 5881
6820 5497
810 6276
3842 5498
1200 6305
2643 5879
1677 6546
4147 5877
5574 5873
3858 7485
667 7487
2275 5642
2808 6401
4358 7401
5265 6922
5290 5448
6480 5012
7347 5950
7104 5776
6604 7469
2124 5767
3837 5268
4106 5266
4885 7207
4595 7208
1726 5443
3324 5778
1250 5779
6132 6930
4653 3065
5520 5808
2634 5155
4787 5003
832 6635
3117 5514
6135 6117
6503 5513
3221 5426
6411 5565
714 7016
5078 7331
2087 7468
1923 6943
4962 6670
1949 5928
2185 5631
4289 5263
185 6596
2941 6908
5313 5073
6159 6252
7113 5341
6169 7193
6895 5270
5463 5438
4716 5759
2968 5746
73 5582
5846 7381
4537 5461
154 7496
1684 6078
5854 5587
5695 5275
7281 5348
2781 6811
4520 5664
3658 5199
6970 6712
5360 7175
5607 6282
6526 7163
520 6039
757 5439
5144 5589
6842 5273
740 5804
4710 5856
1075 5403
4454 5377
6146 6297
6237 5475
5665 5215
7369 6144
5264 6143
6757 5675
4437 6142
451 6501
1247 5792
5100 6524
379 6325
5440 5783
4118 5111
5170 4615
5129 7198
3352 7190
3343 6166
4588 5866
3013 5757
6059 5755
2493 5283
2667 5291
7303 5992
2586 6388
4792 7489
7448 6260
2805 5480
1823 5361
986 5569
3387 5249
7132 5575
3128 5007
1927 5669
7228 5117
6345 5743
3774 5417
6691 6586
5311 5430
4328 5195
1463 6756
5776 6189
2084 6898
6715 6522
5645 6882
7394 5962
5681 6104
7204 4387
6119 5608
4075 6197
6634 5954
7498 5689
7207 5636
7427 5640
2591 5913
3451 5113
1955 6661
2148 6034
5729 5605
5925 6991
4381 7054
4367 6170
3628 6340
2926 5392
5442 5434
6274 5112
3821 5102
5857 5101
7483 7204
2658 6803
4407 6245
1391 5068
814 5067
4553 5239
609 5823
5146 6658
4046 5601
2123 6215
7210 5939
7414 5574
4050 7326
15 4602
44 5222
62 7498
66 6434
67 6835
84 6396
110 7472
119 6996
161 5919
170 5737
206 5218
212 5429
218 7366
253 7345
265 5216
293 6344
301 7412
342 5700
361 7251
395 7274
433 5967
447 5769
471 7454
518 5440
529 5084
552 5372
605 6537
617 6212
649 6649
687 4721
700 7460
762 5345
797 4347
807 7404
834 6678
837 5204
847 5198
876 7188
886 5176
942 7374
950 7480
958 7233
960 7028
961 7184
990 6515
1015 5080
1038 5057
1043 7399
1047 6686
1063 5125
1067 5653
1100 4126
1108 7052
1130 7442
1131 4057
1157 5846
1197 7241
1258 7057
1274 7465
1300 6915
1333 5424
1348 6191
1389 5055
1480 4978
1508 5054
1538 6819
1544 4119
1545 6820
1549 5611
1559 7353
1607 5050
1611 5934
1661 5820
1667 6656
1742 5559
1798 5584
1857 6821
1862 6595
1904 6640
1907 5520
1933 7226
1975 7439
1982 6619
2009 6594
2016 5047
2023 6338
2039 5035
2110 7014
2135 5033
2149 7173
2162 5821
2188 6591
2320 5032
2328 6207
2340 6590
2349 6534
2402 6816
2408 7300
2443 6904
2445 6570
2491 7337
2498 7181
2555 6887
2569 6379
2573 5470
2589 5031
2594 6578
2598 7049
2604 5179
2617 5331
2655 6265
2680 5193
2738 5028
2744 7213
2417 6162
2760 7077
2810 6370
2812 7378
6536 7349
2842 6311
2854 6219
2877 5027
2894 5512
2898 4342
2911 6339
2921 5284
2966 6073
2999 5100
3000 3979
3022 5784
3050 7322
3063 5130
3074 5313
3078 5948
3085 5549
3109 3271
3166 1435
3180 5370
3225 5161
3242 6752
2708 6753
3765 5915
2375 5914
3262 6150
3328 5305
3347 5257
3484 6711
3591 5522
3638 7364
3642 6559
3645 5079
3649 5368
3668 5878
3701 5688
3711 7406
3730 6392
3733 7137
3757 5180
3786 6536
3884 5463
3885 6167
107 6072
3899 5174
3900 7088
3903 5386
3916 6367
3945 5173
3965 5378
3988 5242
4003 5758
4012 5486
4026 6778
4090 5719
4099 6611
4173 6335
4175 6575
4183 6317
4192 6035
4204 5018
7208 5157
4222 6022
3203 7118
4301 6556
4355 5858
4363 5181
4386 6998
4390 5566
4392 5151
4400 6121
4403 5682
4408 6006
4430 6382
4435 6095
4457 5072
4496 7257
4500 5374
4539 5278
4555 6306
4568 5121
4593 7026
4664 6917
4794 5017
4798 5259
4867 5118
4874 5834
4901 5680
4913 5853
4963 5390
5005 5301
5019 5146
5023 5088
5024 6181
5039 5496
5049 5586
5057 5142
5061 5277
5080 5468
5084 6326
5104 5616
5140 5777
5158 5110
5174 6037
5203 5097
5215 5037
5230 5824
5246 5366
5258 5568
5259 5019
5294 6187
5297 7470
5363 5009
5395 7185
5417 5665
5418 5326
5420 5537
5458 5428
5481 5388
5487 6604
5523 5527
5524 6407
5541 6948
5562 5685
5575 5096
5591 5365
5616 5246
5715 6063
5753 5008
5764 5330
5766 5494
5812 5175
5835 5022
5867 5371
5885 5872
5893 6804
6018 5606
6023 6183
6053 6750
6149 5325
6158 1522
6161 5043
6199 5338
6204 4020
6227 5882
6253 5264
6294 6403
6309 5801
6311 6220
6410 5318
6438 7369
6459 5324
6500 6992
6506 3362
6576 6001
6585 6766
6611 6185
6617 5382
6658 5922
6699 5782
6743 4619
6766 5517
6778 5014
6818 6497
6850 7449
6884 5485
6914 5329
6996 5099
7019 5406
7025 5482
7070 5306
7090 6924
7099 5841
2892 5658
3454 6810
6007 5657
7184 6952
7192 6564
7236 626
7285 5262
7325 5343
7337 6841
7389 7495
7393 6177
7425 7058
7489 5311
8 7493
28 7491
31 7474
68 7457
95 7453
103 7416
113 7413
187 7405
233 7400
272 7386
353 7385
377 7371
385 7360
464 7348
504 7342
546 7339
563 7319
613 7301
629 7293
741 7289
795 7288
873 7273
885 7242
971 7228
979 7227
1011 7220
1014 7216
1021 7205
1052 7191
1077 7180
1214 7174
1229 7155
1232 7146
1337 7090
1353 7087
1387 7086
1537 7079
1700 7078
1756 7072
1800 7071
1824 7067
1881 7066
1895 7063
1899 7061
1903 7060
1938 7053
2003 7035
2042 6945
2067 6929
2068 6927
2107 6925
2113 6923
2141 6920
2143 6906
2153 6902
2199 6899
2206 6897
2220 6880
2267 6877
2336 6872
2338 6871
2351 6862
2358 6860
2389 6850
2420 6837
2422 6829
2439 6824
2444 6818
2448 6809
2451 6749
2465 6744
2501 6731
2509 6730
2529 6706
2531 6704
2556 6703
2565 6700
2582 6699
2583 6695
2588 6694
2590 6682
2620 6681
2742 6677
2765 6669
2777 6664
2788 6663
2803 6641
2809 6626
2865 6625
2870 6624
2908 6616
2937 6610
2952 6608
2955 6607
2981 6606
2982 6605
3077 6603
3124 6602
3132 6600
3147 6567
3156 6566
3162 6565
3172 6557
3181 6551
3188 6538
3228 6529
3237 6519
3272 6514
3273 6513
3315 6509
3371 6505
3415 6500
3417 6499
3424 6495
3450 6484
3465 6480
3478 6470
3483 6457
3493 6456
3497 6453
3500 6442
3551 6440
3560 6439
3564 6433
3613 6414
3665 6389
3697 6387
3703 6385
3712 6381
3729 6380
3740 6373
3746 6364
3748 6354
3759 6353
3772 6352
3799 6341
3810 6337
3819 6332
3820 6331
3863 6322
3889 6319
3967 6312
3978 6310
3995 6307
4007 6296
4013 6295
4027 6289
4102 6288
4130 6281
4143 6274
4176 6266
4195 6261
4196 6251
5579 5662
4208 6247
4223 6246
4247 6243
4284 6237
4338 6236
4349 6221
4365 6217
4366 6216
4368 6211
4402 6210
4413 6206
4465 6196
4523 6195
4528 6178
4582 6176
4601 6174
4639 6168
4677 6165
4688 6152
4694 6149
4725 6140
4728 6137
4746 6134
4759 6129
4767 6123
4775 6116
4782 6114
4788 6093
4789 6081
4803 6076
4807 6074
4877 6069
4883 6066
4908 6065
4917 6064
4933 6062
4946 6061
4976 6060
4996 6059
5008 6056
5016 6055
5021 6054
5028 6053
5031 6052
5033 6041
5035 6040
5037 6038
5059 6036
5065 6021
5096 6020
5108 6016
5112 6014
5124 6013
5127 6004
5161 5989
5199 5979
5204 5978
5216 5977
5223 5971
5228 5965
5232 5963
5260 5952
5288 5951
5322 5947
5340 5935
5354 5902
5365 5900
5368 5898
5385 5885
5400 5876
5407 5875
5427 5874
5434 5868
5436 5862
5443 5854
5468 5852
5489 5851
5511 5847
5531 5840
5536 5833
5537 5832
5592 5829
5593 5817
5604 5814
5624 5813
5636 5791
5643 5775
5663 5761
5673 5756
5690 5726
5696 5725
5697 5724
5699 5722
5708 5721
5718 5706
5722 5687
5728 5686
5741 5654
5773 5650
5782 5646
5787 5645
5792 5643
5810 5637
5827 5630
5836 5629
5838 5628
5858 5627
5876 5613
5916 5603
5931 5602
5953 5596
5965 5594
5982 5593
5991 5590
6004 5583
6016 5577
6030 5567
6043 5563
6052 5558
6055 5557
6071 5555
6073 5550
6085 5548
6089 5543
6091 5541
6095 5539
6101 5534
6104 5530
6107 5525
6126 5524
6139 5521
6144 5518
6171 5516
6174 5515
6182 5502
6184 5493
6187 5492
6228 5479
6230 5473
6234 5466
6256 5464
6259 5460
6261 5457
6270 5455
6275 5454
6301 5450
6313 5449
6335 5447
6337 5446
6343 5445
6350 5436
6358 5427
6371 5425
6375 5423
6378 5420
6399 5412
6404 5407
6406 5400
6412 5399
6415 5398
6417 5397
6425 5396
6447 5395
6451 5393
6460 5387
6462 5384
6469 5380
6470 5376
6472 5375
6477 5362
6501 5357
6515 5356
6522 5344
6530 5339
6533 5337
6546 5336
6551 5335
6552 5321
6566 5317
6596 5315
6608 5307
6619 5304
6650 5303
6652 5302
6653 5293
6668 5289
6681 5282
6684 5281
6689 5280
6708 5276
6722 5274
6742 5272
6749 5271
6760 5269
6761 5267
6767 5265
6776 5260
6795 5258
6797 5252
6819 5250
6821 5243
6823 5237
6829 5235
6838 5234
6839 5233
6872 5232
6885 5225
6887 5224
6896 5223
6899 5221
6903 5220
6908 5219
6918 5217
6930 5212
6933 5211
6934 5209
6935 5194
6948 5190
6958 5188
6966 5187
6977 5186
6983 5183
6984 5172
6990 5166
6997 5165
6999 5164
7001 5156
7007 5152
7012 5149
7014 5147
7016 5145
7021 5140
7030 5139
7031 5137
7041 5134
7051 5133
7054 5129
7061 5128
7068 5127
7071 5119
7096 5116
7117 5115
7143 5114
7156 5109
7161 5108
7174 5107
7177 5105
7179 5103
7183 5098
7185 5092
7201 5087
7203 5083
7205 5082
7220 5078
7232 5077
7242 5076
7250 5074
7252 5071
7255 5069
7269 5063
7271 5060
7277 5059
7286 5056
7290 5053
7300 5052
7306 5049
7311 5046
7312 5039
7326 5038
7333 5036
7354 5034
7359 5030
7361 5029
7381 5026
7398 5024
7401 5023
7408 5020
7411 5015
7416 5011
7424 5010
7433 5006
7440 5001
7442 4954
7444 4942
7446 4938
7449 4610
7462 4333
7467 4329
7471 4093
7472 4024
7476 3041
