407 120
3103 706
5261 813
4858 757
6594 832
3636 596
420 784
1837 829
249 754
5379 584
4362 837
724 724
7172 641
6444 835
2092 844
3435 707
2268 774
2688 896
359 654
903 903
2775 688
1019 775
597 597
6138 840
2339 886
1793 776
432 842
2184 831
3382 870
7253 816
610 912
725 827
4509 785
843 843
1321 780
277 652
3784 591
4950 830
6377 809
7273 668
853 645
841 841
948 948
7011 798
3040 803
1811 915
4034 800
5532 708
349 745
2947 955
1834 914
786 786
193 681
2228 767
985 704
2944 940
5917 819
5521 950
3681 972
6380 573
6433 653
778 946
2942 755
7176 675
6395 733
4288 601
6602 838
3994 834
2789 883
2226 795
652 873
5897 839
901 901
2433 634
2071 655
1776 951
5656 790
2133 587
6329 646
450 801
4629 739
4393 885
964 964
5512 956
6206 918
6612 673
2962 658
39 777
1867 857
195 891
3059 678
6661 900
264 778
3360 952
3419 709
4571 877
460 672
926 804
5408 822
4732 902
2202 806
6781 598
3423 954
1244 572
5437 845
6796 726
2129 968
2158 783
2157 736
1693 574
4895 590
5788 979
4540 833
176 176
1294 811
6735 600
3259 963
3431 603
6429 961
2397 599
6357 859
749 749
787 787
6783 788
1054 612
2518 769
660 759
5280 893
938 906
1338 703
6709 789
1550 660
3389 799
2415 639
1953 779
2297 876
4923 694
401 971
665 665
7251 910
1291 878
5850 879
976 976
229 836
1003 751
2649 613
4423 614
1334 967
4163 764
4872 746
2496 818
677 677
2307 578
1789 861
5410 810
1215 854
4250 720
2430 982
2558 938
5959 723
4536 966
404 908
4575 747
1454 808
5058 659
6900 622
1854 895
5447 986
592 793
2740 701
3442 693
5529 812
5868 586
2544 949
1441 919
3088 752
216 610
7105 686
608 608
4760 863
5339 627
6528 875
6442 872
1979 881
6240 666
6458 687
5907 977
6001 856
1967 851
6419 924
989 989
2295 805
419 679
6475 962
593 593
1452 904
3318 792
3599 710
640 648
5851 880
6342 621
4152 768
3365 662
6246 676
3600 898
1009 623
322 667
5154 817
5473 855
561 882
3524 735
3814 674
1706 684
7270 124
997 997
4156 970
7043 871
7218 664
30 588
3115 661
7163 615
2347 984
4672 960
2452 995
3578 958
4508 607
1729 936
4974 862
2348 807
824 824
2163 770
2935 592
33 913
977 988
6774 969
758 758
7328 985
699 699
6916 737
2020 670
6249 999
7319 692
752 947
1525 848
3479 874
702 702
6856 393
5423 820
6688 928
4018 922
4573 815
3574 732
7282 965
6840 923
5376 680
3402 791
7079 624
3979 656
2237 927
3380 911
2838 748
5166 929
4169 691
5680 941
6904 727
580 580
1774 866
6097 617
6580 725
6066 853
5286 782
1761 847
846 577
5391 4014
2669 698
5471 953
4224 821
5358 865
123 932
5334 849
870 638
6834 625
5081 945
1400 925
1467 711
3427 756
3830 905
1057 734
657 657
7390 714
6278 722
7002 609
833 689
3476 700
5077 2907
659 9
2325 897
803 581
1723 933
1864 937
2852 858
3441 998
3948 846
4726 4726
3935 867
1249 909
3461 619
295 926
7146 695
1749 934
6125 696
4087 4488
6156 214
1324 766
4591 728
973 973
2381 682
6334 868
4551 860
144 144
5817 4421
3898 718
796 796
5565 828
1875 781
4898 248
1066 959
647 647
3661 616
1775 773
5207 894
899 899
7167 907
6835 604
5022 4849
6967 4799
7387 643
2607 2891
7173 4352
1670 4812
5765 760
4580 741
4678 351
1695 3508
6081 825
2522 957
750 750
6251 3960
6607 4455
3996 3996
270 978
3021 892
6242 3534
7443 4359
2888 2888
5796 2608
459 583
4093 697
2724 6962
1468 4027
2866 887
897 2654
6548 794
5086 713
3738 161
3485 3485
1101 636
7206 761
1839 4222
543 762
595 595
4700 6982
6070 3470
6014 106
1539 618
6932 4850
3403 4725
188 6973
5413 3464
314 4732
1166 370
2144 4722
2230 4753
3232 3469
3269 3465
5409 3468
916 2944
6800 3478
6659 364
3879 2599
2253 3522
5284 3479
4522 3472
1829 3514
186 3475
4316 3495
5986 3484
7380 3476
494 4237
3511 3511
4819 4819
6080 2301
2461 2880
4972 4737
3098 2890
1594 2889
1362 3500
2816 3491
2194 4764
5067 3482
3713 3551
7004 4727
6968 6983
7316 3496
2160 4756
2929 2570
6306 4452
1939 3550
446 2887
6151 3494
6019 2883
369 369
3976 3546
6711 2885
3378 3544
3036 2643
5099 3483
52 3490
6006 2359
3204 352
3414 3477
4256 3474
581 3549
866 2640
414 4794
2459 2323
1421 315
5128 4724
6739 142
2061 4723
4675 3545
1479 4498
3208 4549
4577 4870
2421 4729
6923 3481
2080 4761
5414 4738
3651 4497
1376 4741
6559 4808
20 4440
779 2882
4206 3548
1703 2564
6737 2478
4038 4487
3134 4456
3554 4800
935 2893
480 4504
1276 4479
5435 4558
7466 4579
3054 4751
5239 2896
5679 4476
717 2909
5083 4502
2628 4512
7473 4505
5668 4506
3191 2884
7211 4874
5429 2894
7480 2650
304 4477
3897 4509
1482 2916
2255 4795
5780 4802
5542 6968
6666 3417
1637 2918
5626 4486
693 6997
5535 4489
747 4816
6400 2895
214 4788
6492 4731
601 4817
5551 4496
1770 4811
6478 4565
3473 3473
6921 3480
6524 3497
7288 3416
3674 4810
4205 4814
6836 4861
4897 6047
4459 2363
1216 6976
3598 3499
6683 3528
1347 4851
251 4508
3800 4483
5629 4733
5654 3130
5564 4364
4736 2506
205 4743
574 3531
2318 4550
5461 3098
3164 4264
5451 921
6732 4939
6561 4485
6428 4351
6185 992
5318 2636
6734 4557
4094 98
3616 162
2078 6984
4501 3524
2391 4818
3192 4511
7335 4481
4491 4513
4561 4561
3609 4490
3330 2321
6890 4535
3294 705
3104 994
6917 6967
5771 4803
4103 3498
1457 3523
3082 3434
3169 3516
241 6975
5758 4403
773 4360
943 2353
7451 4852
4009 3541
7141 7270
1735 3493
3510 3520
6831 4392
3525 3525
5974 2948
3840 2655
6669 772
5490 3423
2168 4854
3655 4484
602 651
5105 4492
2545 3414
4079 606
7087 307
472 4375
2025 4841
2036 4840
5190 823
7469 669
1135 4495
2652 2924
4377 4719
7058 4571
5666 4912
4680 4560
1203 4806
5634 6048
1345 4899
422 4796
3537 3537
1364 2925
2684 4447
2365 189
5763 7313
2946 7312
1583 4772
4216 4374
2843 7462
4866 4023
995 2307
1878 368
4233 3370
2644 2326
4085 4399
4663 987
2592 3152
4498 2310
7150 4793
32 4494
7464 4507
7095 3885
3925 7461
5737 4755
3468 3536
5560 589
3801 366
1231 4736
2186 797
4212 7447
5273 642
3707 4759
3553 2486
3650 4462
6570 2348
6657 582
3684 2362
6960 4896
6894 4730
1434 6302
4124 224
3944 2523
2630 463
661 2522
3804 4774
6595 4801
3097 3097
663 2565
3349 2350
157 4369
4419 4419
6549 2534
767 981
7040 4404
3190 6229
6054 4760
23 6980
4655 649
326 3492
4642 283
6754 2557
6956 4807
6911 4767
5588 4867
6465 3547
6283 4482
3434 3147
4450 4493
7450 4510
2606 712
771 771
6421 3422
5415 602
4182 7292
1005 2553
7114 888
6257 802
6293 2917
721 721
2707 605
6714 644
4947 729
4982 850
2380 852
4813 4813
7077 230
7147 256
505 869
6811 4079
2070 5736
2847 2945
4167 611
3942 367
2827 3527
5194 6965
1094 4734
4411 4411
642 4740
755 4373
2002 2954
2334 3270
440 4763
2905 2569
328 3533
1940 2575
5900 273
1164 4881
5909 4728
1792 4308
941 2552
5975 2908
2169 4773
6137 4569
1591 2653
4623 4545
3680 2311
2495 2495
1129 5523
5345 3121
1195 2496
4292 3068
4739 4739
2432 585
4818 4749
3953 5698
106 4798
3855 1148
5637 2628
3508 3125
615 3111
4188 3112
7062 4699
3710 2886
5165 4804
4275 6523
2993 298
730 730
3782 4384
1679 454
6756 637
1527 2539
7318 4046
1367 2497
2822 996
7029 4518
6205 744
4296 2476
1859 3095
4836 2590
2741 2308
4711 97
719 719
1173 2578
3293 2503
4699 3175
5896 2923
3664 993
1788 2313
2062 2521
5856 2329
5381 356
238 3505
704 620
2360 4026
3874 3935
3030 4395
4040 2555
3718 231
1028 4789
1572 291
1913 2333
6728 6555
3843 3044
6192 6978
1989 3126
302 2304
6553 4354
1241 4406
3597 4872
7432 4552
2404 358
5372 3123
2737 3395
6854 4567
1612 267
1741 3396
3257 4521
2427 3260
5474 2472
4730 3343
3991 3081
81 7397
6986 2349
2369 3592
2475 3333
1785 430
1841 428
7426 3788
3972 3595
7495 3768
6385 4797
6628 3398
3420 4875
93 3284
4364 427
627 2328
111 4836
3630 395
2665 3382
3829 357
3556 3556
6784 3186
5460 2535
4428 3364
502 3366
7284 3449
1464 3345
1696 4211
2948 327
6260 3259
3832 3728
3770 3733
3635 3635
1765 3756
333 333
5828 3331
7265 3466
4456 353
6510 345
1312 354
280 338
5685 6273
3384 361
1498 342
2818 343
1227 2318
352 4555
1212 318
5597 1236
6987 4357
1821 1147
1838 317
972 4892
435 435
1344 1196
6879 4478
3127 335
6738 360
884 348
203 334
5003 6092
3177 2505
1595 3113
7287 347
3548 349
3066 331
1426 6959
5902 2473
283 3401
167 2919
1381 4534
1668 304
4453 6235
5025 2602
3866 359
5883 3402
5198 4771
3043 464
6116 3701
578 6808
2254 4868
6947 4468
842 465
2271 4439
4092 462
6508 2347
6210 3513
7293 576
4530 3542
2904 2352
292 690
2384 629
1218 1218
7197 683
556 276
2470 113
1112 4028
1186 3084
4380 3790
5478 299
3069 3471
2829 2892
6175 453
2835 2835
481 7234
1542 2583
2438 1150
3207 312
2815 329
4426 930
482 3150
6881 466
4666 1211
5704 1246
3486 944
6643 2343
3726 1132
4805 4424
2734 319
5508 1318
2757 355
2508 468
4942 1360
3963 1321
572 1244
3561 1233
1114 1307
5220 469
7388 1322
944 170
4504 1231
2029 470
571 1256
3648 1302
2677 1156
6488 1232
1125 472
6436 1234
6974 1247
2474 1344
6865 1343
4890 194
4620 1345
3226 1350
5506 197
4101 471
6209 1130
7078 309
5785 3593
431 1323
1822 1361
6285 3489
168 3322
7196 340
6308 433
7123 3961
1814 4516
7463 3367
2064 1199
4749 2357
6113 365
6026 4385
7302 4389
4552 4839
6271 3757
4837 339
1080 7144
5321 6231
4532 2558
1650 4752
5547 4457
2435 3063
5317 4274
1771 3138
330 330
638 2596
2985 1107
3844 4401
2482 2482
2510 3488
6615 3124
179 223
3144 3144
2072 3059
6898 3077
1494 3129
2961 3181
2469 4239
7129 3155
5285 3151
7093 3048
1113 4418
6041 4422
2889 1198
5377 663
5543 917
2069 943
1025 942
3742 3742
5007 2365
5908 633
2272 632
5596 429
4487 3868
655 890
6830 2646
5762 3336
5649 717
4752 814
5043 3143
1225 575
1162 650
550 2556
6574 311
4053 3903
4691 336
3009 635
4795 939
6208 3394
4477 3591
4478 742
680 279
731 731
3339 630
6233 571
5689 920
1170 991
2227 990
7372 4363
142 2998
1122 980
1738 2953
994 975
1659 974
1577 935
6613 6227
3145 931
772 889
751 884
576 763
5075 3765
2539 337
5009 740
4436 594
3659 4768
7412 1109
3317 3586
6461 1163
7375 4859
4778 2930
4556 3397
2890 3725
5159 1187
4047 4438
4416 4480
3287 2956
1932 3127
3049 1124
354 4904
7053 4531
1171 1171
1336 1216
2266 1400
7267 3365
931 1149
2091 3419
4155 4554
6644 2941
2026 1516
5861 396
4971 4465
7109 285
3509 3332
7074 2314
3977 2334
6943 3335
424 2364
6372 133
6074 3325
3563 4260
3763 6028
1673 300
148 3358
1562 3321
455 148
3918 6320
5620 4971
4712 289
2242 3154
776 715
2860 3404
2721 324
5000 3770
1645 2580
2309 4069
2050 5609
3313 4848
3090 4577
3133 3431
1929 5597
3229 6485
2546 2546
5402 2480
191 631
2301 2600
2484 2484
540 1140
3838 6961
7482 2327
6824 3984
4668 3651
4519 4517
1589 2544
4024 2642
54 3445
5212 3602
1299 4382
3407 4758
1436 6981
5940 3467
1161 4920
184 2922
5289 4853
2700 6046
332 6971
3361 1111
7436 1195
4193 3515
6427 3628
3001 3526
1971 716
116 3361
6961 3786
801 4963
978 3204
1416 2338
1888 1125
2768 432
5610 2951
2485 2485
6556 436
7247 1249
5278 3767
1358 2520
469 3530
708 4757
1812 2927
3093 765
6841 372
4105 1127
5516 2342
2710 3559
5576 3376
7009 6562
476 6680
4405 2502
2192 3430
1327 322
3937 6172
4909 301
6980 143
2681 2146
4766 2566
5584 4575
527 431
3370 2378
6866 4964
1960 3975
7477 3752
1409 4944
2326 6031
7392 1131
1076 579
4479 4415
1352 3599
5601 3420
5305 325
1719 2635
5388 341
2205 3647
3449 2483
6332 1186
3072 4412
6863 3435
4762 3139
2015 1192
2304 3727
3276 4420
1937 3706
4133 7395
4845 4410
2967 6532
4643 1117
675 4386
4825 6122
6124 1136
4495 3512
425 1159
6846 439
4964 1213
1828 328
2276 270
5122 4562
4922 4922
4521 1191
1916 6963
4414 2507
2167 2167
1518 1518
1884 2149
522 2320
159 440
686 3600
4251 4742
3676 3625
2480 4472
4514 4514
620 2531
4515 4515
5920 4860
3626 4548
7238 297
4611 2369
5314 2610
3848 426
6198 4582
6482 4592
262 3348
5754 3929
3715 1287
3735 3735
2975 209
1346 3069
5494 4365
1351 4720
827 4593
3828 4926
5789 4890
5847 1169
344 2603
3173 1162
3200 5352
4122 2926
128 6254
149 2545
1450 3574
1185 1185
2222 3674
5088 6029
5353 3517
4832 3739
3015 6960
362 3995
6468 321
7219 313
6324 3609
3543 1123
269 269
6889 1316
6564 2613
3176 4765
2476 4379
7376 1204
5738 4393
6326 3747
6808 1108
5493 2928
3573 3573
4820 6461
4808 1826
6716 3773
2551 2551
4473 4473
4492 6349
5618 3596
5308 3746
3739 2568
1898 1289
6096 2312
4865 4367
5235 15
7162 1201
4526 4570
4737 438
284 284
2687 1217
4543 4543
1914 4500
6142 7430
4636 2501
75 3400
13 3594
492 1143
5964 394
6376 2356
3292 3709
1261 2493
7345 4766
975 314
4994 4994
2212 3280
4550 3777
2656 3763
4244 6687
1415 127
7239 2634
3971 3535
5996 6879
3962 2533
4635 2524
2440 302
3639 3149
7349 5619
7366 3459
5556 3792
5446 2548
3984 3388
7128 3774
6449 7396
1758 6713
4713 4428
6992 3146
4943 493
3235 2624
2646 4879
182 4883
929 4965
5825 1206
5658 3569
7057 1320
6401 3718
4211 3775
3582 3582
7092 5410
72 3570
1435 5733
7334 3330
46 3933
3044 4568
5253 3902
3374 3648
5627 3898
5089 5730
6945 4791
7039 3873
6817 4503
802 3632
4955 1284
5778 4007
875 288
1882 3977
1460 362
1861 3296
5644 2915
7254 4556
3163 826
5202 2518
4826 2379
313 2641
1739 1165
3886 2322
2548 3553
1004 419
311 4572
963 628
6786 1173
3720 6232
1099 2516
2234 4397
6027 3711
1207 1207
1570 3128
2641 7
5177 5610
2292 4701
4191 2586
3334 3334
594 6958
1016 1315
4475 293
3522 4254
4440 272
6130 4402
2063 3049
4525 3389
4750 3712
6040 292
266 2561
7126 404
438 344
4518 4071
2093 3915
5348 3052
5390 2366
147 2491
1571 4454
4005 6413
3405 3405
2637 2637
7067 3161
1246 2658
1446 3403
5502 4671
3046 2618
5073 4070
34 1519
2128 3685
6496 3384
3956 4909
5187 2492
5329 5354
5430 3324
3130 2540
6384 4408
2799 1381
4576 4921
141 7421
5706 2317
3081 2519
1267 3341
4687 114
3781 4871
7289 2335
2446 3407
2884 1168
7330 303
1449 3766
1503 4381
6965 2920
4189 3543
6910 4361
5482 6561
988 4923
4723 7248
763 7424
555 1286
7060 4045
3950 3463
7365 6863
4081 4877
5271 5465
621 4957
5383 1167
16 3529
1397 1397
3395 1408
6416 2921
4114 1182
5072 1116
1996 4436
2075 4750
4991 2305
2178 2614
303 3566
4384 2316
2833 6234
5570 2475
2945 3741
3142 4573
2247 3176
2980 4754
6087 3650
1444 278
5894 6257
4579 3904
5903 4400
5336 208
258 3738
6328 3411
3362 1825
5087 1208
5768 6105
735 4501
1596 4958
5133 3687
3067 1224
5582 268
3268 3268
1579 3949
6288 1135
3488 3888
146 3261
5594 4362
6913 6223
4117 4380
371 3415
5332 2325
4123 4123
5928 3282
6909 4528
7178 4450
936 3406
2017 3269
1855 3798
1660 4900
2278 1193
370 2336
6088 1158
3342 2601
92 4358
1743 1227
1155 2474
3288 3452
3265 3265
7102 4837
5839 3344
3277 3346
393 2952
3323 3448
3987 2949
3017 6200
6349 3356
3356 4857
2727 1142
6994 7367
3633 4948
4505 4078
4743 6091
4648 4735
1045 4947
3243 4084
5633 4935
4967 4967
6446 332
2248 1513
6701 3159
705 308
2286 3568
625 5661
4937 3191
5623 4524
5921 2543
5608 4009
2074 4959
6194 3386
2032 346
2537 6488
2426 4086
3354 4986
6153 3670
462 3267
7136 1202
3312 3359
479 479
1799 2833
343 1809
4227 226
6814 3502
5269 3720
1504 2946
2732 2360
781 305
4485 4977
5328 1200
2407 4576
5872 4100
3184 3184
1580 1170
7435 6966
5141 3339
6177 1336
3353 1554
2146 4469
5807 111
2217 4077
946 7409
2729 4863
4317 4945
1119 6913
6672 1810
1642 2361
6720 476
4439 1369
1809 6209
7168 4718
3679 6675
3845 8
6605 2344
2931 2931
1439 1146
6216 6723
2132 4553
4542 4092
5904 1235
2516 2
6327 6271
696 2443
3741 4437
1414 6175
2535 478
7100 2376
5267 3458
6155 1190
4253 3691
860 118
6418 3578
7404 477
6827 484
789 1151
5661 2412
365 485
5445 482
4729 2421
3571 2434
4572 2390
6736 290
2631 2380
3653 481
2382 2382
230 2403
7226 2396
5735 2381
1060 2440
4213 2431
6241 2433
5791 2430
3029 2457
895 2444
2019 2423
3881 2453
483 483
4010 2456
1410 2420
6359 2465
3254 2432
3335 480
5191 2466
139 2436
932 2416
2585 2460
3647 2408
4309 2429
7368 2388
1092 2384
486 486
2711 3338
4198 2455
3875 196
6685 5932
5967 2401
4000 2409
3767 4574
6651 3879
4399 4083
80 2391
3110 286
1666 4847
4383 2418
6083 2414
2411 2411
2105 2458
345 1119
6512 2451
2657 2448
6180 3614
5201 2377
1304 3680
639 2415
5997 3327
4932 3392
909 2383
2361 3662
7240 4790
1058 3724
5110 271
7383 1095
6172 3818
5064 1155
880 3518
3905 2148
2190 3604
5114 6690
3231 4746
6042 2479
316 316
3125 4581
7152 138
760 410
6057 2397
949 2513
4353 4353
2828 4048
4880 2441
3102 406
2428 2428
2701 3323
6625 2452
5605 3539
2566 1183
399 1353
919 1309
3482 2085
3070 3070
4332 3754
2066 7414
4346 1181
3940 3672
6336 389
4257 4910
6946 2404
3233 277
1866 1189
7378 2056
6572 5764
7106 4458
4968 6769
3408 3501
6538 6719
6924 2538
1403 6724
2489 1430
6303 6272
7310 3447
3646 4291
5004 3676
5034 3640
3841 3841
3503 3503
22 4580
5184 2203
5869 4998
4481 1115
2714 3842
5113 4152
6440 405
5726 4762
1849 3567
497 6362
3693 3844
408 408
105 105
6212 3849
2932 3883
4494 3863
4369 3832
2581 1229
1118 2965
2580 3845
199 409
3531 2897
4841 3793
3 3843
7320 3808
2913 3838
495 3850
256 3864
3694 3835
2801 4240
4810 3911
12 3805
6516 3837
6248 3815
739 3013
2645 3810
7409 3560
234 3487
3954 413
3466 3847
6855 3690
2352 5734
475 151
2814 3011
1704 407
3073 3862
2857 3860
5135 4780
3887 3887
1873 1298
7199 150
1787 1327
1794 110
489 2970
1702 3587
3398 1308
3020 1375
1926 2983
1117 2996
1239 1329
7216 1758
5832 1205
5355 2504
4471 4021
3627 3633
1056 418
5449 3852
2244 1330
3811 1331
6474 1341
1116 3576
5398 1118
6224 2461
6389 424
4761 3825
1046 3601
4356 4356
4696 1328
5651 250
3053 3053
5309 1242
910 7219
2473 10
4899 4001
2977 423
1368 5958
6291 4459
6826 6230
4095 3079
7122 5968
1095 4786
2696 4398
3152 7107
2623 3188
7155 135
2611 2611
4844 3871
1316 1291
5732 3378
6696 374
5711 3812
290 3277
6577 4430
5338 3409
883 1210
3736 29
5808 6721
3756 249
3722 3722
309 420
4210 1176
3332 2947
1275 1275
5798 3696
18 4519
4476 3141
2841 2942
3410 3410
2193 2961
5464 417
4300 4779
4815 3266
1090 4648
3249 2592
6379 2937
2861 2554
7343 4314
4929 4340
5373 4956
2576 3561
2899 2498
5888 1113
3205 455
516 7247
4529 4529
4431 4431
1868 3760
4720 4161
3705 3637
2919 6155
5924 6256
396 1239
6925 3956
1716 4435
6544 5648
3906 3717
5142 3451
5877 1273
784 3000
2379 4470
3119 3119
5632 3851
3778 4775
7422 3780
3836 6233
766 3486
5477 326
2346 2346
6557 4878
4780 4210
6979 3629
2996 397
2331 3624
6543 6972
5085 3731
4221 6299
2673 2405
1091 3753
4873 3827
7487 2406
5899 2066
7165 3199
6207 3455
1273 1382
1310 3803
228 1346
562 3755
274 1295
390 390
514 3846
6975 2870
189 3381
6671 6725
5957 20
4499 3287
3002 416
6245 4082
1547 7311
1176 6027
7324 4645
6366 3697
6178 3571
3670 2394
4533 4085
512 4644
1931 4626
4432 4678
3663 3663
4941 2877
4624 4624
1070 5085
2256 4564
1963 2855
2872 2872
3602 4680
140 6336
6258 1021
4980 2876
6600 4650
3936 4646
156 2997
4969 4667
5249 4658
2811 4653
6479 4663
2232 4621
5915 4686
3240 3240
982 3244
2294 3804
3809 3809
2008 4661
5143 4194
6875 4632
4856 147
4166 4166
2166 7475
6365 2055
3083 4660
6103 4685
5275 4664
1728 6415
4135 3820
2939 1172
3422 2450
5843 7297
5781 3821
4859 4642
651 434
4809 4666
634 6153
5911 3279
5612 2868
2694 121
7245 1241
48 1278
523 3668
674 3264
2973 3954
5210 3584
1308 4652
2662 4655
3669 3669
2374 6430
1972 1110
6351 4668
60 6793
5977 1212
6262 5790
2832 4005
6330 3306
889 4651
7382 6745
952 3678
2851 2851
1110 4711
6710 251
7066 180
3745 3745
790 4744
729 4015
2494 1799
3216 6011
1558 3665
1613 3872
415 415
122 2395
6497 3288
3285 3290
4387 4656
172 3145
2052 282
4148 3297
197 3285
5870 3312
5118 3289
1083 3305
4061 3317
3877 3292
3311 3311
3319 3316
1993 3294
4811 3286
1593 3304
3777 3301
417 3313
3471 3293
5002 3299
1609 6378
86 3291
3300 3987
2736 3303
6196 3300
2082 3298
6136 3315
3775 7007
4670 3310
1183 3309
6630 3314
3079 412
3252 7250
7015 1357
3383 3383
5833 4540
849 2582
4060 4060
5172 1114
1669 4536
2298 3693
863 6365
6471 3889
5356 3295
793 6705
1394 4407
1165 3642
1008 3813
4864 1141
2359 310
7485 2999
2752 1410
1825 3830
2387 3730
4626 3695
3614 3605
2520 3506
1507 4102
2783 6089
2214 4687
3505 203
6296 1032
5742 5906
4902 3051
1196 5510
1303 1303
898 3509
2434 2962
914 4654
6957 4051
859 3319
4455 4153
5242 4390
1359 2974
4904 3886
5222 2162
6857 6377
4140 1209
4654 1297
5736 4915
5492 1347
3539 2445
1320 4901
7299 2400
53 4539
2881 2881
4910 5991
6143 1348
2943 2315
6517 1016
4824 1025
1029 1008
183 1188
2200 4067
6537 5506
222 1014
1688 1015
1255 1034
1694 1019
545 1018
3699 1031
7175 2812
2224 1036
461 1029
1032 1035
2823 1033
7305 1020
3211 1013
1762 1028
5993 1042
4742 1017
4640 2823
1078 3354
467 1374
2557 2528
470 4820
2395 2825
373 1012
3131 6103
4134 3177
513 2595
2821 2306
4919 2341
928 3704
1876 3597
653 2526
3406 3387
4689 4377
1920 4391
7181 4659
6929 2975
4770 4770
2914 3438
3305 266
742 4522
5733 7048
1656 1009
5664 1022
6347 2652
1574 3342
1375 1427
685 685
3981 6693
2784 6486
4806 671
5749 4778
3197 3318
1880 3894
746 5981
2536 2536
2764 640
3673 3612
4268 3673
1815 4647
1992 5499
2097 1398
1988 983
1883 916
3734 7441
3538 1203
7236 864
907 753
7055 3997
1586 3581
864 743
6648 738
1516 3948
6173 4672
5913 626
2886 3710
2154 3091
7260 5622
4031 4031
58 4463
3432 3197
1553 7200
173 392
3666 4298
5123 1011
5157 2579
7500 119
2310 3580
4069 4960
3183 2355
1271 2530
4554 4665
2699 3432
1073 6729
5126 4372
2682 182
6954 4880
531 4301
5884 4640
4581 2407
2139 560
6145 4623
1001 4334
5793 3172
1379 3519
3421 488
3489 7263
1149 4523
3433 3433
6575 4649
7213 5346
4073 4073
6076 7308
5724 3456
6225 1469
6532 2808
5752 443
5066 2345
3702 1317
3080 3080
5720 4566
3822 3822
2618 179
5419 4876
1433 2392
6883 6330
5380 3700
3171 4769
5978 6355
5669 3009
2245 3337
811 5976
3467 4673
6674 3276
1657 2512
3499 391
4838 6015
3577 3577
151 1951
7230 4413
1286 5621
6282 134
202 1399
7470 3598
3768 6360
3920 3716
1902 3357
1556 6836
4158 4537
2715 4674
939 3385
7323 2912
6539 1411
121 3836
6639 6568
2197 3729
3308 3308
4388 4388
6938 4063
2883 2437
5598 5226
1551 371
1193 4405
2758 446
643 3707
3986 5869
6310 3202
7339 4101
1243 3626
2786 3302
499 2340
1103 145
840 422
5301 108
5300 2213
4466 3213
1496 3603
7169 7415
6284 1166
2678 4846
1602 4639
4506 5469
5840 3611
6218 5319
753 4628
2010 1349
1012 3608
5367 3617
1211 7158
4800 4941
3807 3807
5480 2144
403 7341
4045 2563
1081 3734
5036 3183
3727 5061
453 4350
6381 1274
1733 1416
2836 130
3926 6643
2477 2070
4616 2984
4995 4300
3677 2633
109 100
5092 4446
765 4429
4903 4903
6972 4196
1412 7160
5479 3178
409 2410
4978 6287
3008 3008
4745 1268
5076 1388
1887 2914
6122 1194
4854 1337
5550 1373
5476 3056
3834 3834
2839 4596
2088 3776
6267 6399
6361 5827
3939 3939
5017 6770
2442 6521
4783 5444
2437 3616
1990 4862
1335 4638
1634 4843
5496 3450
5717 6408
1372 4040
5549 4776
1237 1394
1154 306
6491 2647
3033 6436
1455 2537
3251 4657
7346 1392
3037 4218
2512 1164
1683 3713
91 1039
90 6479
624 2649
4168 6291
6286 3173
3850 2481
209 4010
6300 2630
421 5421
2720 1026
1280 1280
6729 2995
1107 6359
3320 1225
4331 5660
980 5647
6623 3655
5063 4641
4209 1365
3327 3912
1725 7171
6550 4299
5642 6083
6333 4466
4311 2145
2613 1134
7353 1333
6082 4914
4325 1177
4258 6346
5343 3353
1956 2330
5333 6891
3815 49
3148 3148
6072 411
1177 2052
5859 6225
4043 3917
3314 1265
4083 3054
6547 3393
1293 1293
2287 3686
1487 3854
3683 4520
4178 3737
4585 4080
5805 461
3606 3606
2013 4164
4893 4453
1199 1319
2302 1292
6794 3167
635 2331
2319 3153
6045 4056
2587 1178
2086 1311
6450 3856
4340 6351
7107 4856
6618 3656
5540 3905
3234 6487
5013 2508
1221 1221
2869 4305
4625 3866
5281 5974
5457 6301
710 6099
987 5816
4097 1423
690 6526
5214 1243
3513 3919
2541 2541
4153 6800
937 5907
4632 3369
1313 3237
1111 6090
6481 6324
4015 3189
6764 6115
1401 1401
4709 1004
2639 2639
7170 6498
485 475
5646 7426
456 456
4999 6989
4833 4111
6121 3795
2425 3215
1506 4024
6176 4303
7215 2604
3299 3242
5233 1220
2787 2547
6801 2573
5650 2510
5382 4551
3068 3086
1601 497
5227 3107
3960 4709
2972 2972
1692 1010
7410 5998
1285 2399
3910 3532
337 6531
6448 3457
1263 4662
2902 2991
4927 4927
4993 3368
351 280
5276 2959
2690 2385
4304 2865
4531 3198
4242 2101
6713 2693
2396 4622
1563 5
4468 3764
4154 3182
3895 6881
7023 2621
6692 5545
3460 3771
3876 4805
2060 363
7493 1282
7045 2934
4343 4025
1420 5918
1835 1122
5628 254
1746 4546
3714 1839
1686 4289
6231 4636
3535 3783
4882 3943
4441 7159
5466 7298
6314 247
1284 4629
1605 2981
7025 7143
679 3196
5312 3426
4138 2424
2549 487
5254 2389
1691 1489
6655 4547
2907 1258
356 3037
1680 2631
7452 4690
4391 3283
3569 6447
7101 4200
1461 4585
6621 265
2006 3610
848 6032
670 5253
4201 4201
219 3639
4177 1356
874 5972
5433 1340
5784 4062
3307 6228
3824 3824
4812 3794
557 6298
6374 2351
4462 126
124 2900
804 4423
6390 7131
7234 3607
2831 4103
3766 4089
3686 386
6624 4050
4558 3758
3688 3688
5147 6720
131 3134
2031 5581
180 6916
6490 6547
3852 2617
1782 6921
4781 3723
1578 1512
7297 3621
3975 1390
4524 3761
7243 2910
536 99
2350 2878
1754 7189
4835 7316
4724 5888
4695 2899
3731 2958
1456 2929
1007 4011
5406 23
1546 1222
820 4061
423 129
3217 128
1174 117
2513 3360
2595 2427
6099 2435
3193 3193
4165 1290
3751 1372
2563 5714
3854 4074
1918 5970
3806 3806
4659 3190
1872 1313
1419 5500
6664 156
2797 3732
4136 1296
1018 295
4072 4943
3652 3179
4602 4589
1314 3921
1526 6633
5196 1354
5809 5000
4547 2591
612 4378
4395 6726
35 1367
63 190
2562 3787
1532 96
1922 1240
1133 2542
1204 7438
1252 1252
3326 3326
430 1126
1442 350
6944 2985
5465 373
1564 1364
6051 1727
4776 6780
3596 6448
3667 3667
5243 3075
1027 1419
1282 2370
6769 4055
5841 6798
6859 3108
7423 234
5937 3947
1265 7328
2479 5773
7191 137
7304 296
7447 1006
5945 6736
566 6655
7336 3540
5030 2587
5864 7157
6798 3823
4764 6350
4434 2665
2924 5793
6467 149
1102 4049
2308 3117
7386 7039
1906 4036
2041 4038
6568 1137
3758 2875
4055 3066
5806 474
5189 4097
584 6483
4044 452
1022 4432
3923 6814
4299 4449
3947 2898
5693 2150
2235 5910
4513 2571
5561 6088
6167 6278
2187 6084
5459 5739
3056 3201
5378 4908
1991 7221
429 5735
6092 5789
6955 3744
3921 6940
1219 115
5375 3564
1986 2960
1663 2119
1143 3171
245 3963
4983 2517
5175 4142
6021 4784
4686 4416
5578 3865
2530 4670
6370 2824
6272 4925
1098 1338
6102 5674
2165 3896
6959 4983
1934 2994
6542 3694
1329 1197
1179 1179
4378 3074
4861 5673
2648 2648
169 2562
4527 4527
3201 1250
466 1255
7437 7445
6117 4253
3047 3047
4702 4702
7186 3538
2745 2180
6304 3131
4599 1956
2258 5488
1124 1139
2659 3170
5814 6494
2791 6416
2122 4968
5919 2207
5526 4474
2800 294
4703 3192
7166 2048
869 6878
5682 1335
2249 6164
3689 6292
4777 181
4279 1863
1530 3867
5581 3819
6454 2987
7494 5170
6147 5909
1954 1591
6590 1409
6179 6198
3359 1368
2393 2393
3958 3958
6353 4304
1630 7170
7151 2576
5032 3884
6166 5908
5195 2071
1892 4882
5274 7310
1377 1760
3096 6375
2412 2515
6127 6280
4056 3782
3743 136
3549 1551
6791 3200
2954 6876
2780 4173
2409 1305
6154 1617
732 3627
4382 2861
7490 1389
6667 7168
7429 5254
3086 2659
756 6979
3904 2136
2543 2438
3589 3920
5879 5772
3250 3436
4030 4325
7479 6194
6312 7021
166 3510
99 7017
1222 5933
6978 158
5730 3736
940 2153
6518 2063
6534 1468
1599 4591
1332 3168
7120 1214
7137 2577
5389 5509
2925 5616
248 1385
318 2584
4679 5911
6268 2487
7321 4693
5097 166
496 2933
5912 4371
5662 7203
4111 4894
4429 6
5132 4259
5960 6890
2571 141
5954 6279
3825 3653
4037 4037
4276 7451
5619 2967
6265 6889
2837 2837
3619 441
1478 2622
2152 490
3004 4635
2995 6788
4925 2442
6901 3572
4039 4039
5686 4995
7022 3180
2376 5360
2290 6101
5527 4427
3168 1145
3709 260
7491 3195
6193 1260
6816 491
6264 5481
4033 4033
6848 3082
5453 7211
4297 2938
507 7323
2215 5763
323 102
5525 6358
7059 4002
3862 6773
4647 4984
812 1259
5756 2901
6170 6024
7348 7285
6382 2477
4578 3613
360 31
4447 1415
2478 2632
5074 1424
1491 1300
2441 3998
6981 2110
7280 3439
1616 173
4086 320
1795 4988
6244 5298
4714 3658
208 3169
4722 3714
4715 3375
4721 4053
7259 6834
5552 112
1653 7427
3580 4445
5093 3093
217 4144
6676 3789
599 6357
6809 3590
6215 4355
3545 3698
3321 6657
1448 3643
1142 3218
3585 3619
2196 2255
5727 7443
2848 2574
6610 4924
2065 2065
2354 5691
3787 4873
7006 4605
3306 3003
56 6782
1804 5618
1536 172
1978 6593
4503 6777
255 451
162 3579
817 5830
4449 4620
211 2339
7214 2337
3075 4787
4008 1418
4914 3932
3982 4982
759 206
3826 3826
3416 3645
6589 1038
6582 2151
517 4076
5829 1129
3644 3644
441 6853
14 3589
1603 6792
1148 3453
1513 4096
616 2176
9 6268
6893 3981
2601 3748
5933 1219
3795 185
6861 2243
3394 3646
2739 3622
5209 4781
5609 2607
1366 3702
5878 2302
2378 6154
5943 2324
5932 1342
5831 4865
3492 3203
5918 6893
7418 2966
3980 4499
3901 4918
2871 2977
1140 3278
6344 2244
6679 6875
5930 4376
2748 2657
2625 7309
5962 6019
4220 3715
4708 3654
7064 2309
6394 1842
4549 3797
5176 5788
2121 1626
2528 2662
7083 6132
2210 1001
3929 3743
5721 6372
3107 3681
3364 165
2490 2490
1223 2873
530 2147
5156 3015
2377 2303
4467 3918
1178 4030
4028 287
5995 4782
4965 1161
3955 3831
6622 1380
5182 3876
4237 2879
681 3083
4641 3955
2858 3833
1977 1977
6995 5937
3521 3857
1120 1120
4954 6275
4660 6970
6131 6673
5349 1257
4605 3307
3196 2964
6483 1253
4025 5712
6509 2968
6807 3928
5169 3036
3932 6977
463 2932
5206 1952
4918 4065
7140 1269
1718 222
6606 3779
4396 6108
3194 3088
2447 4932
754 6203
7407 5364
4849 6432
6391 4691
2004 4168
3747 3328
5786 3210
4180 4563
2454 467
2820 2173
5361 2439
57 3374
1072 5159
2424 205
821 4845
5503 460
6364 6969
6837 2820
2364 7394
6118 6783
2112 1271
490 5373
5050 4692
6812 2367
5816 5414
1896 3817
449 6119
3719 1814
508 1384
6165 6861
6476 4940
300 2155
1136 3878
6531 3877
7357 2675
133 6002
1191 2500
3728 4035
3149 4370
805 1277
5091 3638
5944 6510
4970 5994
2203 5504
6325 1837
2400 215
2568 3618
6724 2143
4850 2982
5660 1226
4631 4631
983 3759
6214 3340
2906 2154
7229 6512
2246 101
2239 5709
226 6224
2683 122
4881 255
1097 5353
5272 1600
5399 4394
4285 4919
5659 4696
3504 6106
7492 1045
2612 2612
2011 4383
3139 236
7080 3425
3487 4586
5282 4783
2570 5895
4281 4985
3316 2245
6028 3185
2550 152
1168 6412
2826 7055
4041 5041
3615 4897
6453 3043
2288 1830
2647 6226
3540 5949
1127 4105
6638 216
6069 1175
1064 5591
4497 1174
4931 2175
1462 5956
5467 6135
533 4792
2140 4094
6985 6812
6862 6202
5635 7259
2120 212
215 4682
4888 164
158 2170
2769 3930
7497 4594
6858 6738
3622 1230
2077 140
1279 6141
2552 2514
575 5794
442 1267
5719 1324
4510 6082
1970 146
3161 4104
375 1153
4979 4979
4992 5659
1283 4095
3861 6030
4248 1223
7202 4134
4143 6490
6162 1089
6056 2722
2840 1417
5606 1215
5500 1391
416 1612
3776 4451
2533 2850
2045 1310
1643 2368
2668 2181
7223 7393
1715 1715
4088 4088
4876 3802
1791 6109
2156 3380
5994 3371
2313 1094
2989 2989
2145 233
3039 3039
1533 1533
3055 3055
3346 3347
3516 3089
4753 4285
2868 4409
4557 3115
7373 2581
7028 1944
1548 2358
1708 3675
6489 4688
4757 3329
5875 21
4607 4448
4823 2354
4326 6086
4262 3440
5927 1620
2127 4087
5425 3355
6044 4059
3230 6168
2213 3652
4293 1154
4734 6789
4705 4777
1877 1877
1984 1616
3941 1312
6649 1621
5530 5163
2021 6938
7198 6290
3195 6085
3716 2992
3329 3060
1608 3090
3528 3214
3755 1395
1779 1040
3550 2550
1894 1005
4171 1710
2969 4999
3656 27
4049 3114
1961 3999
5970 1979
3455 2051
3973 4443
6077 1245
6785 6240
3989 187
798 4634
6712 1358
2990 1362
412 4990
3993 1251
3222 2057
2456 1377
5287 1901
4574 4425
101 1884
5638 2332
5117 4313
7189 1294
2051 3421
5777 1254
1325 1325
1002 4029
1224 1281
380 4208
6346 4234
1443 4444
4855 1363
382 5620
152 4614
1836 1237
3583 1721
2698 4184
6952 4017
7283 4989
2342 167
539 1266
1662 6087
6597 501
19 1262
2179 1429
4181 1428
4142 1426
487 1425
6222 1306
3396 4952
4022 1422
257 1421
3816 3816
3794 1420
2986 5044
4410 1184
2728 1144
5555 1396
1830 1414
3629 2494
4271 7444
3618 1413
7475 1412
3611 1407
7453 1406
7434 1405
7182 1404
7144 1403
7116 1402
6969 1393
3379 4339
3376 1387
3372 1386
3350 1383
6647 1379
6601 1378
813 1376
3146 1366
3084 1359
7458 1054
6243 1355
5600 2059
2958 1352
5987 1351
5948 1339
5071 1283
1413 1334
5790 1332
2603 1003
3270 1719
1396 1326
5692 1314
5044 1238
2782 1885
5639 1304
682 1301
2771 1299
5630 3699
1373 3664
5621 1288
5615 1152
5595 1285
5590 195
1365 1279
3581 3408
5548 1276
2722 232
5438 5332
2650 5083
3274 2171
1349 1272
331 1270
1295 1752
1341 4034
1339 1264
2131 1945
2638 1263
5657 4148
5263 1261
2602 1248
1305 1228
5171 1160
319 210
1512 1817
1288 1157
6339 6428
4938 1138
4930 2902
2488 1133
4603 3187
2450 1128
1079 3446
4684 1728
297 1121
4612 1112
4719 1768
2280 3683
5298 1748
6958 7258
2825 3257
4765 3156
163 1024
6950 2836
4852 1730
3823 4316
5667 4992
858 4043
7085 1763
6061 174
55 123
4463 1749
4310 1769
871 3071
4302 4302
5060 5705
6717 6692
4751 155
878 1740
5062 5624
5208 1824
4911 4310
7090 5708
6745 1604
491 3217
4150 2109
1030 2163
5472 2204
2241 3073
2373 1844
1039 3166
1485 1772
6636 2821
5251 1638
2299 1845
7420 4809
1781 4044
3061 3061
3087 3087
2161 6120
3931 202
3281 3101
5674 3046
3924 1586
6805 6463
374 3944
7295 5347
1713 2626
6641 2164
6307 3906
2716 4312
3660 4975
4566 3140
1885 3133
7275 3050
6727 2598
3724 2134
3341 4675
1497 2627
2497 4042
5324 2678
6100 1530
5316 1835
5901 2374
2262 1858
1819 1819
2776 2913
5393 6763
2519 2549
4814 3740
5648 1875
2229 4003
2289 1623
1289 2623
1144 4165
1469 7042
3425 2107
5001 4256
7350 2993
2001 7051
310 4047
4842 3412
3682 4491
6982 2509
2697 437
5042 4013
6348 3349
4651 7236
2532 3042
4238 4004
1915 4290
4816 5091
4017 139
7431 6383
5231 3377
4184 1688
4232 1778
2130 2810
2593 2260
6486 1550
4174 5162
7356 6941
723 2112
6060 5690
591 6528
5095 3583
315 4434
3752 7425
4128 4978
6843 6858
2209 2209
282 4058
4875 2979
3588 3588
1950 3781
2211 7478
3791 3791
1068 4917
3337 4676
1190 6026
6563 5768
3391 3032
3038 4997
6120 3078
2137 3959
4334 2856
3657 3657
6825 1641
5723 1902
1473 3982
6586 2095
6236 5701
4318 4318
5880 7249
7399 4182
4240 6147
5744 3062
7027 1651
794 1764
6279 4179
839 7267
4791 2091
2626 4032
7160 3585
175 3136
4226 3796
1632 4949
4469 1682
6790 3040
5577 3223
3517 4156
49 6366
1123 6888
5006 6795
6022 6964
1911 4018
2367 1066
5020 3557
6223 2123
2159 2159
3282 7006
2219 2124
5027 4178
1306 2117
925 2128
7358 2127
1251 2133
5498 2122
4420 2111
6697 3631
3400 2186
3797 2192
3498 2115
3439 2126
703 2125
4071 2161
3999 2129
1543 2130
7124 2113
5980 5625
2733 1589
6747 1527
991 4319
6892 1873
3126 6097
3101 6791
1422 498
3913 1030
4303 3033
1652 4307
4203 3558
7159 5774
3298 2135
1371 4309
2177 2867
4139 4396
5822 6900
4398 458
1167 1857
1817 5893
2046 1871
6093 377
7294 5490
3182 4154
7148 3689
1905 5626
5304 3938
4706 6797
7249 1180
7130 125
3453 1862
3562 4595
3700 1780
5544 3666
1698 1818
6869 4467
1629 4231
2788 7422
7037 3441
6964 3099
1985 1370
5775 3659
4308 3785
4255 3784
5799 3620
4126 3778
4108 3772
2027 3769
5567 3641
3860 3762
1042 3751
3802 3750
3671 3749
3641 3726
4480 3719
7355 3721
7340 3708
3418 3705
904 3703
6939 3692
6906 3684
3340 3682
213 3679
6369 3677
6299 3671
2772 7264
357 3661
2719 3636
3010 3660
5855 3649
542 2905
1384 4006
4998 3634
5371 1881
5834 1876
2567 3630
104 1868
5559 1867
2333 1855
4690 3623
4662 3615
4483 3575
2492 7009
2329 5975
6902 228
6290 3881
327 4684
7200 7139
5217 1906
4036 1894
4878 4887
823 1905
1209 3507
6378 5710
861 3160
5241 3104
2817 7069
4741 1895
2225 2158
454 116
457 457
1560 3163
418 3034
5748 1892
220 1882
1151 5169
2303 5299
5972 4929
6502 4141
6876 12
3547 4008
7439 5711
2824 4263
3445 3931
6545 4183
3997 3973
4758 4212
1623 4176
2330 1838
974 3828
3108 1899
1851 1851
3121 6423
254 4893
6020 4869
2726 6785
6792 4697
3122 4902
4934 2185
6280 3972
5403 2373
2090 1898
6773 7161
6686 3065
4583 1070
5929 4603
1740 3391
1466 4936
178 4928
4622 3272
4674 107
4773 4137
4059 4578
2965 235
3808 5617
2366 131
7326 6637
5545 4270
5405 4265
5702 6805
47 47
2933 1823
1714 4414
5599 5732
2672 2672
6928 4538
3035 3035
3153 4269
3534 4889
5583 2446
4016 4842
1635 528
3796 1948
6640 2690
5653 503
2208 6831
6281 2471
1732 1732
3463 6146
3654 6896
5519 4815
488 239
3957 1725
6050 2532
551 5679
1865 1865
3859 3859
4179 240
3440 1714
4461 1693
1786 7294
4306 4898
4170 4895
6499 4891
3151 4888
6003 4886
2938 4885
2934 4884
5905 4866
2642 2007
3827 2002
2979 1985
5469 1975
6219 2013
6626 2026
2343 1981
6114 2014
5392 4864
3470 1735
2033 3275
2578 4858
5111 4855
590 4844
4638 4838
6633 1955
7374 2040
5010 1832
1260 1708
2713 496
4799 1921
4127 3901
3007 3007
7042 4980
1976 3320
250 1724
1061 2822
2960 3950
2413 2413
2117 1916
7024 2009
1278 4283
2692 6426
4235 2041
2311 6102
1874 1874
7046 28
1947 3072
6005 1847
664 53
3302 6321
3514 1829
4740 184
1175 41
4490 1052
4264 5742
1730 1520
77 77
1264 5309
2321 76
4959 211
733 204
3179 1548
2362 1464
1681 74
5218 78
697 36
6402 1922
2277 59
3199 60
136 43
132 132
4109 72
1385 84
6541 5703
6423 3848
1948 79
6197 2025
3831 1910
4172 4172
1587 5931
6941 157
405 37
2468 3909
4397 4953
1395 243
2324 1990
1742 6667
1576 6410
3590 229
4977 154
3512 1890
736 1560
4294 1630
5245 163
4062 246
734 191
1959 245
1951 244
1860 242
4834 178
237 241
4502 447
1751 238
7268 237
6931 227
1626 225
6788 221
6632 220
6220 217
5979 213
192 207
2878 445
2597 192
1277 186
4921 183
560 177
2464 159
2462 4075
2664 2102
5910 1846
4425 3521
4512 2511
2807 5191
4704 4704
177 1915
2500 2525
1049 1642
5441 4202
5426 1950
1928 1984
4352 1880
6134 3413
3587 4706
5167 1632
2317 4068
3496 2619
6581 1659
4600 3858
2503 153
3057 3057
614 7047
7195 2080
5914 5184
6746 6642
273 5178
2870 5177
4354 5870
5069 3022
6733 7097
1641 557
288 2447
1709 6728
3094 7167
6927 1891
5168 6139
1573 3861
6494 7372
2174 2174
1033 3263
3592 4188
3529 1974
2126 544
5299 3018
3792 7346
4219 4219
4091 4091
3366 3012
626 3020
465 4464
2171 5623
6407 1456
3878 3900
2370 3899
5352 2039
4066 4066
1311 1897
4282 1888
5813 6974
998 1821
2575 1465
3586 4433
1590 1542
306 6727
547 3206
1753 4637
6063 425
118 2398
822 2426
1386 1909
4804 1813
6254 1615
6663 6356
5999 7325
6367 2866
1810 3951
881 171
1540 1931
2394 2986
2423 4544
3165 1925
5344 444
2661 2661
5193 2660
6201 6936
3100 3100
7364 2853
138 2863
6864 3454
7221 2869
6360 1603
3157 3109
5672 4171
134 6716
4830 4830
6065 7432
74 522
1843 1993
1936 1936
1404 54
1585 323
6238 1928
3291 2606
6387 4368
4953 4683
5026 56
2992 2980
5041 3916
4245 1449
3218 5238
7246 3258
6141 2677
6393 7262
2085 4906
3429 1840
2116 2664
2994 4541
959 200
1292 473
1790 2527
160 160
4748 2075
6991 7471
7110 4112
4920 4117
4534 2529
7344 2139
3367 3974
5947 1765
6068 6986
2559 2559
5404 92
6140 3205
6719 1775
3113 1445
538 2585
3459 2669
7098 2668
6915 2666
6874 2645
856 2644
1515 2625
3888 6462
2915 2609
347 2589
2893 2572
5307 83
1388 71
2355 2488
3946 3946
2845 3893
406 5585
1024 499
7262 459
5452 1063
4652 5973
1059 274
4683 1926
1514 2859
6555 2499
5701 5836
6593 1949
4846 4417
5397 2638
4228 6645
1152 4930
5862 1099
5792 4583
3071 6127
5144 7303
4827 2084
3437 2857
6631 3045
6356 6909
6833 2425
4412 2387
5145 6441
7020 3962
4239 6171
3869 1633
4590 6872
3835 3273
619 450
129 4098
2172 3256
1180 7142
1159 4590
6810 4016
3409 1593
4733 2160
6123 3064
2819 398
2616 4099
2457 2016
2957 6781
6203 4160
3456 6437
7391 1597
5675 1861
5866 5528
3481 4689
1569 4191
2916 3158
5342 4192
3579 1907
3744 523
5411 4146
6907 5413
6937 5025
4538 4627
6765 4747
1406 2459
5211 513
5325 5930
5602 6469
4187 5677
4821 4821
4438 6955
3027 1509
235 2969
6009 1946
6160 4107
3949 1436
6521 3853
3773 4108
3927 3024
428 5359
4202 4946
1425 3891
2527 3890
2632 5323
3788 3209
2561 3118
100 1594
2043 5702
5714 5045
6266 4426
5450 375
7258 4205
4246 4677
5428 3437
1017 3945
1523 5750
1705 7477
5865 50
6752 6049
992 6418
2600 5351
1614 1614
3185 1712
6049 5459
2670 6033
5150 5467
3446 3379
7256 1833
5219 1627
3915 2936
1137 2935
7428 1731
2813 2419
5040 1521
4064 4064
3143 5916
5671 6199
4584 2957
1840 5707
325 4822
2754 3460
5456 4344
5887 1751
6877 3991
2024 2024
201 5614
6851 7040
930 3914
2762 3462
1863 6885
4610 2138
6789 86
2 1639
2221 1767
4731 3076
1158 35
3244 6689
65 65
607 1954
1318 3983
294 1722
6654 2212
3016 7429
7097 1736
4949 3243
7157 6865
3447 7284
366 1958
2207 6589
1104 6588
5497 87
3631 4324
5357 89
493 6000
1816 6944
2431 1492
838 80
1777 1777
3448 5544
296 3969
2123 6784
4952 1941
2341 66
83 1007
2164 1762
4738 7210
2201 3002
3271 62
3247 1711
641 1027
4676 1872
5236 5089
934 5418
1483 4955
5295 199
3263 7347
1051 4625
4357 2567
1490 1490
7417 55
4113 1914
88 7452
3223 218
5882 6707
4392 7481
3968 5141
2115 2178
1900 6327
962 7488
945 5731
3444 3021
4604 4604
603 6285
4628 2402
4345 1918
71 2841
7033 7222
3873 4951
1628 1628
2895 5683
1974 7032
5178 5766
6015 1500
51 51
3798 4695
1598 3006
7274 1649
5331 2295
7457 5738
3215 4294
3246 2116
7303 5188
918 1820
2622 1716
4376 1967
5981 1590
526 5408
3520 388
3883 1588
4273 3897
6780 6128
6675 2103
2671 5066
5068 2906
2633 1585
1846 1631
1647 1534
5257 1473
716 1673
6424 4698
1535 1677
3769 1629
4658 1671
2547 3895
5961 4197
7393 6458
7460 2280
3818 4972
6989 4109
6656 2263
7241 4233
5603 5261
1331 2288
2998 5312
2930 2277
6352 2733
535 2285
6599 2270
2909 2276
5164 2283
3849 2262
1575 6871
1465 2274
6886 18
1615 2289
4608 2172
570 2286
3443 2871
519 2265
4315 2271
3411 2256
2296 2299
2505 2296
656 3372
4218 4911
3868 3811
1150 26
6963 2281
5319 2688
818 5489
5587 11
3213 4970
4997 1886
1845 4110
2524 4950
809 2279
5631 385
1213 1643
7088 2282
1511 3281
1801 2862
3344 3
3696 2463
3685 1463
2335 2464
5745 5320
5533 5322
2035 5327
5350 4993
2183 2183
7351 4987
7309 4962
4891 4942
2910 1523
7233 2858
6263 378
7008 4135
7370 1808
1935 1935
5963 1759
6920 4159
6591 3461
1230 5363
872 4306
4460 4460
5801 2754
2849 2849
7047 1437
1201 6094
6200 2259
4633 4633
2746 6420
7379 6188
78 1718
587 7299
3632 1968
4562 1481
3565 6239
4360 2955
307 1887
3297 4905
2436 1497
5698 88
6614 4679
6815 6813
3930 6679
2418 529
4692 1470
117 6058
3779 6465
1477 1477
2357 5598
5767 4209
4535 3067
4307 3120
165 540
4145 1779
358 7001
1646 3207
3570 2298
2663 3870
908 4933
7212 4204
6870 2319
1220 448
3544 1526
782 1644
2517 2827
7413 1501
1463 4700
7 4175
5412 1744
1172 2725
4065 4931
2372 1508
1908 2838
3150 2734
3238 2904
5296 1747
2923 1729
1370 3940
3518 2760
4589 1510
6038 4271
7414 6787
2971 2971
5048 1525
888 5367
4907 1828
1711 5904
2636 4155
6318 2765
4116 4229
1807 4717
4774 6050
4484 5889
1676 3563
3333 4093
923 1970
2750 2724
3368 6867
4828 4262
2151 6077
900 2911
2515 6685
2666 449
2337 1471
5926 2086
287 1535
6403 5411
701 383
4341 4341
2507 1541
582 4000
5510 5096
7296 3910
6562 3004
4339 5997
7052 6648
1597 4052
6707 1745
1088 3986
4389 4785
2155 1067
153 1927
4418 1822
2118 3967
4263 7256
6750 1746
4570 6201
7048 1002
890 4198
3750 4833
36 1480
7342 3927
761 5741
6523 2818
2073 6045
1399 4825
4422 4824
4112 4827
1502 5656
5134 4835
338 4832
4801 1680
5916 6446
728 1972
911 2771
3289 6316
6940 1503
394 1841
1813 3005
1909 5990
3914 201
4057 5936
2950 4826
1408 1803
5976 3023
4790 7280
3620 3017
4295 3014
126 2988
2951 3010
2796 4293
4280 1864
6269 6928
2403 7277
3557 7279
5098 7334
2691 7112
6592 7275
5292 3869
2830 1750
350 6315
3978 5290
5491 7357
1319 5615
4474 4829
5647 3096
1717 1717
2676 3350
3399 6553
2056 2814
5396 3031
6302 5451
150 7278
6660 7276
1901 5765
3617 3212
7261 6552
5018 52
6341 3103
6787 6347
6770 6530
4286 1934
2802 2081
335 7261
1610 4831
3301 6886
6396 6314
5951 4090
6677 6313
5268 3907
3390 3799
1484 7011
4104 3102
4563 5929
5891 5901
5958 380
7153 73
1226 4681
2005 5123
2689 1989
4149 1483
6705 6411
1773 4193
3279 5969
3011 5291
2927 6794
4330 2060
3717 2156
5848 2467
6168 1983
3959 1720
7430 3840
588 1738
4870 1781
2499 32
6002 5471
1256 30
5119 6133
3099 5612
4161 1549
1833 5205
1458 5230
2250 1739
4894 3875
2891 4916
6609 4127
2876 1996
5369 1856
2260 3105
4560 1860
1848 3094
1139 5524
1897 1953
5800 2182
392 7033
1428 7376
2526 3219
636 6283
2414 1634
2940 3829
2706 3116
1393 4966
7285 7132
3604 6300
5770 6740
4234 3157
4957 3208
4371 3092
3174 3194
6629 3110
3336 3162
6437 3211
4190 3220
7158 3164
4305 3041
4464 7296
1783 3058
671 3132
1633 4828
3917 3174
7279 3142
6891 4072
6806 2950
5200 4533
1685 1978
3092 2371
4924 1101
42 42
5 5641
4516 2723
2599 2008
6422 5962
6235 1991
2766 2766
559 4019
3428 3428
3894 4336
5054 4607
1600 6125
5712 19
1037 5672
6441 16
1565 521
5898 1684
2770 2770
6604 6443
6799 1707
7352 6184
6106 5638
3964 1701
3031 1664
79 7093
3603 5787
2793 4599
6665 4597
4597 4598
3032 4588
6383 4587
6112 4559
4347 4584
3882 4217
1240 7433
792 2809
5823 3965
3303 6244
1390 2177
4433 1986
3458 2943
4042 5815
1994 1467
246 4297
4613 6489
6583 5613
1763 5196
3351 2732
6012 33
1567 7138
1402 5069
1981 7141
2471 5202
1555 2616
7026 2973
4669 3504
1768 7492
1844 5880
4096 5331
3536 4258
6759 3953
1625 261
6013 6010
87 1665
1554 2811
498 4081
6573 4526
17 17
2012 6739
2629 2629
5803 2667
6884 7420
6457 2231
4981 2218
6949 2223
2388 2234
1380 2224
4078 2233
6741 2236
2353 2239
6873 1843
6128 2235
6320 1852
7301 1815
4373 2230
4707 5201
7019 5203
1153 5208
1184 5210
4829 2232
4159 2242
5683 2798
5505 5891
2096 1599
4185 4185
2751 1848
3430 7428
2149 5240
5436 5980
2048 6563
5454 531
5941 2006
4896 381
6678 1742
1592 6071
4697 5826
2281 1709
4266 6376
4379 2275
4374 7094
7397 7398
5131 6614
5534 2615
882 7196
2863 263
3426 259
2686 1982
5148 1678
6620 4281
4548 7197
815 6660
6247 6632
3584 2593
2429 4278
6195 1980
2564 6946
1430 2489
5824 2090
7406 2078
3662 3966
3187 526
2855 2250
2098 4143
5387 7417
3012 1511
6519 1686
4546 2261
2079 1743
7395 6741
2059 4694
5504 7070
268 2744
402 275
4621 7324
2624 3137
4252 382
6762 5890
3506 2241
1736 2775
4446 7494
102 4708
1431 2797
917 1609
4054 4714
3120 2780
1678 4284
114 109
3091 2737
2792 2792
200 2802
835 1831
2730 6497
4336 2804
4511 7497
666 2790
299 494
1296 5090
1818 3274
6213 2206
3393 2729
2103 104
473 400
1192 6080
1869 6647
7103 399
1952 3399
458 7327
4887 5695
1964 1964
1383 2816
1326 4227
6305 3019
1013 1466
6164 6870
5517 1987
1987 1992
1495 1495
887 2817
6221 5024
7075 1836
5015 1853
3048 6476
5949 7126
1820 6442
5439 6475
4035 4542
1481 5607
6832 1932
5645 6214
2356 2940
6880 6894
4884 5308
7445 7123
1031 1050
6722 6912
1417 6845
4673 5430
7193 4282
4860 7120
5302 1065
954 4214
4839 6554
7499 7169
4906 1713
2885 1859
4002 403
4074 4257
2900 4125
4406 2588
5079 7127
544 2731
7384 6506
5121 1555
5707 1502
6698 1573
3137 2050
4110 511
2844 1646
5101 1702
2398 1938
4344 7149
4592 4311
4021 6776
5906 2976
239 1929
448 6697
383 7128
5694 3390
1850 7129
3527 4834
3014 7124
4032 2815
6397 7125
3358 6810
317 518
5335 1959
2371 5333
1584 1920
5090 7023
4567 7253
1808 7027
831 6914
6463 1879
6470 7121
3691 1041
4754 7217
6058 4250
4614 3085
1217 1998
7145 2054
4771 6623
6976 7379
692 5837
7017 4221
826 2801
902 2121
1302 4246
4259 1515
125 6630
7142 1532
3502 4150
2416 3106
1474 1474
2261 6255
6163 1561
4797 3216
4482 5189
6157 1482
4199 4199
1357 4189
5252 7223
1096 6110
5401 4163
2778 3554
3140 384
6673 4969
7171 2221
1298 5984
2753 1441
6505 492
806 7013
5815 2417
1631 4976
6694 2676
3175 4244
5188 4157
85 85
2385 2294
6813 5437
6277 175
3723 4186
783 4181
4630 4630
1374 2673
5080 5812
1322 1662
398 5553
1134 4170
515 257
3041 5239
2574 1
5946 7000
6031 5844
3698 6833
4157 5442
1405 4115
1712 5448
5613 2120
3275 2033
45 6473
6852 6846
3867 5443
1930 1669
6849 7075
3241 6190
3847 4226
339 2088
1561 1889
5772 6419
7094 1601
2386 6068
2974 3937
5826 5959
2579 258
2653 1371
3280 4613
5751 6868
305 6482
6507 1072
4541 2470
6878 2454
598 264
1847 1037
7154 5446
2936 6151
5424 7105
528 5447
6029 5445
4011 2220
3076 4616
2987 7122
2896 4612
5779 2226
7307 2726
2538 5144
2970 7431
5942 1539
6690 5912
2076 2076
7363 2782
7065 1995
3397 6747
5484 5961
4129 6057
5990 4937
2204 7483
5566 546
4939 48
1356 2772
1731 4981
5757 1676
5102 5190
2274 6517
5687 1957
196 7235
1722 2773
1640 7050
3028 2020
3136 4012
6718 3814
6008 2753
2846 1475
4401 2093
4051 44
1557 4207
6443 6445
585 2211
7403 5917
1697 4129
6751 5859
3480 6051
7073 2789
6409 7266
5589 4158
2014 6621
775 1919
748 2842
4050 6121
6079 5439
6255 7320
24 6676
5146 5819
3790 6236
7405 6293
4545 2012
6322 3552
2273 2796
668 2695
1062 5996
3310 2736
3363 3363
59 2035
1665 2000
676 2036
6252 2005
2198 7034
829 1076
5481 6396
5197 2786
2901 1537
4448 5200
4966 4287
3754 2227
6763 1923
868 1517
6576 5355
6292 2067
6687 3555
509 509
2034 5867
6202 5599
6803 4113
4928 7326
7465 4333
524 1650
5107 401
1958 1786
120 2225
2251 2963
4375 1755
6319 4106
2293 4707
957 6503
5486 1937
3386 1496
4619 4177
4665 7119
5985 2219
1 5150
5681 5920
541 5810
6239 5863
6469 3229
4520 6505
4831 1849
5568 3892
2873 3926
3922 3924
6962 3925
4671 3922
346 5580
1638 3427
1145 4745
2756 5095
6434 6774
1343 5529
3762 2813
2458 6718
4283 2832
4470 4267
606 5727
743 1691
4769 4277
11 2038
3687 2017
1671 1754
2953 2229
4785 6405
5820 4145
5818 7165
3089 6258
5783 2777
4337 4054
6744 3429
3464 3029
5988 7269
673 4331
4160 2560
5115 2165
4868 5964
1418 6666
3601 7384
6598 4366
5366 2287
7488 4022
1856 6073
7276 3262
1737 1737
6408 2010
281 7377
4217 1611
3893 5745
3692 6592
7263 1488
434 2097
5293 1687
4132 2939
1721 2214
82 6386
7187 5803
1886 1602
4488 500
2483 2685
1832 5285
6942 1074
2344 1640
6133 4328
6190 281
7072 5841
7396 5838
2240 2990
6680 2819
1510 1624
1619 2030
5982 6130
3112 1943
477 1675
4 6597
5448 6502
3708 6318
5819 1652
2619 4715
1747 1608
4948 2215
61 61
933 6662
1618 1618
3530 5172
368 1878
261 1625
3462 2762
5421 5850
6108 3239
4194 6044
4650 1696
1689 4703
967 5409
5821 6806
894 90
6115 6009
3404 2099
7013 7343
7327 387
2521 1078
3783 4195
298 6884
3872 6883
3138 4669
7484 3016
1520 2003
3227 5404
4313 5668
4249 4249
2300 1723
2504 4235
568 7246
4793 5062
5670 7380
5640 1619
1044 6333
4130 5611
6871 5752
1744 3442
355 1961
3491 1827
5364 58
3345 2783
5173 4242
7108 6674
5499 3418
5546 5843
5715 7031
2614 2105
4367 3444
4458 1663
4394 5554
37 3135
2963 1988
5229 5669
7248 1047
2554 1060
6191 1657
1727 1690
275 6496
7385 5487
5341 5718
4587 4288
94 94
3793 6847
69 1971
224 6481
5179 7244
4023 1442
7468 75
4084 4169
7051 6627
6822 3001
6111 2735
816 7024
2218 1913
2523 6737
3034 5678
2717 4
6567 169
3295 6471
5244 5670
1654 6892
6405 3942
5614 6525
4988 6527
3785 3964
5956 550
5149 6111
6035 3351
7209 7391
4507 3971
7461 5694
1035 6438
2279 6156
3123 1771
780 541
2608 5535
6016 5350
3760 5899
611 4167
384 5759
718 7076
2761 2268
2879 1960
4298 193
5303 198
2922 188
579 2769
4802 5368
5495 219
5279 168
845 6466
1933 4128
3533 67
4327 6042
1281 40
3985 1051
5488 5453
6637 5579
2022 6598
2399 4273
7005 1485
5507 7110
6032 1531
4348 4348
2236 5472
6772 1679
3812 4238
7257 1048
7337 6839
3025 1685
862 6425
3519 2839
6775 5717
2584 5176
6782 7003
4342 7245
2101 6242
7076 7202
3261 1472
2305 1055
3813 5483
7338 5094
1361 7255
4261 1476
646 5462
1943 1478
3634 2205
5892 6384
5327 4326
1053 6508
5247 70
1622 1622
678 13
5310 442
4048 7408
3373 3373
4627 4530
243 6905
210 6193
5652 5903
7237 5894
924 4272
4320 4320
7210 6459
1826 2755
2284 2284
6036 1059
4681 3990
1181 2739
4637 7114
4727 4934
4162 4162
906 7059
2834 1667
2368 1540
1369 7336
1000 6830
1087 7268
1780 1733
1330 2864
4265 2699
1290 4266
2252 2237
5359 2082
4082 1514
6905 2740
7389 4041
4961 6761
5330 4132
1664 4332
5837 2620
3943 2651
4772 2605
3019 2663
4645 1834
7119 2656
6520 2597
3186 2594
4131 6468
726 4124
2918 1637
2540 2157
6493 6671
2057 6949
3260 2108
2463 1053
554 63
525 525
6414 7103
5326 4174
7050 2079
5811 6113
40 2686
3118 6717
1354 5681
4916 7265
474 4461
1437 7440
260 2730
2674 421
252 3941
6047 4255
1309 376
84 5995
5520 5434
207 2469
4314 2696
951 14
244 5179
1966 1966
2265 1438
2874 2114
367 2141
108 4317
6797 6995
6186 5209
3952 3952
4225 4225
5511 5361
2000 2046
6973 7302
4386 5183
4076 1487
5794 2781
5395 7162
5676 5564
1429 4133
10 2267
4493 4705
4197 4230
1509 4120
5152 4213
1541 2089
3966 1092
4407 6732
1253 6409
2790 6286
2108 2179
5830 1660
4685 2118
2314 7004
3474 7136
3908 3908
2812 5385
3624 6710
7068 6284
644 2761
3857 539
2283 6835
5306 5770
70 253
3672 252
7402 3980
5270 2152
2926 5048
1853 2193
2773 1096
7291 7183
1710 3855
7081 489
623 5185
436 5842
1529 1529
6608 5751
2859 1552
3896 3424
1748 6665
511 2168
5573 6264
3212 1870
3675 1883
6010 6131
5386 1553
5431 2830
5688 2826
3542 2831
4951 2829
683 2828
5051 6735
5539 7209
5320 1592
1797 5432
3475 1536
4260 505
1105 1546
2555 5823
1493 6832
4207 1557
3309 7041
622 7022
3803 4387
5795 2785
6529 7338
7149 1917
1470 3562
6749 6715
5641 6422
4618 4618
4767 7018
3245 6098
5262 4190
896 6765
6882 5138
510 510
5120 7166
2028 7272
7121 1538
2042 7419
2049 2058
5513 1795
7133 1726
1268 2278
4656 2258
6363 1058
953 1900
785 1939
1427 1896
537 1854
3817 1816
76 1908
3412 6124
7112 1942
4544 1911
7329 1940
1924 1869
6535 1850
7018 1924
1784 1784
4417 1933
6695 1812
381 2032
4569 6262
155 2068
2928 1947
1519 2386
596 39
227 2290
4644 3222
3988 5040
672 1564
426 4114
1674 1674
2466 7102
4274 5256
1128 6371
617 5257
6199 6212
4267 1692
2269 2269
4848 2001
336 504
6845 5287
5563 7300
6584 402
1036 5286
1995 1973
4646 6464
1893 1893
4321 1787
137 2004
2723 7218
6723 1866
4404 1930
4944 1647
4664 6796
411 6145
3283 3913
6771 2195
3236 1648
1398 1766
5844 6746
712 3225
5137 2140
7400 7317
548 5820
4137 1494
7281 6993
2621 5839
2956 2228
1750 1792
247 5785
5716 7464
915 6613
2712 1062
1432 1087
6398 3882
5181 6095
891 7434
6571 7082
5764 6467
6034 5316
4100 5167
6358 5923
1471 5828
2109 6994
6321 5953
5116 5171
342 5700
98 6472
1842 1658
7231 2715
1447 1447
6298 4243
6459 5440
2106 2106
6148 6956
1245 4996
5418 5719
947 4991
2856 5325
6149 5321
3523 4974
5039 4938
4090 4961
1238 5326
3928 5419
4046 6790
2806 2806
2180 7305
7235 2779
3605 2784
3357 3224
1086 1704
38 1734
5710 2774
1891 5639
7448 6304
388 566
2007 2064
573 3880
2081 547
2044 1565
1965 1636
3325 5277
7096 6452
3155 4471
1925 5132
3771 2297
3210 1670
6340 4276
3764 6696
1760 7423
830 3234
1682 5478
1315 1479
4080 2043
905 4261
6755 414
4582 6474
6431 5518
3348 1635
4115 5747
4874 5713
7298 524
4744 7358
6084 6779
1236 6329
7113 5644
6473 3800
569 7354
2089 7476
7125 7214
2609 7029
850 3233
7341 5604
4986 6617
7313 4275
709 5531
6740 2684
3704 2132
7225 6877
3870 5565
632 6844
6897 6843
879 2053
3903 5986
5237 6477
4768 6842
6373 6838
4427 5835
1093 2049
5759 3251
877 6161
5518 5655
3111 6698
4385 2738
6439 7281
2111 4180
5874 6520
7244 6204
1778 7206
6603 5126
5769 6444
5655 5684
7250 7238
6693 7140
4840 6771
5774 6911
1501 6406
4863 6631
1559 5522
6452 5927
3224 5307
1998 7459
6700 2077
6844 1453
6150 1654
2640 7117
6368 2028
1287 495
6000 5689
6048 5606
2182 4475
836 5131
2282 6460
3116 6683
3805 6390
7054 6025
4063 6618
6908 5470
7227 6294
1969 7237
5248 7356
4413 4057
1355 1788
913 6374
7459 2292
1138 1653
5873 7252
1342 6454
912 6823
1566 5632
3846 3226
6627 7068
5012 6348
5952 7145
7456 7043
4287 7091
6075 6569
5998 6402
1890 5792
6936 6907
7441 2037
2560 6334
6025 5716
737 530
5739 1558
4661 7135
2882 6545
1459 6924
549 549
5713 5438
5224 4315
1769 2137
1588 5452
6456 5696
1050 1566
6919 1776
2410 3227
6569 1610
6078 2747
6635 7330
7315 2169
1617 5484
6753 2216
6779 5542
5691 6126
4029 4343
745 5405
6311 6522
6860 5236
4843 5667
7454 7500
4089 506
3045 5760
2725 3976
1234 5093
5138 5012
4564 5244
5234 5666
5622 6187
1803 1579
5047 7005
3839 6819
687 4721
7415 5114
2038 5088
1475 5213
5802 6012
5804 6825
6662 6722
413 5228
5205 7044
3158 5692
1488 5762
4058 6636
4905 7260
6558 5884
5155 6758
3961 3122
2964 3221
4701 3165
4067 3038
1941 6138
6420 5084
7222 1448
2617 7439
6 1443
7224 2372
5082 5143
2511 7446
4077 38
1020 45
764 7450
2327 6181
5845 2092
1440 2845
5890 2799
1208 3988
5315 5154
2181 5227
1297 5748
1272 5013
5038 6248
397 5310
3219 82
3998 6417
4595 5737
1382 5797
1378 2674
6725 4617
6721 6001
7367 6570
7063 7274
1063 4346
5416 5402
7311 7321
867 1994
6464 6263
4254 1493
2988 4187
5761 1567
6926 508
921 4748
950 6367
5554 1459
1912 4280
3064 6748
6642 1785
6438 7315
5221 6931
4792 6757
4935 6208
3264 5825
2763 5415
5250 3978
2322 6910
5743 5728
800 1446
452 4525
7070 5406
3933 6326
1041 5262
5084 5207
6504 5485
3730 5306
4958 5206
1489 95
3256 2087
6250 4220
6988 2763
3558 2903
6912 6112
503 81
478 69
2332 64
600 57
1476 34
7314 93
6413 24
5509 68
3555 2687
4682 22
6030 7173
5014 5301
4885 5130
4408 5780
2486 3228
7131 1789
2903 1793
1233 7392
970 7187
2453 6935
1604 6854
96 1596
6527 2689
7034 7111
3051 1450
2094 2834
7201 5158
4452 2698
7377 1080
3974 3957
4565 1582
5973 3352
3576 1655
7207 5749
5283 534
7455 5412
534 1798
5487 6604
5592 7049
2189 2749
604 6644
3304 2061
650 2022
4606 2029
7134 2019
1651 1976
5886 2021
2735 1963
143 1965
6024 1999
2406 2027
501 2044
5374 2023
443 2011
7010 5807
7317 2015
5842 1997
3018 1969
2285 2031
1636 2047
2514 6827
7332 2018
4615 2045
999 2100
1257 6339
4278 4147
5489 4335
5523 5871
1262 5049
6273 6282
204 5538
1755 7368
825 5549
2605 4292
6011 5122
1274 5458
3757 5649
6086 2727
2759 2759
6616 2764
722 6895
7139 1484
7044 7340
770 1773
698 1796
5256 1783
340 1774
648 1761
5291 1741
1796 1753
3851 2776
3643 1770
1649 6159
4755 2752
5569 2848
1910 4608
5070 2854
1248 2852
2455 2843
5125 2844
2685 6539
5226 5945
5056 6013
5180 5584
27 6934
4869 4206
6953 4349
2345 5784
3899 7215
4879 1568
3495 2847
263 1689
7179 5704
993 2682
2610 6937
7084 1811
2853 5551
3355 1791
6682 6544
7421 2691
689 1683
3833 7224
1505 1505
5955 536
4489 6571
7306 4020
4120 1613
4312 5941
6090 1700
3477 6550
6098 1661
1644 1645
844 1698
5934 1666
5055 1699
3593 1705
791 1697
4847 1605
3938 1694
5936 6542
242 5946
5277 6857
7003 1668
6466 1706
1071 6541
1360 7403
1806 1703
5571 1695
1745 5831
3239 5955
4657 5944
4912 5753
5983 5943
7483 5942
1946 6582
25 6311
5746 1903
4319 7240
5475 6507
7362 1068
3352 7287
1006 6157
6067 1904
1734 5251
484 4279
7438 6574
4915 3934
4594 5960
7177 6764
3621 6540
5750 6585
5849 6855
7135 2706
5225 7226
7331 5214
6867 2671
1188 2703
1156 4296
3737 4712
1752 262
2805 6939
3209 5530
1852 1571
6354 4224
1182 6654
2055 7290
1690 7350
427 5348
5684 7178
5611 4716
4014 2683
5729 5366
7300 6622
5538 5401
5797 1598
3141 6363
6684 6104
97 5263
4667 4295
4747 5744
920 4223
1831 1797
4985 6733
4328 5897
2449 2462
2747 2449
4763 2468
6587 2422
6485 2375
3900 5449
190 552
6375 7073
4784 5578
1453 1049
6355 5887
4070 5068
1423 2196
1132 2194
2243 5313
3970 3970
1198 7381
6829 6449
3546 379
1757 1757
276 5940
1146 1439
965 1556
5938 7352
5185 7133
5950 6266
3934 2096
5558 4121
5953 7243
3567 7101
2054 1104
788 7192
5677 1434
181 1543
2660 1544
2978 4241
6804 5038
2238 2238
6795 6129
5351 5966
2100 7195
2383 2184
2191 2189
5130 2190
4857 2191
6702 2199
2703 2187
2959 2197
225 6429
4956 2201
6217 2198
1531 2166
5053 2200
1945 2131
2984 502
1323 5798
5162 2728
715 2248
7127 5389
4290 1498
3919 6581
5455 6957
89 4442
4442 4441
6514 1044
3594 7333
2627 3232
2375 6852
279 5370
2654 2794
386 4252
6838 6856
5705 4251
6645 3923
2693 6799
5346 568
4717 569
2983 5197
1074 2756
4779 4823
6887 6043
3385 5124
1492 7038
3732 1587
6331 6990
4817 6653
1870 5376
4335 2860
4243 5561
688 2707
7132 7387
5965 6450
4229 4116
1957 5383
1259 5560
7089 6584
5023 5433
2340 4131
1621 567
1517 5192
5678 4149
3749 2778
2233 7484
6730 1043
64 3236
2291 1577
3003 6516
1169 3028
221 6213
662 6435
6646 5671
5827 7351
738 2240
6793 2217
4368 5300
3266 5152
4241 5153
6033 4337
3789 7113
4272 3245
2892 6828
1307 5574
7190 6926
2795 5245
865 562
4370 6400
5572 535
2785 5519
2264 2264
5213 6714
2675 7194
5045 6070
2099 7045
3060 5288
6183 7230
1687 7092
7184 6840
6971 6007
1194 3030
2138 2788
2912 2746
5524 6238
1210 7208
2030 2697
1242 7295
5323 5296
4718 2062
4098 2083
3178 2094
1648 2074
2104 2098
364 2069
628 2073
410 2072
1163 2104
630 3248
3296 1433
4269 1563
4052 6760
694 2273
2794 2272
5755 6573
1962 6577
3436 3026
1438 532
7278 3027
2502 5786
1973 2034
3278 7134
5384 3993
3381 6170
7180 1444
2867 2748
1999 2800
969 2787
291 2751
2743 2743
7091 2795
6129 2803
2231 6609
637 6999
5852 5633
1798 5983
3129 1672
506 4286
5052 5019
2119 3025
1055 516
4222 5846
7272 5729
2615 7322
6930 5699
1269 91
6842 6241
7016 5394
1317 3362
6362 551
4141 559
4068 553
5522 558
4472 517
2323 554
6802 519
658 533
558 542
4786 570
1917 515
553 527
3725 514
278 548
5151 5441
4617 1457
3706 5905
115 2757
4324 6100
3892 2293
6922 2266
2864 2300
4901 5682
567 7329
3909 7466
308 103
1528 7375
4756 6837
3891 1607
6896 5297
2195 2247
5580 1462
348 5369
5515 4330
6611 5342
7478 1458
1766 1105
6338 5279
3198 1912
5939 6759
1881 5857
5863 2846
3733 7072
3338 6424
4291 5248
2114 2874
3501 5795
3413 4913
7360 4907
5696 5476
3983 4236
6432 3801
3969 5018
7474 7362
4358 6543
6715 5111
286 4713
3220 5422
439 4215
2702 5635
4975 7080
6181 4643
6455 6933
1524 6650
2498 7181
3541 5985
6997 7435
7118 7025
4963 7056
2655 5925
2880 6005
7069 6576
5971 556
6388 5416
7419 6166
5871 5802
695 6421
996 5157
3911 2249
5266 2681
7496 2978
5394 6253
5585 1086
41 6397
3006 6511
4424 1077
1189 1073
6297 1081
4634 1069
1568 2710
5199 5475
2199 6169
3853 2692
1624 5799
2917 7012
2392 1499
5734 7172
6226 7436
1927 5161
3526 2254
2534 5805
1085 1085
4215 6368
3170 7064
2481 3565
6758 5241
400 1656
1486 1486
1627 3968
6189 6391
5501 4600
6104 5505
851 6533
7476 6817
194 7037
6317 7100
2991 6947
5139 7186
1270 7437
1655 6866
7012 6017
1340 6309
4125 543
4186 1084
6211 6678
5104 6820
762 5345
21 1507
955 1504
5444 1071
4004 1075
5160 1091
4119 1098
1069 1079
4960 1093
1701 1083
892 1061
3753 1082
7164 1088
5969 6504
1328 7306
2053 5081
4989 7182
5192 4609
609 5456
684 6859
312 4139
4284 5211
1392 2679
5553 2720
4372 2705
3024 2712
3290 2719
2705 2702
6513 2704
2679 2716
1767 2680
4421 2708
966 3252
6053 6579
2058 5796
3452 6003
2142 5809
6653 5800
5255 6182
4006 5806
6472 6901
5186 4329
3052 6822
3242 5151
6766 7479
6256 7199
324 6572
6017 7116
2448 6742
854 4321
2150 5381
2084 6778
7308 7365
161 5919
3484 5382
5889 3874
135 7388
3095 7456
7000 7448
4151 4151
1348 7486
691 6023
6888 5767
4323 7463
1106 1106
6699 5782
6426 5866
5442 6628
5925 5777
4361 5021
4351 4138
3343 7407
1160 5808
5665 7212
174 3238
2312 7148
6828 2208
3206 2210
586 2222
2658 5479
3013 4140
1544 4338
2493 6599
1499 5180
389 7074
6703 6702
3469 6768
5153 6700
240 6699
1023 1000
2363 1023
376 5558
3623 5755
2749 5757
7035 1595
4333 4268
2941 7472
5885 6123
5617 5634
3697 5106
1254 6826
1827 4228
5867 5873
5731 5283
5740 6310
3167 7418
6993 5282
5432 5756
3721 7378
110 6620
4277 5818
589 5697
6706 5294
6585 5771
5109 5039
1010 1570
5024 7337
1157 7344
3322 2758
3026 7254
6903 6107
3668 5882
706 7482
7071 6303
4588 5474
7411 7179
6059 7177
6237 5473
7030 7283
3856 1581
3058 1584
6289 1574
2718 1575
1581 1576
500 1580
3154 1569
5860 1559
7217 1102
3532 1100
5787 5652
3610 6903
1205 7282
1202 5168
7449 7489
799 1572
3575 6018
3369 6524
7204 5199
2491 5685
6323 6398
1879 2791
2704 3985
361 6559
2445 6556
6554 6306
3642 6591
3864 6590
6533 7251
5140 6382
451 7366
5966 7030
3214 5653
1858 5658
1187 1454
4517 1451
6498 1460
4020 1432
6094 1440
2920 1455
321 1452
4851 1431
1980 5856
3050 5468
552 5372
3607 7359
984 7046
855 6766
4853 2742
3637 5491
2767 2767
4435 5645
2315 6954
4322 1090
6579 6775
2316 4216
1982 5252
1301 1962
6996 6219
3890 1790
4889 7458
5528 1578
5989 5540
5643 7410
529 6708
2583 5001
3156 5212
391 5588
565 5822
6204 5552
387 2253
3678 2251
7138 2252
711 5982
5100 6270
334 6672
468 6277
6757 6217
4976 5582
6062 5892
5183 6987
7369 5978
5264 5722
3494 3247
1040 3241
4945 3231
3612 3250
6777 3235
3515 3254
1445 3230
1552 3246
968 7402
3135 6985
1672 46
4693 25
2175 5246
5204 5783
2338 6930
2966 5292
6617 6022
3022 5860
4486 7081
4350 6906
6412 5721
5853 1491
605 5520
5029 1805
271 1806
1805 1804
3568 1807
5158 5486
4359 7130
6445 6848
6487 4130
1907 5384
67 5387
5136 6096
6110 5536
4437 5242
5311 5821
3401 1064
341 6612
1472 2042
2911 5993
2955 7363
3640 4203
6983 7098
1903 6898
6708 7099
577 1756
4200 1794
289 1782
852 3936
7036 2840
6704 2713
807 7152
4698 2700
6484 6394
2875 6535
3377 2701
7185 5125
5046 6772
7427 7490
6525 6395
2408 7109
2755 1606
320 1681
6853 5526
4409 5883
1537 6762
4415 6180
7056 5811
3478 6331
3748 7382
4609 4232
6107 7498
5094 6453
1707 6074
7312 6580
1921 6583
2003 7137
2850 6340
5485 7108
164 5573
3902 6491
5337 1562
2176 6943
893 7286
1082 7470
1675 7449
5968 7083
4984 7355
5922 6601
6918 6629
3105 6215
1034 6649
3690 5295
2259 1547
1522 1524
2125 1528
4559 1522
6158 1545
960 5033
5747 2188
4735 2202
1109 2142
7322 5358
2695 6616
1235 6342
4987 6267
7192 7404
7462 7175
707 6067
236 7411
6495 6587
4946 7374
7264 5198
127 5521
2591 5848
7082 4322
4403 6691
5057 5142
6229 5886
2124 5431
1084 6709
4366 5503
259 7185
5562 7176
2487 5070
1582 4327
3203 5557
1100 5562
3387 7184
7115 7442
654 4710
2443 7225
3106 7271
808 6455
5297 6841
981 6952
6343 5435
4653 5075
2018 6148
7099 6451
5881 7104
2887 5934
2862 1801
1802 1802
447 5769
6073 6308
1121 7084
7117 6393
2506 6222
2047 6548
2976 5548
6914 6919
2275 7465
4164 2793
6731 2750
1919 2768
3507 2807
1147 2741
1944 2805
857 2745
3761 5016
5709 5317
2270 6529
1411 5567
2949 6514
7038 7147
3625 7467
6392 6361
3472 520
3114 538
1266 537
564 555
720 545
2095 563
5470 564
2774 507
3552 561
2467 565
3202 512
1611 5330
3388 5318
3819 6515
2257 2291
5462 2257
2170 6369
4144 6634
631 6495
7424 6615
7014 7335
5440 5877
6232 5556
6345 5754
6007 5861
2136 5379
4962 6701
43 6803
6748 5357
4496 6948
2419 7053
5422 5495
7104 5571
5019 6998
5557 5334
6850 6075
6480 6578
740 3979
4913 5853
942 7383
6511 6646
4593 3992
4007 6546
922 1800
3821 6305
2087 5804
6742 5146
700 7052
5697 7460
1500 6786
6315 6144
1065 6388
6546 6167
4892 1506
5923 1097
7292 1056
1451 1057
4107 1046
6274 6276
5857 5879
7143 6185
3267 6882
3284 5340
437 7473
293 6344
6109 4118
2709 2714
6188 2721
7032 2694
768 2718
5163 2709
6670 2670
444 2711
1250 6851
4900 2717
5846 5498
6847 6619
5541 7364
3638 6183
5893 5801
6399 7257
6023 6804
7442 7026
5616 5776
2596 4245
2982 7361
7252 5858
6132 5079
433 5967
4338 6575
1667 5746
1089 7204
6578 4601
7408 6950
1983 4323
3765 5881
1889 4611
5005 5314
5483 6703
5265 7301
5766 7345
3065 4136
6287 5824
6046 5461
5103 5477
669 6269
633 6431
5725 6874
1521 6427
4390 5566
3572 5136
1424 1583
198 7454
5228 5429
2336 5497
5760 5293
3774 6338
6588 1103
5591 1435
645 1461
3371 6681
3085 6873
2185 5148
834 5140
6259 6743
2542 4610
5238 6008
1620 5118
1997 7015
2804 7036
2708 6850
3062 6942
5992 7499
4173 6335
2553 6052
6105 6158
363 2246
5776 5559
649 6259
5514 3989
7228 7151
1857 6821
769 3255
223 3253
3255 3249
7498 6035
6018 7028
4862 5110
7183 4619
1197 5250
4183 6317
727 4122
6500 6988
5216 7153
1115 4247
6295 6211
6503 6251
1407 6904
2594 5948
2148 6756
6689 3994
3248 4347
1206 5374
6691 6586
6658 6037
5984 7239
2472 7229
7489 4615
66 6611
2328 5589
3591 4126
5673 5278
4886 5921
4500 5378
3865 5377
1720 4606
5313 5386
2134 6163
6933 6403
5078 6744
5753 5463
1968 5259
4798 6595
3786 6536
7425 6289
2173 7115
4118 7065
4003 6006
1043 7399
73 5587
3493 7318
5203 6054
6294 5055
5106 5054
5812 6500
5836 5547
6565 5117
3454 5631
4787 6192
1538 3271
2083 4248
4528 7008
3560 5849
5407 6250
958 7096
1038 7373
1764 7232
2402 7002
6230 5344
4451 5605
5215 6118
3951 6039
3945 7207
5531 6034
3005 7154
3457 6493
5835 5872
154 6142
7205 6207
5174 5814
4192 6564
1014 7205
4796 7095
2037 5182
7269 5237
4568 7164
4146 5424
5700 6456
5008 6093
5699 6815
6818 6186
3559 5065
285 5864
2777 5577
2358 5043
6477 5450
4677 5064
5246 7088
3880 5898
5463 5569
2147 5576
4877 5303
378 5272
3347 7332
3159 5865
1480 5349
2586 4973
7220 5063
5127 6801
3074 5037
3078 5042
2680 6492
2604 7087
6184 5020
6313 4954
2854 6392
4725 5204
5354 5255
2937 6887
6276 5174
2921 5173
3916 5324
6998 5496
29 5706
3286 5926
5290 5137
2781 5217
6552 5046
103 5270
7001 7453
3132 6640
2952 5232
7156 7480
7188 5274
1300 5315
3992 5482
4363 5338
4208 5029
986 5508
2572 5067
3497 7078
1942 5391
4400 5466
3564 5099
1011 5988
4710 6160
828 6670
385 5390
927 6668
6566 5056
2577 6537
2401 5913
7472 5073
5718 5693
3740 6220
1067 6802
4926 5758
6515 6136
5368 6020
2267 5032
1389 5031
1130 5938
5838 5229
212 7349
3912 5011
3990 5657
6146 5003
6089 7163
629 6917
7286 6651
6174 5596
3711 5492
2620 7455
4013 7400
6934 7035
7433 5852
6085 5854
6335 5002
521 5928
3262 6150
5782 7106
377 5654
5728 7401
6776 6325
3628 7014
1975 5181
3160 6951
2897 6173
4990 7241
50 5511
1247 5896
837 5388
6899 5514
6425 5845
5708 5058
1606 6752
6966 6191
5575 7079
5703 5662
1639 5915
3221 5193
1363 5194
4649 7339
1015 5057
2635 5134
6872 5847
8 5004
5385 5723
4523 6137
6522 5650
7049 5247
5365 3839
5420 5781
3438 5175
1232 6343
1823 6751
1759 5539
6821 5026
774 5087
1549 5264
329 5135
4019 5546
1508 6694
6435 7496
1258 6518
3109 6252
4012 6177
5161 3443
5035 5034
3701 5664
2651 5464
6386 5423
231 5914
6619 6953
2765 5651
3147 5592
7440 5362
2040 5832
1724 5957
4381 6404
5636 5740
3331 6711
4782 6534
2143 5493
6064 5059
4121 5060
4933 5302
6253 7314
4596 5725
7232 6811
3871 6755
6135 7288
6052 6140
2306 5014
6935 6767
2162 6134
1026 5265
6161 5676
6868 5436
7347 6260
107 5480
4443 7406
5232 6695
7021 6261
1772 6734
5061 5663
1534 6864
112 7193
2405 5417
5468 7016
6071 6319
5624 6519
3967 6753
5417 5022
7394 7371
3392 5543
4430 5900
2188 5047
4301 6899
4555 7067
532 7227
218 5963
3665 5375
4214 6688
6951 5407
7481 5077
3965 5665
3166 5680
3225 6684
1923 7201
7208 6869
5443 5076
2589 5104
2320 5550
1607 5534
6187 5267
5586 5231
2898 5007
4917 5608
6819 5006
2779 4532
4231 5855
3328 7071
5223 5954
4940 5341
1661 5525
2808 5601
713 6439
4204 5603
1048 5107
4445 5590
1228 6379
1658 6407
4026 5311
130 5507
6415 5979
2968 6549
6540 6197
6650 5120
4444 5939
3117 5643
2803 5575
4102 6607
832 5225
4822 5249
471 5365
1141 5005
6823 5078
232 6069
6101 7370
744 5195
961 5595
2216 6932
4639 7150
6182 7062
4236 5147
7271 5009
7333 5187
2451 6179
5288 7019
6839 7085
6004 6656
7486 5834
2444 6658
5625 7307
956 6706
6095 5339
3181 5532
31 5950
2760 6996
777 5572
6668 4345
3188 7146
4716 6478
5362 5640
4001 6206
7444 5052
3180 6754
379 5102
5935 5778
267 5779
7416 6162
5370 5602
7255 5833
7361 5380
2460 5343
4230 6401
618 6661
7242 5028
145 6117
253 6189
4728 6337
2588 5128
2531 5127
6430 6918
4329 6205
7359 6243
5695 5113
4539 5112
3885 5266
5170 5139
4746 5121
4457 5642
1545 6594
372 7198
4867 7412
3162 5008
4365 7369
5991 6072
6169 5050
6761 5268
1350 6040
4175 6712
6526 7020
6506 7348
1726 5101
4454 6816
5294 7495
7161 7058
3042 5726
6948 6565
5112 6509
6451 6513
26 7231
2999 5512
3324 5145
2110 6908
6316 7089
1126 5636
2039 6281
3077 5761
62 6245
4537 5027
4027 5494
3128 5675
6743 6434
6337 7188
6536 6143
3884 5403
5011 6750
6726 7468
5129 6992
5259 6114
2809 7156
5741 6414
5347 5215
7467 7353
2997 6860
2634 5715
2731 7474
2573 6730
15 5935
3253 6079
3995 6635
3759 6041
353 7213
5434 6922
7203 6991
1904 6440
6144 6312
6990 6659
445 5233
3023 5097
1895 6036
171 6328
583 5053
5096 6352
2068 5971
7007 5987
4465 5537
6404 4602
4807 5015
1699 7485
886 5329
2263 5600
6309 6829
1333 6686
7277 7491
2102 6501
6301 6038
3451 5992
2390 6295
1108 7057
6760 6915
4355 6638
3837 7242
3189 5743
1229 5116
3450 5392
2135 6174
3649 5874
5773 5924
4598 7086
4289 5885
1949 5876
7266 6560
5059 5594
6037 5155
3907 6652
3595 4119
2981 5513
885 5105
4106 6731
4349 7118
2016 5686
3889 5216
4601 5502
44 7190
7381 5687
1131 5393
265 6265
4883 5688
819 6021
5258 6076
5230 5100
847 5356
206 5051
6371 5570
2223 6807
5322 5568
3000 5160
5854 7331
7111 7054
667 6639
2525 6288
7371 5305
6895 5878
6091 5875
4586 5426
2738 4342
1684 6078
301 6178
6778 7010
520 5427
2798 5371
119 5989
4099 5428
170 5425
6977 5829
3490 5420
6139 6610
5607 5501
3858 5555
3645 6596
3424 6323
6984 7304
1862 5086
5574 5071
6228 7289
5363 6849
6039 7469
7194 6345
1337 6566
6261 6218
6159 5080
395 7191
7086 5999
5427 5533
2643 7389
7061 5527
4553 6704
4195 7360
5021 5517
5579 5922
876 5072
3375 5276
1075 6880
6885 7487
1391 6065
1871 7233
814 6060
4270 5275
2667 6063
2877 6149
5663 6297
1677 6059
4196 5583
6152 5221
3842 6061
3124 5791
1800 5220
1200 5273
4936 6064
7354 7077
5690 5036
6119 6385
1387 5516
5593 6370
3658 7228
6530 5218
6171 5222
6350 6165
2582 7273
4247 5724
5858 6538
4075 6354
464 6053
714 7342
6820 5868
6275 7413
2439 7220
1756 6499
5340 7060
3272 6381
5049 6296
2565 6116
5360 5457
4147 5902
95 6249
3566 5586
3258 7291
3780 5720
7471 7390
2349 6625
990 5017
5260 6624
1047 5284
2023 5035
6270 6558
6634 5328
3273 6221
2417 5010
4688 7493
3712 7457
1700 5023
4871 5030
2420 5074
3551 7416
5124 5082
3237 5092
4694 5098
2422 5103
3729 5108
6406 5109
4223 5115
187 7405
5876 5119
185 7386
2865 7385
3799 5129
6410 5133
6411 5149
7290 5156
5108 7319
5895 5164
5037 7293
2465 5165
971 5166
1353 7216
504 5186
979 5219
2107 5223
2220 7180
5400 7174
6417 5224
5931 5234
2389 7155
2894 5235
7325 5243
2501 5258
3810 5260
2009 7090
6501 7066
5033 7063
2842 5269
1824 5271
4908 5280
3063 7061
3417 6945
2509 5281
2206 6929
3703 6927
5458 5289
518 5304
6551 5335
2529 5336
810 6925
233 5337
1021 5395
5031 6923
5810 6920
113 6902
6999 5396
3415 6897
3820 5397
2556 5398
6560 5399
6652 5400
5536 5454
2569 5455
5028 6862
2351 6824
797 6818
5537 5460
6681 6809
2908 5515
4176 5541
2590 5563
5065 5593
795 6749
5722 5627
1052 5628
3465 5629
7398 5630
6970 6682
3228 6677
4759 5637
2744 6669
7401 5646
2810 6664
2598 5775
546 5813
6767 5817
2067 5840
6768 5851
3695 6663
6043 5862
3608 5947
3172 6641
741 5951
6447 5952
68 6626
2742 6608
6055 5965
5604 6606
1955 6605
4775 5977
2113 6004
1077 6014
2153 6603
1214 6602
6234 6600
3746 6567
3500 6557
4973 6016
5240 6055
6227 6551
5016 6484
7446 6056
3613 6062
563 6066
873 6081
3315 6480
6460 6152
613 6470
3863 6457
2141 6433
4788 6176
28 6389
7041 6387
1938 6380
4789 6195
4402 6373
6462 6196
6126 6210
6596 6216
4996 6237
1899 6246
4803 6364
7174 6353
7031 6341
272 6247
4794 6274
757 6307
3772 6332
3483 6322
