407 120
3103 706
5261 813
4858 757
6594 832
3636 596
420 784
1837 829
249 754
5379 584
4362 837
724 724
7172 641
6444 835
2092 844
3435 707
2268 774
2688 896
359 654
903 903
2775 688
1019 775
597 597
6138 840
2339 886
1793 776
432 842
2184 831
3382 870
7253 816
610 912
725 827
4509 785
843 843
1321 780
277 652
3784 591
4950 830
6377 809
7273 668
853 645
841 841
948 948
7011 798
3040 803
1811 915
4034 800
5532 708
349 745
2947 955
1834 914
786 786
193 681
2228 767
985 704
2944 940
5917 819
5521 950
3681 972
6380 573
6433 653
778 946
7176 675
2942 755
6395 733
4288 601
6602 838
3994 834
2789 883
2226 795
652 873
5897 839
901 901
2433 634
2071 655
1776 951
5656 790
2133 587
6329 646
450 801
4629 739
4393 885
964 964
5512 956
6206 918
6612 673
2962 658
39 777
1867 857
195 891
3059 678
6661 900
264 778
3360 952
3419 709
4571 877
460 672
926 804
5408 822
4732 902
2202 806
6781 598
3423 954
1244 572
5437 845
6796 726
2129 968
2158 783
2157 736
1693 574
4895 590
5788 979
4540 833
176 176
1294 811
6735 600
3259 963
3431 603
6429 961
2397 599
6357 859
749 749
787 787
6783 788
1054 612
2518 769
660 759
5280 893
938 906
1338 703
6709 789
1550 660
3389 799
2415 639
1953 779
2297 876
4923 694
401 971
665 665
7251 910
1291 878
5850 879
976 976
229 836
1003 751
2649 613
4423 614
1334 967
4163 764
4872 746
2496 818
677 677
2307 578
1789 861
5410 810
1215 854
4250 720
2430 982
2558 938
5959 723
4536 966
404 908
4575 747
1454 808
5058 659
6900 622
1854 895
5447 986
592 793
2740 701
3442 693
5529 812
5868 586
2544 949
1441 919
3088 752
216 610
7105 686
608 608
4760 863
5339 627
6528 875
6442 872
1979 881
6240 666
6458 687
5907 977
6001 856
1967 851
6419 924
989 989
2295 805
419 679
6475 962
593 593
1452 904
3318 792
3599 710
640 648
5851 880
6342 621
4152 768
3365 662
6246 676
3600 898
1009 623
322 667
5154 817
5473 855
561 882
3524 735
3814 674
1706 684
7270 124
997 997
4156 970
7043 871
7218 664
30 588
3115 661
7163 615
2347 984
4672 960
2452 995
3578 958
4508 607
1729 936
4974 862
2348 807
824 824
2163 770
2935 592
33 913
977 988
6774 969
758 758
7328 985
699 699
6916 737
2020 670
6249 999
7319 692
752 947
1525 848
3479 874
702 702
6856 393
5423 820
6688 928
4018 922
4573 815
3574 732
7282 965
6840 923
5376 680
3402 791
7079 624
3979 656
2237 927
3380 911
2838 748
5166 929
4169 691
5680 941
6904 727
580 580
1774 866
6097 617
6580 725
6066 853
5286 782
1761 847
846 577
5391 4014
2669 698
5471 953
4224 821
5358 865
123 932
5334 849
870 638
6834 625
5081 945
1400 925
1467 711
3427 756
3830 905
1057 734
657 657
7390 714
6278 722
7002 609
833 689
3476 700
5077 2907
659 9
2325 897
803 581
1723 933
1864 937
2852 858
3441 998
3948 846
4726 4726
3935 867
1249 909
3461 619
295 926
7146 695
1749 934
6125 696
4087 4488
6156 214
1324 766
4591 728
973 973
2381 682
6334 868
4551 860
144 144
5817 4421
3898 718
796 796
5565 828
1875 781
4898 248
1066 959
647 647
3661 616
1775 773
5207 894
899 899
7167 907
6835 604
5022 4849
6967 4799
7387 643
2607 2891
7173 4352
1670 4812
5765 760
4580 741
4678 351
1695 3508
6081 825
2522 957
750 750
6251 3960
6607 4455
3996 3996
270 978
3021 892
6242 3534
7443 4359
2888 2888
5796 2608
459 583
4093 697
2724 6962
1468 4027
2866 887
897 2654
6548 794
5086 713
3738 161
3485 3485
1101 636
7206 761
1839 4222
543 762
595 595
4700 6982
6070 3470
6014 106
1539 618
6932 4850
3403 4725
188 6973
5413 3464
1166 370
314 4732
3232 3469
4819 4819
2144 4722
3269 3465
6968 6983
2230 4753
916 2944
3511 3511
6800 3478
5409 3468
6659 364
4316 3495
3879 2599
2461 2880
2253 3522
4972 4737
5284 3479
4522 3472
1829 3514
186 3475
7004 4727
5986 3484
3098 2890
1594 2889
7380 3476
494 4237
6080 2301
1362 3500
2816 3491
6306 4452
2160 4756
3414 3477
2194 4764
5067 3482
3713 3551
2929 2570
6151 3494
6006 2359
5099 3483
7316 3496
414 4794
369 369
5128 4724
6019 2883
446 2887
3204 352
1939 3550
2061 4723
52 3490
4256 3474
3976 3546
3378 3544
866 2640
6559 4808
6711 2885
3036 2643
581 3549
1479 4498
4675 3545
2459 2323
3208 4549
6739 142
4206 3548
693 6997
1421 315
4577 4870
6923 3481
20 4440
5414 4738
2421 4729
6921 3480
3473 3473
4038 4487
7466 4579
2080 4761
1703 2564
1376 4741
3651 4497
6737 2478
779 2882
6666 3417
6524 3497
2318 4550
3554 4800
935 2893
3134 4456
1276 4479
3054 4751
480 4504
7211 4874
4897 6047
5435 4558
717 2909
5668 4506
5679 4476
7473 4505
5239 2896
1637 2918
5542 6968
1482 2916
6492 4731
2628 4512
7480 2650
2255 4795
5780 4802
5083 4502
5429 2894
3191 2884
304 4477
747 4816
7288 3416
3897 4509
5535 4489
5626 4486
1770 4811
6400 2895
5551 4496
3674 4810
214 4788
3164 4264
4459 2363
1216 6976
601 4817
6478 4565
4205 4814
6836 4861
3598 3499
1347 4851
4561 4561
205 4743
6683 3528
5654 3130
5629 4733
251 4508
5564 4364
4736 2506
5451 921
574 3531
3800 4483
6428 4351
6185 992
5461 3098
6732 4939
5666 4912
5318 2636
6734 4557
4094 98
3616 162
4501 3524
7335 4481
3192 4511
6561 4485
2391 4818
4491 4513
3330 2321
3609 4490
2078 6984
6890 4535
3294 705
3104 994
6917 6967
5771 4803
4079 606
4103 3498
1457 3523
3082 3434
241 6975
2843 7462
1735 3493
3510 3520
773 4360
3169 3516
5758 4403
943 2353
7451 4852
5763 7313
5974 2948
3840 2655
6669 772
5490 3423
2168 4854
3655 4484
4009 3541
2545 3414
3525 3525
7141 7270
5105 4492
602 651
6831 4392
7087 307
2025 4841
472 4375
2036 4840
5190 823
7469 669
7058 4571
4680 4560
1203 4806
5634 6048
3925 7461
2652 2924
1135 4495
1345 4899
422 4796
3537 3537
2684 4447
4377 4719
4450 4493
1878 368
4866 4023
995 2307
2365 189
1364 2925
2946 7312
1583 4772
4216 4374
4233 3370
4085 4399
4663 987
2644 2326
2592 3152
4498 2310
3801 366
7150 4793
32 4494
7464 4507
5737 4755
5560 589
1231 4736
5273 642
6657 582
4212 7447
3707 4759
7095 3885
3468 3536
6570 2348
2186 797
3650 4462
6960 4896
4813 4813
3553 2486
3684 2362
6894 4730
1434 6302
4124 224
3944 2523
7147 256
2630 463
661 2522
6595 4801
3097 3097
3434 3147
3804 4774
663 2565
3349 2350
157 4369
4419 4419
6549 2534
767 981
7040 4404
6283 4482
326 3492
3190 6229
6054 4760
23 6980
4655 649
4642 283
6754 2557
6956 4807
5588 4867
6911 4767
7450 4510
6465 3547
2847 2945
2606 712
771 771
6421 3422
5415 602
4182 7292
1005 2553
6293 2917
7114 888
6257 802
1859 3095
721 721
2707 605
6714 644
4947 729
7077 230
4982 850
2380 852
505 869
2384 629
2070 5736
6811 4079
5194 6965
3942 367
4292 3068
4167 611
2827 3527
1094 4734
4411 4411
755 4373
2002 2954
5909 4728
2334 3270
2905 2569
440 4763
6756 637
5345 3121
642 4740
1940 2575
5856 2329
5685 6555
328 3533
1591 2653
5900 273
1164 4881
6137 4569
3508 3125
615 3111
941 2552
1792 4308
3844 4401
5975 2908
2169 4773
6041 4418
3855 1148
4623 4545
4188 3112
3843 3044
3680 2311
2495 2495
1129 5523
1788 2313
4739 4739
2432 585
6285 3489
4818 4749
3710 2886
5372 3123
1195 2496
3953 5698
106 4798
5637 2628
1989 3126
7062 4699
4275 6523
3991 3081
1367 2497
3293 2503
5165 4804
578 4480
2993 298
5902 2473
730 730
3782 4384
1679 454
1527 2539
4296 2476
4836 2590
4711 97
7318 4046
1113 4422
2822 996
7029 4518
6205 744
719 719
2741 2308
5003 4211
1173 2578
4699 3175
5896 2923
704 620
3664 993
655 890
1186 3084
2062 2521
3718 231
5381 356
2360 4026
3030 4395
1913 2333
5321 6231
1028 4789
6987 4357
6192 6978
238 3505
2829 2892
3874 3935
4040 2555
302 2304
1241 4406
3597 4872
283 3401
7432 4552
2404 358
6553 4354
1572 291
167 2919
6385 4797
3829 357
280 338
2737 3395
6854 4567
1612 267
3257 4521
4456 353
1312 354
1741 3396
2427 3260
5883 3402
6510 345
3548 349
4730 3343
5474 2472
1498 342
2369 3592
7287 347
3127 335
2475 3333
1785 430
2757 355
1821 1147
333 333
1212 318
2948 327
1841 428
3556 3556
203 334
1838 317
884 348
4364 427
5597 1236
3066 331
2818 343
1344 1196
3972 3595
6738 360
3866 359
6628 3398
4428 3364
1464 3345
7495 3768
502 3366
2665 3382
93 3284
7426 3788
7284 3449
6260 3259
3630 395
1668 304
3635 3635
435 435
2271 4439
3207 312
1765 3756
3832 3728
3770 3733
7196 340
5159 1187
7412 1109
6986 2349
2254 4868
81 7397
3043 464
5007 2365
5828 3331
2064 1199
2438 1150
5478 299
4092 462
2539 337
3420 4875
627 2328
842 465
111 4836
6116 3701
168 3322
7078 309
6784 3186
5460 2535
2815 329
3177 2505
2435 3063
556 276
2470 113
4416 7234
7265 3466
6026 4385
4453 6461
3384 361
1227 2318
352 4555
3131 4583
6881 466
5220 469
2029 470
7240 4790
972 4892
6817 4503
6879 4478
7463 3367
1738 2953
1426 6959
3726 1132
2508 468
572 1244
944 170
3963 1321
5704 1246
7388 1322
3561 1233
1114 1307
4942 1360
4504 1231
3648 1302
4666 1211
571 1256
2677 1156
6488 1232
1125 472
6865 1343
2474 1344
4620 1345
6436 1234
6974 1247
4890 194
3226 1350
4101 471
5506 197
6209 1130
1822 1361
1595 3113
1381 4534
431 1323
2734 319
6947 4468
1218 1218
5025 2602
1771 3138
522 2320
5198 4771
6508 2347
6643 2343
6210 3513
7293 576
4837 339
2510 3488
6198 4582
4530 3542
2904 2352
6728 6863
4532 2558
6482 4592
6613 6227
4805 4424
292 690
1112 4028
4380 3790
3069 3471
6175 453
2835 2835
7197 683
1542 2583
3977 2334
5940 3467
5508 1318
3144 3144
142 2998
6461 1163
2482 2482
482 3150
4426 930
2072 3059
6615 3124
638 2596
6898 3077
4477 3591
3486 944
5785 3593
4053 3903
6308 433
7123 3961
5043 3143
1494 3129
550 2556
4487 3868
2961 3181
7129 3155
7093 3048
6271 3757
4749 2357
1814 4516
5285 3151
4778 2930
6113 365
7302 4389
4552 4839
7372 4363
354 4904
1080 7144
1650 4752
4668 3651
4922 4922
5547 4457
3742 3742
5075 3765
3287 2956
5317 4274
330 330
6074 3325
2985 1107
2889 1198
5861 396
179 223
2469 4239
5377 663
5543 917
1025 633
5908 632
2890 3725
2069 943
2272 942
4047 4438
5596 429
1932 3127
5762 3336
6830 2646
5649 717
6574 311
6208 3394
4691 336
4752 814
4155 4554
3317 3586
1225 575
1162 650
3009 635
4795 939
4478 742
680 279
731 731
3339 630
3659 4768
6233 571
5689 920
4436 594
994 763
576 991
3145 931
1122 740
1577 974
772 884
1170 990
1659 935
5009 975
751 889
2227 980
6866 4964
2833 6046
7109 285
7375 4859
4556 3397
7267 3365
159 440
6372 133
3049 1124
4519 5465
1171 1171
2026 1516
1336 1216
3509 3332
931 1149
6943 3335
148 3358
7053 4531
2266 1400
2050 5609
2091 3419
6644 2941
1562 3321
4971 4465
5271 6232
481 6808
1888 1125
1673 300
4712 289
7074 2314
3173 1162
424 2364
1696 6092
3563 4260
3763 6028
1929 5597
6449 7396
6945 4791
5402 2480
455 148
3918 6320
2860 3404
1645 2580
2546 2546
5620 4971
2967 6971
2242 3154
776 715
2721 324
5000 3770
3313 4848
2309 4069
5289 4853
3090 4577
3133 3431
3229 6485
2301 2600
191 631
3449 2483
540 1140
4820 6235
2484 2484
4766 2566
3838 6961
6824 3984
7482 2327
1589 2544
2205 3647
4024 2642
5212 3602
54 3445
3361 1111
1299 4382
3573 3573
5122 4562
6961 3786
801 4963
1436 6981
3407 4758
1161 4920
3676 3625
4193 3515
4251 4742
5278 3767
184 2922
5493 2928
262 3348
4648 4735
7436 1195
6427 3628
3001 3526
116 3361
708 4757
1971 716
978 3204
1416 2338
2768 432
5610 2951
2485 2485
1358 2520
469 3530
7247 1249
6556 436
1327 322
1812 2927
1960 3975
1004 419
6841 372
4105 1127
7349 6200
3093 765
5627 3898
527 431
5253 3902
5516 2342
2710 3559
1076 579
5576 3376
7009 6562
1758 6713
476 6680
5618 3596
4495 3512
4405 2502
2192 3430
2093 3915
1914 4500
3937 6172
4909 301
2681 2146
6980 143
1058 3724
3370 2378
7039 3873
3015 6960
7477 3752
5584 4575
2222 3674
675 4386
5920 4860
1409 4944
6863 3435
492 1143
4479 4415
3072 4412
2326 6031
7392 1131
5383 1167
2480 4472
1719 2635
1861 3296
425 1159
4845 4410
3276 4420
2167 2167
4723 7248
1352 3599
5601 3420
5305 325
1828 328
1884 2149
2276 270
5388 341
4964 1213
4414 2507
4994 4994
72 3570
6332 1186
2304 3727
4762 3139
2015 1192
4521 1191
4611 2369
1937 3706
4133 7395
4643 1117
2931 2931
4825 6122
6124 1136
4122 2926
5598 6532
6846 439
3626 4548
3828 4926
4005 6413
1518 1518
1916 6963
7126 404
5308 3746
686 3600
7092 5410
4514 4514
827 4593
7238 297
5789 4890
13 3594
3739 2568
5072 1116
620 2531
4515 4515
5314 2610
4114 1182
2052 3306
3848 426
4737 438
3735 3735
2975 209
3715 1287
1346 3069
1351 4720
5847 1169
362 3995
4499 3287
1570 3128
2476 4379
5754 3929
1739 1165
4636 2501
344 2603
149 2545
3200 5352
4148 282
6330 3312
5494 4365
7168 4718
6564 2613
128 6254
1450 3574
1185 1185
6497 3288
3311 3311
1593 3297
3285 3285
5870 3316
197 3290
5118 3305
4811 3294
4061 3317
3877 3292
3319 3314
1083 3304
6630 3286
417 3313
863 3289
3471 3293
6136 3987
1609 3301
3777 3298
1196 3295
86 3291
6857 3315
5002 3299
2736 3303
3300 3300
1993 6378
5833 4540
3252 3310
6537 3319
3197 3318
859 3302
5353 3517
4832 3739
5088 6029
4670 3309
6468 321
6889 1316
7219 313
6324 3609
2440 302
1898 1289
269 269
3543 1123
7376 1204
3176 4765
1207 1207
5738 4393
2066 6690
6326 3747
5235 15
1415 127
46 3933
6786 1173
6808 1108
7057 1320
4808 1826
6716 3773
1669 4536
2551 2551
2082 6365
2212 3280
4579 3904
6096 2312
4473 4473
4492 6349
4865 4367
3639 3149
7162 1201
4526 4570
5658 3569
6376 2356
4943 493
284 284
929 4965
2687 1217
2714 3842
1866 1189
4543 4543
3962 2533
6440 405
1849 3567
555 1286
6155 1190
3102 406
1012 3608
75 3400
5964 394
6142 7421
2128 3685
3841 3841
2278 1193
408 408
2580 3845
3292 3709
975 314
3693 3844
34 1519
6172 3818
1118 2965
6720 476
3 3843
4494 3863
6212 3849
7320 3808
6516 3837
105 105
199 409
4369 3832
6248 3815
2641 7
2913 3838
256 3864
4810 3911
2645 3810
495 3850
479 479
3466 3847
2932 3883
739 3013
2535 478
7409 3560
3954 413
3694 3835
6401 3718
303 3566
5661 2412
7334 3330
5556 3792
7100 2376
7404 477
365 485
4729 2421
5445 482
3571 2434
6827 484
6241 2433
2631 2380
4572 2390
1060 2440
860 118
3653 481
2382 2382
6736 290
230 2403
895 2444
4213 2431
2019 2423
5791 2430
696 2443
3029 2457
5735 2381
483 483
3881 2453
4010 2456
6359 2465
7226 2396
1410 2420
5191 2466
932 2416
316 316
3984 3388
139 2436
3254 2432
3647 2408
3335 480
7128 3774
2585 2460
1092 2384
4000 2409
4309 2429
1267 3341
1571 4454
6042 2479
3582 3582
7368 2388
80 2391
4211 3775
2217 4077
2548 3553
1070 5968
3679 6675
1261 2493
3374 3648
2980 4754
1056 418
7345 4766
3956 4909
4550 3777
2656 3763
4244 6687
849 2582
7239 2634
3971 3535
5996 6879
4635 2524
6328 3411
7366 3459
1996 4436
2786 5506
5446 2548
2234 4397
2105 2458
4826 2379
3334 3334
6965 2920
2814 3011
4713 4428
4743 6091
6130 4402
6992 3146
3235 2624
2646 4879
5839 3344
4576 4921
182 4883
5903 4400
5825 1206
1419 6972
3268 3268
3950 3463
371 3415
2286 3568
1449 3766
141 6083
3243 4084
6088 1158
802 3632
4475 293
1435 5733
1704 407
4750 3712
3044 4568
7324 4645
6389 424
4687 114
5089 6027
5430 3324
4525 3389
1579 3949
5328 1200
909 2383
1931 4626
4761 3825
4929 4340
4432 4678
5644 2915
7365 5499
4955 1284
5778 4007
1444 278
12 3805
512 4644
5928 3282
3887 3887
4941 2877
5202 2518
3073 3862
4624 4624
1090 4648
4399 4083
6600 4650
4980 2876
4533 4085
2566 1183
3936 4646
5249 4658
5502 4671
3288 3452
4969 4667
3083 4660
2811 4653
4518 4071
5915 4686
5073 4070
982 3244
3240 3240
6245 4082
6479 4663
2232 4621
3602 4680
6103 4685
1728 6415
475 151
7382 7297
3809 3809
2008 4661
3265 3265
4809 4666
793 7475
4440 272
6040 292
2294 3804
2872 2872
2801 4240
875 288
1882 3977
1460 362
1016 1315
5143 4194
4542 4092
489 2970
4060 4060
4166 4166
514 3846
7254 4556
5872 4100
1702 3587
4135 3820
313 2641
5332 2325
2075 4750
3163 826
486 486
3488 3888
3886 2322
6639 6209
6909 4528
7178 4450
3130 2540
7383 1095
963 628
311 4572
3142 4573
1099 2516
5904 1235
4439 1369
6027 3711
438 344
147 2491
5187 2492
919 1309
5275 4664
685 685
156 2997
5177 5610
4191 2586
2063 3049
1308 4652
4806 671
2292 4701
3277 3346
3308 3308
5594 4362
3522 4254
594 6958
266 2561
3067 1224
1926 2983
3312 3359
5348 3052
4383 2418
5390 2366
516 4517
5201 2377
3405 3405
7067 3161
1246 2658
5651 250
1446 3403
2411 2411
3778 4775
4919 2341
6083 2414
760 410
2637 2637
6994 6257
3046 2618
3342 2601
6651 3879
5135 4780
1117 2996
3323 3448
2662 4655
6384 4408
1174 117
6496 3384
2977 423
3354 4986
784 3000
1503 4381
4198 2455
1176 6230
5329 5354
2799 1381
4481 1115
3940 3672
5706 2317
5997 3327
7152 138
3081 2519
7216 1758
2446 3407
2884 1168
7330 303
3781 4871
7289 2335
6057 2397
6446 332
936 3406
6910 4361
988 4923
5482 6561
2011 4383
4189 3543
2945 3741
763 7424
7060 4045
2783 7430
7435 6966
4384 2316
6416 2921
2178 2614
3905 2148
5570 2475
3775 5790
2732 2360
3233 277
2639 2639
4081 4877
4880 2441
621 4957
1397 1397
16 3529
2319 3153
2537 6725
4991 2305
4485 4977
3633 4958
3395 1408
2407 4576
5110 271
1799 2833
6196 7250
6875 4632
4859 4642
1596 4948
625 4935
18 4522
343 1809
1045 4947
4317 4945
3362 1825
1046 3601
6685 4524
5633 4967
2190 3604
5869 4959
781 305
6262 5827
2247 3176
6512 2451
4967 5661
5742 6881
5967 2401
2214 4687
949 2513
1414 6175
5449 3852
470 4820
3845 8
2516 2
3053 3053
6194 3386
4529 4529
2729 4863
2374 3156
6087 3650
2428 2428
6543 5421
258 3738
5807 111
5957 20
4123 4123
5336 208
2032 346
5087 1208
5768 6105
2248 1513
5133 3687
5582 268
6288 1135
1743 1227
6672 1810
4117 4380
705 308
146 3261
2919 6155
5623 4519
2074 4998
3825 102
6913 6223
423 129
370 2336
735 4501
789 1151
3768 7367
3741 4437
3148 3148
7422 3780
1116 3576
1504 2946
2657 2448
2017 3269
1855 3798
92 4358
746 7007
5064 1155
3663 3663
1660 4900
3767 4574
5267 3458
2166 6891
3460 3771
1580 1170
4346 1181
4210 1176
3432 3197
1155 2474
7102 4837
5781 3821
393 2952
3356 4857
639 2415
3987 2949
2611 2611
6349 3356
2215 6488
2727 1142
1507 4102
3482 2085
4505 4078
2857 3860
2711 3338
7343 4314
6701 3159
6216 6723
4331 4960
4899 4001
3184 3184
2581 1229
4844 3871
2851 2851
5373 4956
5921 2543
889 4651
5608 4009
4937 3191
6258 1021
5732 3378
4856 147
4227 226
6538 7414
5808 6721
6180 3614
6365 2055
6814 3502
2694 121
7155 135
2473 10
4815 3266
7260 7247
4968 6769
5210 3584
790 4744
2426 4086
462 3267
1688 1025
3699 1016
4824 1036
6296 1034
222 1019
545 1018
6517 1035
7175 2812
1029 1029
1694 1014
461 1032
3211 1017
2224 1015
2823 2823
7305 1022
1255 1031
1656 1008
373 1033
1032 1020
2395 1013
5993 1042
1762 1028
4742 2825
5664 1009
4640 1012
4626 3695
6153 3670
7378 2056
3305 266
4709 1004
5123 1011
3231 4746
3614 3605
3408 3501
2700 7048
1110 4711
1992 6103
7136 1202
2832 4005
2943 2315
4770 4770
2841 2942
3836 6234
6575 4649
5269 3720
6946 2404
6336 389
2996 397
4356 4356
5141 3339
1613 3872
2899 2498
4140 1209
3720 7311
290 3277
53 4539
1199 1319
5894 6256
5711 3812
3110 286
6925 3956
309 420
1439 1146
6177 1336
3353 1554
2146 4469
6710 251
467 1374
946 7409
3815 49
1532 96
1119 6913
1642 2361
674 3264
4932 3392
6605 2344
5338 3409
332 6432
2132 4553
4471 4021
7191 137
1666 4847
2387 3730
2690 2385
3398 1308
6327 6271
5752 443
5632 3851
7106 4458
6855 3690
7199 150
1403 6724
4253 3691
3875 196
6418 3578
4332 3754
3433 3433
6366 3697
3503 3503
2701 3323
1304 3680
523 3668
5126 4372
1286 3426
4783 5444
6178 3571
345 1119
5184 2203
5004 3676
5113 4152
2881 2881
3070 3070
4300 4779
566 6273
914 4654
2302 1292
6476 4940
2361 3662
6370 2824
7165 3199
1963 2855
880 3518
6577 4430
1375 1427
3216 5730
2193 2961
3125 4581
6625 2452
2828 4048
5720 4566
3505 203
1716 4435
3756 249
4353 4353
3539 2445
5605 3539
1102 4049
399 1353
1556 6719
1359 2974
5419 4876
4257 4910
183 1188
5227 3107
3410 3410
1316 1291
4873 3827
6572 5764
7299 2400
3002 416
6696 374
7447 1006
2489 1430
7310 3447
3677 2633
6924 2538
5034 3640
1815 4647
1873 1298
4387 4656
5309 1242
6303 6272
3727 5061
3646 4291
22 4580
6218 4952
3205 455
2244 1328
1787 1327
3538 1330
3811 1331
1239 1205
5832 1329
4696 1118
5398 1203
4720 4161
1868 3760
5717 7309
4780 4210
5726 4762
2359 310
4864 1141
497 6362
3531 2897
4841 3793
6173 4672
6267 7219
3906 3717
910 6153
1972 1110
6957 4051
234 3487
1920 4391
2352 5734
2720 1026
766 3486
4431 4431
1794 110
2699 3432
3020 1375
1179 1179
7066 180
4343 4025
5147 6693
3627 3633
5612 2868
3705 2947
3332 3637
2379 4470
1221 1221
1553 7200
5355 2504
6224 2461
6979 3629
4268 3612
2973 3954
1657 2512
6474 1341
7181 4659
1586 3581
1558 3665
1078 3354
1310 3803
1394 4407
6532 2808
1574 3342
1368 5958
3383 3383
2520 3506
6291 4459
4095 3079
1095 4786
2696 4398
2331 3624
898 3509
7470 3598
3734 7441
3152 7107
2623 3188
2256 4564
5464 417
3736 29
6351 4668
3577 3577
3234 6487
7055 3997
3008 3008
883 1210
6975 2870
5888 1113
3722 3722
3673 3673
653 2526
952 3678
2287 3686
1275 1275
5899 2066
4476 3141
5798 3696
3171 4769
6379 2937
2861 2554
3080 3080
4468 3764
6179 6793
3249 2592
5367 3617
3326 3326
6692 7158
173 392
2154 3091
2576 3561
7230 4413
7336 3540
2914 3438
1211 6359
4069 5659
5724 3456
396 1239
765 4429
6544 5648
5142 3451
1691 1489
5877 1273
415 415
3119 3119
3670 2394
4902 3051
6557 4878
2682 182
729 4015
513 2595
2673 2405
651 434
2097 1398
202 1399
3079 412
7487 2406
390 390
5477 326
7500 119
1303 1303
3421 488
1237 1394
1008 3813
2139 560
2346 2346
140 6336
5085 3731
1279 3896
4388 4388
1733 1416
2434 2962
1091 3753
4904 3886
4221 6299
6589 1038
4506 5469
6207 3455
6621 265
1273 1382
274 1295
228 1347
5492 1346
6539 1411
7245 1241
48 1278
1902 3357
562 3755
5017 6773
643 3707
4893 4453
189 3381
2557 2528
1746 4546
4134 3177
4158 4537
2512 1164
1442 350
869 6878
3422 2450
4686 4416
5911 3279
2939 1172
2088 3776
3456 3919
2086 1311
1193 4405
56 6800
5843 4674
3669 3669
1183 5510
6812 2367
1880 3894
5222 2162
5977 1212
1804 5085
5380 3700
2494 1799
3745 3745
122 2395
1496 3603
3033 6408
1516 3948
6959 4983
3822 3822
172 3145
6122 1194
6471 3889
1018 295
4554 4665
7015 1357
1825 3830
1165 3642
4745 1268
531 4301
2758 446
5884 4640
2298 3693
7485 2999
5172 1114
2310 3580
2245 3337
5301 108
6145 4623
2752 1410
5300 2213
4524 3761
2200 4067
3596 6448
1692 1010
4455 4153
5343 3353
6045 4056
6664 156
5242 4390
4714 3658
5978 6355
5552 112
5736 4915
6929 2975
1835 1122
1073 6729
742 5869
4654 1297
4689 4377
2562 3639
4722 3714
6606 3779
3489 7263
1320 4901
6794 3167
939 3385
6143 1348
1149 4523
1462 6089
90 3096
4910 5991
6381 1274
2821 2306
928 3704
1563 5
1876 3597
2010 1349
5932 1354
109 100
3683 4520
804 4423
6655 4547
5549 4776
7346 1392
2780 4173
1412 6770
6972 4196
4882 3943
3406 3387
7356 7171
1168 5674
3986 7021
2784 6486
3251 4657
6347 2652
5805 461
4031 4031
1956 2330
5749 4778
7295 6921
2648 2648
6282 134
1433 2392
2536 2536
211 2339
151 1951
2886 3710
1487 3854
3666 4298
6547 3393
2764 640
2618 179
864 983
1883 626
453 4350
1988 738
907 916
7236 864
6648 743
5913 753
58 4463
4800 4941
5669 3009
1097 5709
3743 136
5540 3905
4715 3375
5157 2579
1271 2530
3183 2355
4581 2407
2437 3616
4441 5581
2587 1178
6954 4880
1314 3921
1991 5621
499 2340
5793 3172
1379 3519
6225 1469
4978 6287
1680 2631
4073 4073
7403 6430
4043 5972
4015 3189
2425 3215
6076 7308
3702 1317
7213 5346
3467 4673
5066 2345
3816 3816
2549 487
2800 294
3499 391
5730 3736
6883 6330
811 5976
6674 3276
4838 6015
3824 3824
4927 4927
121 3836
3920 3716
2748 2657
429 5735
2883 2437
6072 411
5721 6568
4734 6350
7323 2912
1551 371
2197 3729
5733 6970
6938 4063
3606 3606
6300 2630
3540 6298
6310 3202
5063 4641
163 1024
840 422
1243 3626
4724 5888
3939 3939
7339 4101
2772 4303
1103 145
5466 7298
1602 4639
1001 4334
2600 6633
5036 3183
4466 3213
4995 4300
6490 5981
7169 7415
753 4628
6284 1166
1142 3218
3017 5619
4201 4201
3807 3807
2678 4846
6550 4299
4616 2984
4168 6291
5561 5956
5840 3611
5480 2144
4993 3368
4258 6346
4045 2563
1081 3734
2477 2070
2601 3783
6286 3173
2836 130
3535 3748
937 5906
3037 4218
5092 4446
4056 3782
4605 3307
6901 3572
1124 1139
1530 3867
1154 306
1795 4988
4055 3108
2972 2972
409 2410
485 475
4903 4903
6859 3066
5243 3075
759 206
1252 1252
5479 3178
5013 2508
5076 1388
209 4010
3834 3834
2541 2541
4378 3117
2308 3074
4625 3866
3201 1250
5114 6141
634 6399
3926 6745
1887 2914
1143 3171
2659 3170
3047 3047
2442 6521
2858 3833
6542 3694
4097 1423
5476 3056
6985 6643
5214 1243
3056 3201
4854 1337
5550 1373
1335 4638
4965 1161
2907 1258
2839 4596
3168 1145
3667 3667
4547 2591
4395 5932
1634 4843
5496 3450
584 6275
1990 4862
4531 3198
1372 4040
6764 7170
710 7236
4165 1290
1107 6225
1683 3713
5864 7157
91 1039
1455 2537
6491 2647
4086 320
6807 3928
1265 7328
6568 1137
6361 6890
5433 1340
7107 4856
624 2649
1111 6090
1601 497
1329 1197
1280 1280
6729 2995
3850 2481
35 1367
1872 1313
3327 3912
4434 2665
4549 3797
3320 1225
1547 5488
5609 2607
980 5647
2156 3380
6623 3655
5276 2959
4311 2145
4209 1365
6333 4466
6082 4914
4325 1177
2613 1134
2031 6358
1313 3237
6382 2477
2041 4038
6314 247
5312 6357
6713 2693
7353 1333
5406 23
5933 1219
7215 2604
2563 5714
7137 2577
1177 2052
7122 5253
5650 2510
430 1126
403 7341
6848 3082
3314 1265
5030 2587
1401 1401
4083 3054
3194 3088
1293 1293
5628 254
6448 3457
4585 4080
1578 1512
2013 4164
635 2331
7490 1389
4833 4111
5074 1424
2683 122
6483 1253
4695 2899
6312 6324
508 1384
812 1259
3862 6782
3359 1368
4178 3737
6450 3856
7280 3439
5581 3819
2239 6233
1605 2981
4177 1356
5233 1220
2869 4305
2396 4622
3975 1390
7410 6011
6244 4449
3747 3328
1219 115
6618 3656
3619 441
3854 4074
6374 2351
3492 3203
4153 7323
5457 6301
4304 2865
690 6526
987 5816
1377 1760
2902 2991
4072 4943
1282 2370
4632 3369
4429 6
5945 6705
4776 6780
5196 1342
1922 1240
63 190
7437 7444
7170 6498
1906 4036
6154 1617
456 456
5619 2967
1204 7438
1491 1300
4706 6792
2969 4999
1934 2994
2954 6876
6801 2573
4281 4985
4999 6989
6121 3795
6065 6836
5356 6115
1643 2368
1506 4024
3960 4709
2787 2547
7023 2621
3982 4982
3299 3242
5382 4551
6837 2820
6861 2243
1970 146
3068 3086
5642 6088
4764 7325
5937 3947
1263 4662
1285 2399
4513 2494
4242 2101
3895 5772
3910 3532
2515 6726
3629 2571
2837 2837
1630 5673
337 6531
351 280
1653 6108
4812 3794
4781 3723
4154 3182
2543 2438
1526 5660
7045 2934
4462 126
3876 4805
874 6483
2060 363
7493 1282
6394 1842
2122 4968
6231 4636
1420 5918
4136 1296
4647 4984
1120 1120
5660 1226
1686 4289
3714 1839
5786 3210
1284 4629
2831 4103
1977 1977
2552 2514
7160 3653
255 451
1456 2929
4138 2424
1373 3664
2490 2490
2848 2574
5254 2389
4039 4039
679 3196
7025 7143
1754 7189
7452 4690
2571 141
6955 3744
6102 6240
2378 6547
2152 490
983 3759
5093 3093
356 3037
612 4378
4391 3283
3852 2617
4599 1956
6944 2985
2006 3610
6809 3590
6816 491
6051 1727
7101 4200
219 3787
3806 3806
6268 2487
1461 4585
7304 296
848 6032
6117 4253
5784 4062
3250 3436
2412 2515
7214 2337
5630 3699
6214 3340
124 2900
5209 4781
5930 4376
4028 287
4030 4325
1536 172
5878 2302
6353 4304
3686 386
7234 3607
3307 6228
2478 2632
2739 3622
1513 4096
1616 173
536 99
3766 4089
57 3374
1950 3781
4558 3758
6390 7131
3791 3791
4983 2517
5132 4259
5195 2071
5465 373
1478 2622
6509 2968
3688 3688
131 3134
1072 5170
180 6916
4578 3613
6851 7039
6893 3981
5189 4097
6624 4050
4850 2982
7159 6436
3615 4897
2196 2255
5175 4142
5829 1129
7243 2910
7297 3621
4037 4037
1061 2822
2350 2878
3904 2136
4180 4563
4835 7316
1223 2873
60 6940
7321 4693
3731 2958
5918 6893
3217 128
6099 2435
2595 2427
1007 4011
2791 6416
3379 4339
820 4061
1546 1222
5287 1901
517 4076
6265 5830
6590 1409
2513 3360
5756 2901
3193 3193
4447 1415
7140 1269
4659 3190
5693 2150
1663 2119
3751 1372
3709 260
732 3627
2797 3732
5806 474
4008 1418
2409 1305
4721 4053
1283 4095
5809 5000
3652 3179
6982 2509
4602 4589
940 2153
4111 4894
496 2933
2745 2180
2871 2977
441 6224
4279 1863
2203 4951
6165 6154
6636 2821
5378 4908
1133 2542
7259 6834
4992 4992
4297 2938
6582 2151
6769 4055
1564 1364
3795 185
6021 4784
4382 2861
2235 5907
7423 234
245 3963
6167 6494
1978 5908
1027 1419
4679 6278
6147 5910
7479 5909
5526 4474
5954 6593
5814 6279
6166 6194
3321 5911
55 123
2479 5773
6798 3823
5841 6938
1892 4882
7120 1214
3364 165
5399 4394
248 1385
7022 3180
6467 149
3958 3958
3947 2898
2995 6798
3758 2875
2924 5793
2187 6084
4557 3115
3622 1230
3923 6814
5682 1335
4449 4620
5176 5789
6092 5788
9 7017
3230 6268
575 5794
2726 6788
3719 1814
6215 4355
7059 4002
4044 452
1022 4432
5606 1215
5459 5739
4574 4425
7080 3425
5062 5622
1986 2960
2112 1271
507 5509
6193 1260
3901 4918
5375 3564
382 7160
3096 6198
421 5045
2530 4670
4340 6351
5578 3865
2826 6280
5962 6019
6272 4925
1098 1338
2376 5360
3580 4445
5389 6132
6858 7261
5333 4675
4503 6777
5727 5364
2077 140
3549 1551
5097 166
4017 139
7229 6512
6622 1380
754 6203
5919 2207
3316 2245
7166 2048
6843 6736
3279 5970
1718 222
7407 6783
2120 212
3755 1395
4237 2879
4527 4527
466 1255
5169 3036
169 2562
4702 4702
3993 1251
133 6002
3989 187
7186 3538
6981 2110
6304 3131
1809 7203
6453 3043
3306 3003
7429 5261
6236 5616
4888 164
6454 2987
1984 1616
5182 3876
6344 2244
5206 1952
4777 181
4703 3192
2342 167
2130 2810
3955 3831
1954 1591
3689 6292
5150 7168
4914 3932
2249 6164
5032 3884
2393 2393
681 3083
1127 4105
3644 3644
4276 7451
7202 4134
2424 205
7151 2576
6518 2063
6791 3200
101 1884
3589 3920
4025 6720
2313 1094
756 5500
3086 2659
1037 6673
616 2176
7458 1054
6534 1468
7348 7285
5281 5974
6978 158
7492 1045
1332 3168
4033 4033
3980 4499
1599 4591
1791 6109
2280 3683
3657 3657
208 3169
1608 3090
3516 3089
318 2584
5912 4371
3004 4635
3921 6383
3149 4370
4285 4919
2290 6101
4925 2442
6170 5998
5686 4995
166 3510
5970 1979
5527 4427
4930 2902
1222 5373
4631 4631
6176 5895
533 4792
2377 2303
2769 3930
6264 5481
7006 7221
4823 2354
7491 3195
5646 7426
1918 6412
6118 6789
5050 4692
3913 1030
6902 228
4918 4065
5453 7211
7357 2675
323 3619
6391 4691
360 31
5980 5620
2441 3998
217 4144
490 4997
670 7042
5503 460
7497 4594
5282 4783
3728 4035
2213 3652
6162 1089
3196 2964
1191 2500
2568 3618
6805 6199
6676 3789
1178 4030
2065 2065
2045 1310
1148 3453
3929 3743
7064 2309
3545 3698
4816 5091
3222 2057
374 3944
1448 3643
6610 4924
2533 2850
2354 5691
3585 3585
2246 101
1064 6979
4510 6086
2528 2662
7418 2966
3513 7167
2447 4932
3787 4873
3826 3826
3075 4787
3039 3039
1708 3579
162 3675
6733 4605
2288 1830
5927 1620
4970 5994
3416 3645
1136 3878
4673 5763
2715 6900
14 3589
3394 3646
5943 2324
1366 3702
2210 1001
3504 6106
2820 2173
4651 6099
6697 3631
1974 6377
6752 4184
6679 6875
5472 2204
1587 4165
5208 1824
1140 3278
5831 4865
2121 1626
463 2932
530 2147
5091 3638
4220 3715
5349 1257
416 1612
300 2155
4881 255
4708 3654
5816 5768
4641 3955
5156 3015
5041 7427
5635 7259
1961 3999
6724 2143
2906 2154
3924 1586
3107 3681
5995 4782
821 4845
3569 6447
2986 5044
4607 4448
1632 4949
3521 3857
3588 3588
5095 3583
4814 3740
282 4058
5467 6797
4774 7032
5701 5545
2698 6239
3973 4443
2051 3421
3161 4104
1190 6977
5361 2439
6717 5712
1548 2358
2004 4168
2454 467
6056 2722
2364 7394
1896 3817
6531 3877
6649 1621
6364 6969
449 6119
4041 5618
4931 2175
7373 2581
5615 1152
6325 1837
2989 2989
3122 4902
4660 5226
805 1277
3195 6082
5944 6510
158 2170
1512 1817
2400 215
2650 5083
2211 6853
5929 4603
2140 4094
5659 4696
6907 6941
5272 1600
6597 501
2668 2181
3534 4889
4979 4979
6502 4141
3329 3060
2612 2612
3487 4586
3139 236
6028 3185
412 4990
2647 6226
5599 6024
3861 6356
2550 152
215 4682
6339 6428
1079 3446
1781 4044
6638 216
2603 1003
1698 1818
6069 1175
5393 7055
6826 5254
4143 6490
1779 1005
4271 6120
4497 1174
4150 2109
3453 1862
6131 7445
406 6657
6745 1604
3776 4451
1715 1715
442 1267
5719 1324
4876 3802
4248 1223
375 1153
6061 174
5994 3371
4171 1710
7223 7393
5251 1638
3583 1721
3270 1719
2840 1417
5500 1391
4088 4088
6667 6685
5590 195
1295 1748
4852 1752
3274 2171
3346 3347
4299 5309
2965 235
2722 232
1725 6366
7085 1728
4684 1740
4719 1749
6952 4017
4463 1768
5298 1763
4310 1769
4232 1730
1485 1778
3700 1772
3440 1714
794 1764
1732 1732
878 1762
5947 1765
3470 1735
5600 2059
2221 1780
319 210
2145 233
5887 1751
3957 1725
1533 1533
4753 4285
5657 4148
6489 4688
6481 5870
7246 3258
2782 1885
4954 5975
2209 2209
1877 1877
7097 1736
2868 4409
3823 4316
3055 3055
7028 1944
5875 21
4757 3329
5425 3355
3656 27
4049 3114
4705 4777
152 4614
2131 1945
4262 3440
6044 4059
5324 2678
2127 4087
1894 1040
6712 1358
1325 1325
175 3136
2299 1845
1443 4444
3716 2992
6586 2095
7198 6290
250 1724
5960 6889
5316 1835
2262 1858
4293 1154
4911 4310
3528 3214
3941 1312
5530 5159
3185 1712
4184 1688
3425 2107
5117 4313
6068 6986
3550 2550
871 3071
798 4634
3455 2051
4603 3187
1341 4034
6719 1775
6077 1245
3724 2134
1915 4290
7428 1731
1002 4029
7283 4234
5525 7159
6127 6831
3517 4156
3121 7006
4226 3796
723 2112
3581 3408
2990 1362
380 4208
2825 3257
5638 2332
2456 1377
6223 2123
2497 4042
4016 4842
2219 2124
7189 1294
6346 4989
5777 1254
1224 1281
3400 2186
5667 4294
7358 2127
1306 2117
1251 2133
4420 2111
925 2128
5498 2122
3498 2115
3439 2126
703 2125
1543 2130
7124 2113
3999 2129
3797 2192
4855 1363
6773 6135
3827 2002
858 4043
1836 1237
4302 4302
2329 5169
539 1266
4751 155
2450 1121
5469 1975
2642 2007
2979 1985
104 1868
6626 2013
7024 2009
2343 1981
7374 2040
3796 1948
6219 2039
6114 2014
6633 1955
5352 2026
4410 1428
2771 1144
331 1429
4235 2041
1365 1160
7144 1314
3611 1157
5692 1404
1413 1421
3350 1426
5263 1133
5948 1334
3084 1425
5987 1263
3618 1386
4022 1396
3376 1285
5044 1128
1830 1352
7434 1366
6601 1138
4181 1112
487 1422
6222 1339
5548 1276
2958 1184
5595 1379
4938 1248
5555 1376
1305 1304
3146 1306
257 1420
7182 1359
3794 1412
2488 1351
1396 1279
682 1332
2602 1355
4142 1262
2638 1264
5790 1238
1349 1413
19 1405
4612 1228
813 1272
2179 1261
2728 1270
7453 1414
5171 1299
6969 1301
7475 1407
6243 1406
5071 1288
1288 1283
6647 1403
297 1393
1339 1402
3372 1387
5621 1378
7116 1383
5639 1326
6950 2836
6958 7258
5412 1744
5060 5705
5662 6360
2373 1844
1030 2163
3298 2135
49 5969
4765 6528
4139 4396
6641 2164
3061 3061
491 3217
7090 5708
6995 5937
2241 3073
3087 3087
1039 3166
7420 4809
5545 4270
1175 41
3931 202
5879 5904
6307 3906
2776 2913
2716 4312
3281 3046
5674 3101
6120 3078
5744 3062
47 47
1123 5690
1874 1874
1713 2626
1497 2627
4566 3140
7275 3133
664 53
6876 12
1885 3050
6727 2598
2258 5353
6100 1530
2289 1623
3660 4975
5901 2374
1819 1819
77 77
2321 76
1068 4917
6197 2025
5648 1875
2519 2549
1740 3391
2229 4003
1681 74
2324 1990
5218 78
5001 4256
7027 1651
7350 2993
1422 498
1289 2623
5834 1876
310 4047
697 36
136 43
1928 1984
2277 59
5217 1894
5426 1950
823 1905
4036 1906
2333 1855
1385 84
5910 1846
3199 60
6348 3349
4467 3918
1662 7422
2697 437
2001 7051
5042 4013
4842 3412
4238 4004
5231 3377
2593 2260
2532 3042
3682 4491
1167 1857
6486 1550
3182 4154
2625 7009
5371 1881
5559 1867
4174 5162
542 2905
3959 1720
4128 4978
591 7376
4875 2979
315 4434
3391 3032
7148 3689
2367 1066
2137 3959
4741 1895
6869 4467
5010 1832
3337 4676
4334 2856
1473 3982
3932 7478
5748 1892
1851 1851
457 457
4396 6375
5723 1902
1384 4006
1948 79
6825 1641
4318 4318
5880 7249
2626 4032
7083 5679
3108 1899
220 1882
599 6202
2330 1838
4398 458
2033 3275
3512 1890
5405 4265
1911 4018
4352 1880
2090 1898
5702 5973
4240 6147
7399 4182
5438 6692
4791 2091
4861 5624
5577 3223
6279 4179
177 1915
5020 3557
839 7267
4109 72
4469 1682
5972 4929
2159 2159
1151 3917
5006 6795
6422 6372
6790 3040
4071 2161
6892 1873
1817 5298
2672 2672
1865 1865
5027 4178
2733 1589
6022 6964
6545 4183
1629 4231
991 4319
1278 4283
4303 3033
1652 4307
2570 6637
3126 6097
2730 5066
6747 1527
4203 3558
1371 4309
2177 2867
2117 1916
3247 1711
6093 377
178 4928
2164 1767
3981 6727
4326 6085
3244 7425
2923 1729
5304 3938
7249 1180
6013 5332
3831 1910
2046 1871
1209 7327
1311 1897
1709 6728
1905 5626
3562 4595
1260 1708
327 4684
6964 3099
7037 3441
3282 5418
7200 7139
7130 125
2225 2158
4959 211
2933 1823
6290 3881
7110 4112
5544 3666
3529 1974
1985 1370
6939 3784
3514 1829
4126 3630
1042 3719
904 3575
4662 3721
6402 1922
2567 3615
4998 3772
3860 3785
7355 3671
5567 3762
3418 3682
3671 3726
3010 3620
4690 3778
213 3679
3340 3769
3802 3751
4480 3623
4483 3677
3641 3661
2719 3750
4308 3634
6369 3641
6299 3636
4255 3692
6906 3749
5775 3705
357 3708
2027 3649
5855 3659
5799 3703
4108 3684
7340 3660
861 3160
5241 3104
1777 1777
5963 1759
2817 7069
5119 5363
557 5893
4878 4887
454 116
1560 3163
2824 4263
418 3034
3445 3931
6378 5710
3547 4008
1623 4176
3094 5467
4282 1888
974 3828
1540 1931
3165 1925
2303 5299
4934 2185
3997 3973
6792 4697
4758 4212
2925 5617
3818 5933
2462 4075
3179 1548
3157 3109
4397 4953
1936 1936
4583 1070
6280 3972
5403 2373
6686 3065
4622 3272
4674 107
1635 528
4773 4137
5866 5528
4490 1052
5387 6087
3071 7443
254 4893
6020 4869
4461 1693
3057 3057
3303 7294
2366 131
4059 4578
1466 4936
3035 3035
226 5774
6928 4538
5583 2446
3100 3100
4502 447
5441 4202
3463 6146
3153 4269
1714 4414
5653 503
6060 6648
6640 2690
6281 2471
488 239
4179 240
2878 445
5519 4815
1863 5553
4799 1921
3859 3859
2713 496
587 6888
6707 1745
6050 2532
4127 3901
3654 6896
3007 3007
2012 6763
2357 5359
5914 5625
325 4822
7395 7264
2934 4895
4638 4898
6499 4838
6003 4844
2578 4891
5905 4888
590 4855
5392 4858
2938 4866
4170 4886
4306 4864
3151 4884
5111 4885
2960 3950
7046 28
2413 2413
7042 4980
1947 3072
1976 3320
2622 1716
2311 6102
6563 5490
1404 54
5274 7310
1730 1520
2692 6426
6005 1847
2362 1464
2500 2525
4264 5742
7414 6785
405 37
4172 4172
3302 6321
6367 2866
6541 5703
6423 3848
4294 1630
5456 4344
2468 3909
4740 184
1576 6410
1049 1642
6360 1603
733 204
4202 4946
4704 4704
6785 6049
2664 2102
132 132
6941 157
1395 243
736 1560
881 171
3587 4706
160 160
7195 2080
5344 444
2575 1465
6106 5413
3590 229
4512 2511
4977 154
4425 3521
6134 3413
1158 35
1626 192
1751 159
6632 213
5245 245
1951 241
192 163
2464 191
4834 237
1959 225
6220 220
5979 217
6788 246
6931 244
237 177
7268 238
4062 178
2597 183
4921 242
1860 227
734 221
560 186
1277 207
5167 1632
6581 1659
4796 5191
78 1718
4600 3858
2317 4068
1585 323
5307 83
3601 6861
5296 1747
1388 71
6746 6642
1641 557
3496 2619
2503 153
5069 3022
1264 7047
5865 50
288 2447
2174 2174
4219 4219
6927 1891
2126 544
4354 5889
285 5177
4091 4091
1017 3945
998 1821
6864 3454
6407 1456
2870 5178
4920 4117
1573 3861
5299 3018
3592 4188
1033 3263
2171 7097
3792 7346
3366 3012
7221 2869
4066 4066
626 3020
3113 1445
6663 6791
465 4464
3878 3899
2370 3900
6494 7372
3927 3024
3888 3504
5168 6139
1386 1909
6238 1928
2073 5949
3808 5623
3429 1840
7494 5163
1590 1542
1810 3951
2043 7324
6063 425
118 2398
822 2426
2394 2986
5813 6974
6254 1615
3586 4433
7364 2853
547 3206
1843 1993
4804 1813
3041 6186
74 522
138 2863
2423 4544
5026 56
5672 4171
1180 7398
2661 2660
5193 2661
134 6716
4830 4830
4953 4683
2992 2980
4245 1449
6393 6868
7157 6858
1292 473
7344 2139
6141 2677
1790 2527
959 200
3016 7429
4604 4604
3027 1509
6387 4368
3291 2606
2085 4906
3367 3974
5404 92
2994 4541
3946 3946
3218 5238
4748 2075
2116 2664
296 3969
4614 3085
1059 274
6862 5750
5924 7417
1600 5367
5452 1063
7262 459
2250 1739
4534 2529
4683 1926
2845 3893
1614 1614
1514 2859
1024 499
4870 1781
6140 3205
6593 1949
2559 2559
4145 1779
6915 2625
1515 2669
347 2488
6874 2668
856 2572
2915 2585
2893 2609
3459 2645
538 2589
2355 2666
7098 2644
2418 529
5862 1099
1152 4930
4228 6645
6201 6936
3869 1633
6555 2499
4827 2084
4846 4417
6671 6161
7439 5819
7020 3962
3437 2857
2024 2024
5397 2638
2431 1492
6341 3103
2457 2016
7294 6050
619 450
6631 3045
4412 2425
6833 2387
5144 7303
4104 3102
5145 6441
4733 2160
4239 6171
2172 3256
3409 1593
129 4098
2819 398
4590 6872
7391 1597
6123 3064
2616 4099
6203 4160
6356 5141
1159 4590
6810 4016
5675 1861
3481 4689
3325 6805
4731 3076
2 1639
5411 4146
3579 1907
1569 4191
7386 5836
7431 6794
3744 523
4538 4627
2916 3158
5342 4192
4438 6955
392 6738
3949 1436
5211 513
1406 2459
6009 1946
235 2969
6765 4747
3223 218
7256 1833
6160 4107
5325 5504
6937 5025
2538 7166
4821 4821
5602 6469
3773 4108
6521 3853
4187 5677
99 5182
6989 4109
1425 3890
2527 3891
6266 4426
3788 3209
100 1594
2561 3118
2632 5319
1845 4110
7397 6255
4849 6479
5450 375
5219 1627
3446 3379
4246 4677
992 6418
2813 2419
51 51
1647 1534
5428 3437
2183 2183
4064 4064
2021 6776
2910 1523
7258 4205
1646 3207
2670 6033
3246 2116
5040 1521
7008 4135
3915 2935
1137 2936
6049 5184
3617 3212
2547 3895
5714 6026
4610 2138
3143 5916
6789 86
6877 3991
4584 2957
1840 5707
4676 1872
65 65
1676 3563
294 1722
607 1954
2754 3460
930 3914
6654 2212
4949 3243
3428 3428
2762 3462
5497 87
4376 1967
5357 89
201 5614
83 1007
838 80
3396 5930
4570 6133
2492 6000
3631 4324
923 1970
2341 66
7417 55
1318 3983
366 1958
2155 1067
4339 5041
4952 1941
1490 1490
3271 62
728 1972
2201 3002
3447 7284
2599 2008
4042 6944
4738 7210
945 6589
962 6588
3448 5544
4113 1914
641 1027
1051 4625
5257 1473
4357 2567
4608 2172
88 7452
5882 6707
5236 5089
2115 2178
1782 5347
1483 4955
4345 1918
1628 1628
5295 199
7274 1649
5981 1590
2633 1585
1846 1631
3883 1588
6015 1500
3444 3021
6991 7471
716 1673
3769 1629
1535 1677
4658 1671
1213 1643
1088 3986
4628 2402
4392 7481
3344 3
1935 1935
3685 1463
1477 1477
7033 7222
1598 3006
3798 4695
5331 2295
71 2841
2507 1541
3347 5731
2207 7488
3752 6914
7460 2270
6599 2280
6656 2276
2909 2263
5164 2283
1331 2288
535 2274
2930 2285
1615 2289
3849 2262
570 2286
519 2265
2505 2299
3411 2256
1465 2277
2296 2296
4315 2271
6963 2281
7088 2282
809 2279
4379 2275
3570 2298
2372 1508
7413 1501
5127 6327
4589 1510
4562 1481
5178 5766
2895 5683
603 6285
6200 2259
918 1820
4801 1680
6770 6530
6675 2103
4360 2955
2436 1497
3873 5738
3520 388
6352 2733
4273 3897
3632 1968
3215 4972
5631 385
7303 5188
6424 4698
5961 4197
526 5408
7241 4233
5068 2906
6886 18
2998 5312
6818 5638
1150 26
3443 2871
7457 5323
3868 3811
3779 6465
4218 4911
656 3372
5510 6812
5587 11
1575 6871
7233 2858
5319 2688
1201 6168
4997 1886
1753 4637
3978 6030
5891 5291
398 5554
2208 7027
1801 2862
307 1887
1511 3281
2236 3916
818 5489
3213 4970
7047 1437
7370 1808
5801 2754
7296 3910
6263 378
900 2911
2524 4950
4460 4460
5859 7494
2335 2463
3696 2464
6591 3461
2849 2849
6920 4159
5951 4090
4341 4341
872 4306
5533 4993
2035 4962
5350 4987
7351 5320
7309 5327
4891 5322
5745 4942
4633 4633
5698 88
4692 1470
2746 6420
5767 4209
3835 3273
4548 6740
4652 6472
1220 448
117 6058
2371 6473
1869 7197
2564 6737
3544 1526
6038 4271
165 540
4907 1828
701 383
1172 2725
3297 4905
7379 6188
782 1644
2663 3870
6870 2319
7212 4204
2517 2827
6690 6689
3518 2760
4307 3120
4535 3067
358 7001
7 4175
3238 2904
908 4933
3750 4827
2691 4826
4422 4833
2750 2724
3289 4825
2950 5936
3557 7334
4464 7279
4057 7280
2403 6347
6592 7112
5098 7357
6660 7275
350 7276
6677 6316
4790 6553
1399 4835
5134 4824
1633 6315
338 4832
3399 5451
5491 7296
5421 6552
5488 6314
6302 7277
6396 7278
6318 2765
4474 4829
911 2771
7261 6313
4112 4828
3150 2734
1908 2838
2337 1471
5926 2086
1610 4831
2666 449
3692 6423
4065 4931
1370 3940
2676 3350
568 7050
5676 5564
4321 1787
4283 2832
1408 1803
2766 2766
2971 2971
5048 1525
1901 5765
5999 6128
2636 4155
1807 4717
428 5580
5822 6883
2770 2770
259 4293
1554 2811
3368 6867
4546 2261
4116 4229
2151 6077
551 5411
4828 4262
2796 5901
3333 4093
287 1535
582 4000
2118 3967
2499 32
306 7432
6976 5062
1437 7142
153 1927
6562 3004
5181 5931
890 4198
4263 7256
6750 1746
1597 4052
4389 4785
4418 1822
2577 5702
5244 6463
7048 1002
6523 2818
7342 3927
6940 1503
36 1480
761 5741
4792 6045
2830 1750
394 1841
1909 5990
7153 73
4280 1864
1813 3005
1844 5880
6880 6068
2951 3023
1717 1717
5976 2988
4295 3014
126 3017
588 1738
3620 3010
6269 6928
5916 6446
5018 52
1256 30
3914 201
5292 3869
2802 2081
1773 4193
5268 3907
1418 6157
4286 1934
2056 2814
5396 3031
1319 5615
5603 5732
5958 380
3390 3799
1393 4966
2689 1989
6782 7011
1226 4681
4149 1483
4563 5929
3717 2156
4330 2060
6832 1932
6168 1986
4433 1983
4046 6781
5848 2467
3118 5711
7430 3840
4161 1549
2876 1996
954 4214
6235 1991
5800 2182
6002 5471
1897 1953
1833 5351
1458 5230
4894 3875
6609 4127
2414 1634
6891 4072
2891 4916
1638 3427
5369 1856
6614 4679
5454 531
3099 5612
7393 6458
305 6437
888 6667
3031 1664
6744 3429
4560 1860
2761 2268
1417 5385
2260 3105
6012 33
1848 3094
1139 5524
4146 5591
1640 6462
1685 1978
2940 3829
2526 3219
7285 5205
4924 1101
2385 2294
3604 6300
636 6283
2706 3116
4516 2723
6806 2950
2356 2940
5641 7262
42 42
6629 3041
7279 3164
3351 2732
3917 3211
6437 3092
1783 3220
4305 3208
4371 3157
7158 3058
4957 3194
4190 3110
3174 3174
3336 3132
4234 3162
671 3142
559 4019
7052 6411
817 6909
1565 521
5712 19
3964 1701
3092 2371
5054 4607
6441 16
5 5641
2957 6787
6799 1707
5898 1684
1994 1467
79 7093
3894 4336
3603 5787
5823 3965
792 2809
1240 7433
3263 7347
1390 2177
7352 6184
2604 6443
246 4297
3012 1511
1768 7132
917 1609
6722 6912
3882 4217
4347 4598
3032 4599
6665 4597
6383 4559
2793 4588
4597 4584
6112 4587
3458 2943
1786 6244
3536 4258
1567 7138
4884 5606
7396 7041
6457 2231
7026 2973
493 5815
6949 2224
1380 2234
2353 2223
4078 2239
2388 2236
4981 2233
6741 2218
6128 2230
4373 2235
4829 2232
3506 2241
934 7431
1625 261
1981 7141
1402 5069
6759 3953
6998 6489
6583 5613
3426 259
2863 263
7207 5290
2096 1599
1763 5196
17 17
1230 6125
5683 2798
1736 2737
268 2744
87 1665
1705 7477
6573 4526
1555 2616
2471 5202
5941 2006
6320 1852
3091 2797
3120 2775
1431 2804
2792 2792
4336 2780
200 2802
666 2790
826 2801
3393 2729
7301 1843
6873 1815
2751 1848
6884 7492
4185 4185
498 4081
3430 7428
4159 2242
6678 1742
5613 2120
4896 381
2629 2629
5148 1678
1343 5529
5803 2667
1153 5208
4958 7420
7019 5201
1184 5210
1816 5203
4697 5826
4266 6376
4406 2588
5505 5890
2281 1709
1592 6071
2686 1982
5131 6614
4160 2560
6058 4250
6277 175
5436 6563
2149 5240
6030 5980
4374 7094
815 6660
4637 6813
882 7196
5824 2090
2079 1743
2429 4278
5534 2615
1484 7059
4771 6627
4259 1515
6519 1686
3662 3966
6620 4281
6694 2676
6010 6655
402 275
2855 2250
5647 5189
5504 7070
1374 2673
2885 1859
1818 3274
6195 1980
3584 2593
2098 4143
1430 2489
7406 2078
3187 526
4252 382
6803 4113
6247 6632
2624 3137
2059 4694
4054 4714
102 4708
299 494
114 109
4511 7497
1678 4284
2123 6784
2103 104
6213 2206
1964 1964
835 1831
1495 1495
6762 5891
5517 1992
1013 1466
473 400
7103 399
1987 1987
2963 1988
4545 2012
1192 6080
4840 5123
2416 3106
1383 2816
6164 6870
1952 3399
4002 403
3295 6676
4839 5850
1326 4227
5015 1853
7075 1836
1481 6476
3048 7126
5439 6475
5949 5607
4860 7123
383 7120
6163 1561
544 2731
1850 7129
3014 7127
5079 7124
3847 4226
6397 7121
2987 7128
887 2817
1296 5090
7499 5331
4074 4257
4887 5695
6305 3019
7193 4282
4035 4542
1031 1050
5366 2287
5197 2786
4906 1713
5302 1065
2900 4125
6008 2753
1603 6127
4592 4311
5645 6214
6221 5024
1820 6506
5707 1502
5486 1937
5101 1702
2844 1646
5121 1555
4110 511
3137 2050
6698 1573
448 6697
4032 2815
3502 4150
2398 1938
2896 4612
5906 2976
239 1929
5335 1959
7384 6442
2165 7245
4344 7149
1584 1920
1217 1998
3280 4613
5080 5670
6718 3814
317 518
6463 1879
4567 7253
5694 3390
3011 5430
6680 2819
5826 5439
3397 6865
4754 7217
3691 1041
5090 7040
1808 6835
7145 2054
4868 6741
7017 4221
2807 4275
1474 1474
5821 6623
3527 4834
7142 1532
902 2121
2147 6010
6157 1482
4199 4199
2671 6497
1302 4246
4961 7125
125 6630
1096 6110
7405 6293
1930 1669
6239 7122
1357 4189
528 7023
7051 7223
2778 3554
3140 384
5401 4163
7171 2221
1298 5984
4797 3216
85 85
3771 2297
1062 5598
692 5065
2753 1441
1322 1662
6505 492
611 4167
1428 5422
3175 4244
6673 4969
5188 4157
2574 1
1778 7265
783 4181
515 257
2579 258
5815 2417
3723 4186
4630 4630
6852 6846
1631 4976
5146 4700
3275 2033
6813 5437
806 7013
339 2088
1134 4170
3698 6833
5946 7000
6031 5844
1405 4115
7094 1601
2974 3937
6849 7075
5671 6130
3968 6885
4157 5442
1712 5448
426 4114
598 264
6507 1072
1847 1037
3867 5443
4011 2220
1561 1889
6780 6201
1356 2772
1523 6771
6408 2010
7307 2726
5779 2226
6322 3552
2790 6554
2261 5132
3076 4616
7363 2782
3565 5239
7065 1995
6079 5959
3028 2020
585 2211
1737 1737
6878 2470
4541 2454
1035 6679
2284 2284
6815 6946
3358 5656
7072 7033
3754 2227
2653 1371
2937 5333
2274 4128
2936 6151
5424 5450
7154 5864
6029 5577
5942 1539
668 2695
4939 48
5566 546
1722 2773
5757 1676
2076 2076
4129 6057
5687 1957
7073 2789
2273 2796
5990 4937
1731 4981
5484 5961
2204 7483
2846 1475
5102 5190
1557 4207
196 7235
4401 2093
3101 3507
6443 6445
4916 7368
775 1919
5082 5144
1697 4129
3136 4012
6751 5859
4051 44
718 6386
4096 5759
4482 6396
2014 6621
6252 2005
748 2842
5589 4158
6409 7266
5783 2777
676 2036
1665 2000
59 2035
3310 2736
829 1076
524 1650
335 6894
4928 7326
150 5402
2198 7034
4050 6121
5107 401
509 509
120 2225
2953 2229
2901 1537
3363 3363
4966 4287
868 1517
1502 5294
4348 4348
1958 1786
7465 4333
6687 3555
5985 2219
4948 2215
6763 1923
6292 2067
4375 1755
3386 1496
7341 7119
6576 5355
2293 4707
2619 4715
6202 5867
45 5865
2034 5599
1 5701
6319 4106
2251 2963
7445 3229
4831 1849
4619 4177
2554 1060
4470 4267
828 5038
6470 5863
6111 2735
2756 5095
606 5727
82 5810
1671 1754
957 6503
4769 4277
6089 6405
11 2038
3687 2017
579 2769
3762 2813
5681 5920
4671 3892
2873 3922
6962 3926
3922 3924
5568 3925
1145 4745
743 1691
5988 6482
2781 6505
2458 6718
3464 3029
673 4331
5820 4145
1361 7255
4337 4054
5115 2165
7248 1047
1721 2214
5120 6666
541 5803
3301 6884
4217 1611
7263 1488
477 1675
1747 1608
5818 5409
434 2097
2609 6747
1262 5996
894 90
5890 2799
3893 5745
281 7377
261 1625
2504 4235
7276 3262
1886 1602
1398 1766
1856 6073
298 5585
3793 5285
1618 1618
7488 4022
5293 1687
6190 281
2344 1640
4488 500
6787 5432
6942 1074
6133 4328
6897 6847
5819 1652
1510 1624
2483 2685
4132 2939
2240 2990
5640 1619
4446 5668
61 61
3112 1943
5956 550
5364 58
2523 6739
3708 6318
368 1878
4 6597
2322 5837
3462 2762
933 6662
1689 4703
1053 6806
6662 6674
6108 3239
3404 2099
5416 5452
2521 1078
3783 4195
4194 6044
4650 1696
7327 387
780 541
3985 1051
3530 5172
845 5308
4249 4249
6115 6009
7013 7343
2399 4273
2305 1055
1520 2003
3138 4669
2300 1723
3227 5912
1826 2755
3241 6419
3345 2783
7484 3016
98 7169
346 3442
355 1961
3491 1827
5448 6671
1044 6333
6434 5487
4793 6801
5670 5064
2101 5917
4458 1663
5173 4242
5795 2785
1711 6592
37 3135
3872 7268
1727 1690
6191 1657
5499 3418
2614 2105
1797 5953
4130 5611
5715 7031
4367 3444
69 1971
4084 4169
4023 1442
94 94
4587 4288
5751 5706
7468 75
4507 3971
816 7024
275 6496
3790 6438
2218 1913
2717 4
6822 3001
1654 6892
7209 7391
6035 3351
224 7108
5149 6111
3785 3964
4131 6598
6405 3942
3123 1771
2279 6158
5247 70
6775 7246
6567 169
5614 6525
4988 6527
3813 5483
554 63
2879 1960
7005 1485
4313 5894
3261 1472
7461 5694
6905 2740
5200 4533
1933 6517
5770 6258
29 7161
6749 5681
3812 4238
6373 6839
1622 1622
4261 1476
6772 1679
1281 40
3034 7320
4327 6042
3533 67
6016 5899
2608 5349
3760 5350
4342 7244
5507 7110
3025 1685
5703 5414
1742 5672
2922 188
5495 198
4298 219
5279 168
5303 193
7257 1048
6637 5579
6032 1531
5652 5096
6273 7317
1469 5372
3519 2839
862 6425
1509 4120
1943 1478
5229 4346
7076 7202
831 5820
5327 4326
3634 2205
5310 442
7050 2079
622 6126
7338 5094
273 5176
2386 6845
6908 6471
4484 5871
7454 6481
5892 6384
5341 5578
6469 5604
906 7003
678 13
4320 4320
951 14
210 6193
726 4124
6036 1059
3373 3373
825 5655
4048 7408
243 6905
4681 3990
1780 1733
4627 4530
924 4272
227 2290
2022 6617
3089 6208
7210 6459
6321 7073
1181 2739
1369 5747
4645 1834
5359 2082
2834 1667
3038 5823
4162 4162
2252 2237
4727 4934
3309 7038
5306 6886
6598 4366
1290 4266
2368 1540
3412 6124
1000 6830
4082 1514
2918 1637
1664 4332
1330 2864
4265 2699
2463 1053
6000 5200
5330 4132
525 525
5950 5812
3260 2108
7389 4041
2540 2157
260 2730
3341 7136
4448 6466
1429 4133
2773 1096
1354 5462
5772 6190
5811 6113
2057 6949
7119 2594
4772 2656
3186 2620
5837 2651
3943 2597
6520 2605
3019 2663
5326 4174
6047 4255
252 3941
646 5315
2265 1438
6414 7103
4115 7336
6973 5584
40 2686
2005 5368
4314 2696
2674 421
458 5131
367 2114
2874 2141
3952 3952
1966 1966
1309 376
108 4317
474 4461
4225 4225
4076 1487
5794 2781
2927 6939
4080 2043
2000 2046
5262 4190
644 2761
207 2469
5489 5669
84 5995
5520 5434
6368 2028
4493 4705
244 5179
1748 6717
6797 6995
4197 4230
6186 5209
7272 6765
10 2267
5152 4213
3966 1092
4386 5459
6529 5903
2970 6708
5830 1660
4802 5752
1541 2089
4685 2118
1253 6409
2108 2179
4407 6732
1619 2030
5622 7456
3624 6710
70 253
3672 252
7402 3980
7291 7183
6493 6994
6363 1058
3857 539
3908 3908
5982 7440
691 7165
5270 2152
1853 2193
7068 6284
5573 6264
6936 5843
2283 6934
2859 1552
5386 1553
436 5842
1529 1529
7081 489
4324 6123
1710 3855
7385 5433
511 2168
4564 6368
1268 2258
3896 3424
4207 1557
4656 2278
4582 5717
1682 5478
5320 1592
3475 1536
3542 2830
683 2831
4569 6262
672 1564
5688 2826
4951 2828
5431 2829
1105 1546
7063 5785
623 5185
4260 505
5539 7209
3675 1883
3212 1870
1470 3562
2028 7272
3803 4387
4767 7018
4618 4618
5538 5401
7121 1538
7108 7022
510 510
5513 1795
7149 1917
1784 1784
2049 2058
1144 6095
896 6492
6882 5138
4644 3222
712 3225
3930 5792
381 2032
7133 1726
2635 6242
6872 6098
38 1734
2044 1565
155 2068
1519 2386
2928 1947
596 39
2042 7419
867 1994
1760 5404
913 6131
6535 1940
76 1942
7018 1812
1427 1924
7112 1933
7329 1939
537 1816
6695 1854
3817 1850
4544 1911
4417 1908
953 1869
785 1900
1924 1896
2555 5719
836 5419
5395 5926
1674 1674
6584 402
6255 6104
7187 6477
7237 6993
5051 6051
1755 6647
2269 2269
1300 6156
5563 7300
4328 5472
4021 6799
3988 5040
4664 6796
4848 2001
4267 1692
336 504
1480 6094
1995 1973
5137 2140
4768 5287
6860 7299
204 5286
1893 1893
6771 2195
2956 2228
137 2004
4404 1930
6723 1866
2466 7102
4944 1647
6804 5997
411 6145
4137 1494
1128 6371
3236 1648
6603 6774
6199 5256
7220 5257
1104 6212
5844 6746
3283 3913
1750 1792
4646 6464
1447 1447
2712 1087
1432 1062
2723 7218
891 7434
6398 3882
5849 7384
4394 7338
915 6613
5116 5171
2180 6468
7049 7464
6571 7082
1493 7004
6034 5316
3357 3224
830 3234
850 3233
2615 5751
3605 2779
7235 2784
1842 1658
2806 2806
6358 5167
5759 3251
3846 3226
7281 5923
1471 5828
6298 4243
7231 2715
3348 1635
5710 2774
5764 6467
6148 6956
2106 2106
342 5700
1086 1704
1463 6715
4935 5633
388 566
1138 1654
6150 1653
2007 2064
2081 547
1965 1636
573 3880
6459 5345
3155 4471
3523 4973
5418 5321
1238 4991
4090 5440
5039 5325
2856 4974
1245 4938
947 5496
6149 4954
1891 5639
6705 6832
7244 6508
7448 6304
5252 6452
1087 5130
6635 6238
6844 1453
1588 6043
7227 6460
3764 6696
3210 1670
6340 4276
3697 5484
1315 1479
1236 7305
6755 414
5546 6907
7298 524
905 4261
2089 7476
2109 5696
6473 3800
6740 2684
6514 1044
3480 6650
4874 5713
879 2053
7125 7214
2099 6843
1036 6844
6845 6842
632 6838
7113 7358
6084 6329
4744 6779
4385 2738
1093 2049
709 5531
3704 2132
3111 6698
7225 6877
1769 2137
4427 5835
5237 7237
4863 5644
6721 5565
6439 7281
3903 5986
5845 2092
5874 6520
6700 2077
6693 7140
2111 4180
1287 495
2640 6444
1617 7423
7250 7238
5655 6911
1998 7459
3224 6018
1355 1788
7096 6204
1501 6406
7459 2292
2182 4475
6452 5927
7441 2037
6075 6631
1559 5522
7456 7117
3116 6683
1323 7356
6838 5470
737 530
6730 1043
3805 6025
4063 6618
3912 6390
7054 5684
5739 1558
1050 1566
4649 5632
4986 6348
5952 7252
5873 7068
3864 6402
5998 7145
7030 7043
5769 6823
5012 7091
3026 6454
4287 6569
2560 6334
4413 4057
1900 7351
549 549
6025 6422
6919 1776
5761 1567
2410 3227
4661 7135
6753 2216
5224 4315
6569 1610
1459 6924
1488 5689
7315 2169
6078 2747
2238 2238
4029 4343
4905 5762
3998 7260
5713 5438
6456 5692
2725 3976
745 5405
3870 5542
5047 7005
1803 1579
4089 506
4843 5667
6311 6522
5804 6825
3474 5558
5802 6012
2038 5088
1234 5093
5138 7044
5234 5310
4669 6931
5691 5753
97 7321
3839 6819
6926 508
1475 5213
687 4721
1890 5114
1537 6748
2486 3228
413 5229
5205 5012
7222 1448
7035 1595
3158 7373
6558 5884
4058 5693
6 1443
1440 2845
5155 6758
1667 6474
6420 5084
764 7450
4701 3038
800 1459
5554 1446
2964 3221
4067 3165
3961 3122
1382 5797
1020 45
4077 38
1941 6138
2617 7439
614 5479
1604 5770
3219 82
2511 7446
1208 3988
7224 2372
2327 7225
4254 1493
4452 2698
1378 2674
2988 4187
921 4748
1912 4280
5038 5154
1272 5013
2181 5227
397 6248
3555 2687
1910 4608
5315 5748
1297 5011
6953 4349
6725 4617
6464 6263
4595 5737
6642 1785
4707 6001
4621 6374
2763 5416
3264 5825
5743 5728
2702 5635
5250 3978
3559 5192
3610 6367
96 1596
2812 5938
5455 7315
6250 4220
6988 2763
6888 5143
3558 2903
452 4525
6912 6112
3256 2087
7021 5126
1489 95
2453 7500
1476 57
2332 93
5509 81
7314 64
478 24
6413 69
503 22
4682 34
600 68
5014 5301
6779 5204
5084 6392
1041 5255
7070 6326
3730 5406
3933 5485
6504 5206
3051 1450
1233 7392
2788 6665
6527 2689
7131 1789
2903 1793
970 7187
5792 5173
7377 1080
4565 1582
6184 7173
2514 6827
3974 3957
6375 5453
2189 2749
5973 3352
3576 1655
4665 6761
5283 534
2282 5383
2094 2834
996 5158
7010 5799
3851 2776
3304 2061
999 2100
534 1798
7455 5412
443 2031
5886 2018
3018 2047
650 2044
5842 1963
501 1965
1636 2022
7332 2029
2735 1969
2406 1976
5374 2045
7317 2027
6024 1997
2285 2019
4615 2023
143 1999
4606 2021
7134 2011
1651 2015
604 5236
1182 5838
2605 4292
6295 7387
5592 7049
5511 5925
1257 6339
7367 7226
7139 1484
4278 4147
6086 2727
24 6159
1202 5441
2759 2759
6616 2764
7044 7340
5487 6604
3934 2096
1235 5964
2685 6539
6011 5122
6682 6544
242 5945
5226 6542
225 4335
4312 5941
5983 5943
3477 7403
3239 5955
5936 6550
6110 6857
4657 5944
7483 5942
3621 6571
6323 5946
808 6545
1360 6540
1071 6429
5277 5983
4912 6742
4755 2752
6708 5505
4869 4206
727 5649
7286 5458
722 6895
5291 1774
3643 1783
770 1796
1796 1770
340 1773
648 1741
698 1761
5256 1753
2176 5318
968 7350
4879 1568
263 1689
3495 2847
7179 5704
3484 7206
5070 2843
1248 2844
2455 2848
5125 2854
5569 2852
2345 5784
1505 1505
27 7344
5180 7076
5056 7302
3355 1791
993 2682
2610 6937
2853 5551
7084 1811
2805 6294
1744 6654
5955 536
7421 2691
689 1683
6842 5807
6646 5905
3501 5795
3833 7224
791 1613
7003 1666
3938 1695
6098 1705
5934 1605
5571 1706
6090 1645
4120 1661
3593 1698
4847 1694
844 1668
1644 1697
6466 1703
1806 1699
5055 1700
569 7287
5746 1903
484 4279
1946 6582
25 6311
1734 5150
6067 1904
7306 4020
3919 7290
7438 6585
6104 7178
5750 6574
877 7162
7362 1068
4915 3934
4319 7240
5475 7152
5518 6735
1156 4296
662 7329
7177 6764
7208 7215
7331 5214
7135 2706
1188 2703
7034 6286
3737 4712
1752 262
4594 5960
1852 1571
6867 2671
5323 6757
4014 2683
5611 4716
3209 5530
5797 1598
5729 5366
6354 4224
7300 6622
4241 5251
3050 6722
4437 4252
2795 5297
3141 6363
1831 1797
920 4223
427 5348
4667 4295
4747 5744
190 552
1453 1049
3022 5174
4985 6733
4763 2449
6485 2375
2449 2468
2747 2422
6587 2462
6355 5887
6829 6449
3900 7088
3970 3970
1132 2194
1423 2196
4617 1457
1146 1439
3546 379
1198 7381
965 1556
7180 1444
1757 1757
1006 6160
5677 1434
5185 7133
5938 7352
247 7274
5558 4121
3567 7101
2314 6882
2978 4241
2054 1104
788 7192
5162 2728
5953 5723
2984 502
715 2248
2100 7195
181 1543
2660 1544
1945 2131
4290 1498
6702 2190
2959 2197
2191 2191
2703 2200
4956 2184
6217 2199
1531 2166
5130 2198
4857 2201
5053 2187
2383 2189
1969 5798
1649 5682
7127 5389
4442 4442
89 4441
6431 5518
2880 6397
2627 3232
2375 6852
3045 5913
5616 6855
2654 2794
4779 4823
711 5940
1074 2756
3749 2778
5705 4251
548 5461
774 7333
1690 5519
6887 7111
5346 568
348 5026
5965 6450
6645 3923
6331 6990
3732 1587
1832 6957
688 2707
2983 5197
4717 569
1621 567
3385 5699
4229 4116
5852 5985
4817 6653
4243 5561
3541 5634
1957 5760
1259 5560
5755 6581
4335 2860
4489 5296
1169 3028
1194 3030
7089 6584
2312 6516
2340 4131
3789 7113
64 3236
5678 4149
738 2217
6793 2240
4415 7330
2291 1577
4272 3245
2233 7484
6033 4337
5045 5538
2138 2788
2912 2746
7190 6926
2264 2264
221 6213
4976 6435
4370 6400
4862 5818
865 562
5572 535
3266 5153
3221 5511
2030 2697
2621 5839
630 3248
3436 3026
6338 7104
7278 3027
6971 7045
2675 7230
6183 5288
2119 3025
3060 6070
7184 6007
7337 6714
1082 6840
1687 7092
5213 7194
3296 1433
4269 1563
1242 7295
5696 6541
1648 2104
2104 2083
1163 2062
364 2094
4098 2098
3178 2069
628 2074
410 2073
4718 2072
7415 3443
2794 2273
694 2272
5023 6491
5384 3993
1962 6577
135 6609
6480 6573
1973 2034
2502 5786
4052 6760
3278 7134
1438 532
2867 2803
6129 2743
2743 2800
969 2748
1999 2751
291 2795
7091 2787
506 4286
3198 1912
6619 5482
637 6999
3129 1672
1301 1962
967 5042
3890 1790
5989 5394
4231 5244
7311 7243
1055 516
115 2757
1269 91
6048 5771
6930 5124
2323 517
6362 519
2114 2874
558 542
553 570
6181 4643
3725 553
4786 514
1917 559
4141 515
6802 554
658 527
5522 558
4472 551
278 548
4068 533
1317 7362
276 5749
6611 5342
3892 2300
2864 2266
6922 2293
5515 4330
308 103
5580 1462
5684 5982
2195 2247
3891 1607
3909 7466
1528 7375
1766 1105
7478 1458
2175 5279
3064 7382
3109 5576
6403 6917
4291 5248
5939 6759
2850 5338
5863 2846
4019 7114
1881 5857
1274 6282
3338 6325
3733 7072
4975 6241
3983 4236
3969 5018
6432 3801
286 4713
5266 5831
3413 4913
7360 4907
3220 5049
439 4215
7118 7025
2882 5370
6715 5111
6455 6933
2892 6828
5971 556
4408 5780
5867 5873
2498 7181
6997 7435
1157 5846
4963 7056
4784 5718
5871 7080
7069 6576
3013 5652
695 6421
3006 6005
7419 6166
3911 2249
5673 6427
6388 5415
5585 1086
4588 5651
5394 6253
3899 6543
3352 7354
7201 5157
7496 2978
1624 6173
6059 5476
3331 5574
6297 1081
4634 1069
4424 1073
1189 1077
2055 7012
2534 5802
1568 2710
2315 6856
2392 1499
3343 5536
6552 5161
3526 2254
1707 5369
3853 2692
1340 6309
5734 7172
2275 7407
2917 7064
7474 6579
5351 5423
1085 1085
6226 7436
400 1656
1486 1486
4215 7030
6758 5241
2481 3565
5501 4600
6189 5805
1627 3968
5485 6391
4186 1084
4125 543
312 4139
7012 6533
7476 7437
194 6017
1270 6817
2991 7186
851 6866
6317 7100
1655 6947
5139 7037
5192 4609
5444 1098
3753 1061
892 1088
7164 1071
4960 1075
5160 1079
4119 1093
4004 1082
1069 1083
1701 1091
955 1507
21 1504
609 5456
7071 5477
6211 6678
4989 7182
4284 5211
1492 6826
966 3252
5969 5081
6650 6504
2053 7306
2493 5293
3052 6822
5104 6820
684 6859
6513 2719
3024 2716
1392 2704
4372 2679
2679 2708
5553 2702
3290 2680
4421 2720
2705 2705
1767 2712
5443 5678
762 5582
2150 5381
4901 5928
1675 2681
6399 5806
5370 6901
6653 6182
5248 5809
3452 6003
5255 5796
2058 5800
854 4321
6187 6455
2231 7388
4889 6903
3170 7199
4445 7116
6017 6572
6766 7479
7308 7365
2084 6778
3242 5151
3928 5313
5225 6628
5889 3874
1544 6398
4006 5808
3245 5919
1106 1106
5665 7212
6699 6187
5223 5475
7000 7448
4351 4138
4151 4151
7411 5921
4323 7463
893 7148
6426 5866
4361 5021
1348 7486
6828 2210
3206 2208
586 2222
174 3238
3095 5782
5925 5777
4070 5858
1524 6810
3623 4140
2803 5740
4102 5957
6237 6404
386 5755
7369 4338
3469 6699
6703 6700
389 6701
240 6702
5153 7074
4333 4268
2749 5757
1499 5180
1023 1000
2363 1023
5442 7472
1827 4228
7232 6100
3757 6424
5186 5135
4100 6343
1210 6270
451 6570
5731 5283
5264 6599
232 5282
6993 7418
5740 6310
5432 5756
7016 6394
1342 7254
3721 7378
50 5767
706 7482
1010 1570
1307 5588
3322 2758
110 6620
3388 5671
279 5697
3532 1100
7217 1102
5109 5039
5774 7337
2808 7179
4204 7177
1903 6303
6757 5474
6415 5473
5179 7322
2718 1574
3856 1584
5860 1576
1581 1559
3058 1569
500 1575
3154 1581
6289 1580
1205 7282
7462 7175
6903 6107
1566 7283
6706 5841
376 5783
799 1572
7204 5382
1879 2791
4756 7029
2704 3985
3369 6524
3575 5057
6498 1440
321 1432
1187 1460
6094 1431
4851 1451
4020 1452
2920 1455
4517 1454
3607 7359
984 7046
1858 5653
3214 5658
1063 6023
2491 5685
855 6766
4853 2742
2941 7251
2445 7366
6627 6382
2897 6306
361 6556
5417 6559
3160 6591
6533 6590
4677 5573
1980 6507
2767 2767
4913 5468
4322 1090
2316 4216
4435 5645
5528 1578
6983 7498
5617 5993
565 6954
4222 7318
6585 5231
6579 6775
6996 6219
6204 5552
5636 5212
7099 5001
5643 7410
4885 5882
468 5822
334 6672
387 2253
7138 2251
3678 2252
744 6417
3690 5821
5221 6985
5100 5199
1040 3246
3612 3254
3515 3241
6777 3250
1552 3247
1445 3230
3494 3235
4945 3231
1699 6987
707 5892
5061 5277
5204 7137
2338 5548
5853 1491
1672 46
4693 25
4350 5250
6617 7153
2966 5292
2658 6167
3568 1807
1805 1804
5029 1805
271 1806
4486 7081
1870 6930
1160 3992
1130 7016
5136 6096
3135 7130
6487 4130
5922 6612
67 5520
4359 6932
3401 1064
1907 5390
605 5384
5161 5486
6445 6848
3640 4203
1258 6439
1472 2042
3181 5242
31 5721
3188 7099
2955 7363
2875 6535
6704 2713
4698 2700
4200 1756
289 1782
577 1794
852 3936
3377 2701
6484 6395
1089 6711
7036 2840
7427 7490
6525 5540
589 5966
2408 7109
1034 5848
2680 5104
2755 1681
320 1606
7056 5811
5347 5883
26 5526
6259 6277
4609 4232
6823 5897
5968 6180
5094 6453
5011 6580
1921 6583
2170 6950
6392 6361
6018 5252
5337 1562
3637 5746
3003 7286
4121 6772
5766 6762
3328 5361
5586 7470
2926 5022
341 7083
1350 6601
6918 6629
4984 7355
3105 6215
5422 7402
807 7404
3381 5967
43 5729
6966 5525
2695 6616
7322 5358
5827 6451
2125 1547
2259 1524
1522 1522
4559 1545
6158 1528
6511 6646
1109 2142
4987 6267
4735 2188
5747 2202
2976 6342
236 7411
6495 6587
7082 4322
4946 7374
6229 5886
2018 6709
2124 5431
4366 5503
7264 5198
127 5521
6896 5245
3665 5247
6438 6035
5057 6691
4403 5142
5562 7176
1582 4327
2487 5070
3106 7271
654 4710
7115 7442
4653 5075
3387 7184
2039 5562
5753 6148
6343 5435
1254 5861
5881 5934
2887 5246
1802 1802
2862 1801
5297 6952
981 6841
3042 6393
5112 7084
6948 6548
4798 6308
3786 6222
447 6854
41 6511
7192 7465
5776 5148
372 5016
4164 2807
1944 2805
1919 2793
1147 2768
6731 2750
857 2741
3507 2745
6914 6919
6546 6644
3625 5317
5709 7065
2270 7467
2949 7231
1411 5567
7038 5726
1611 5330
4144 6634
3472 512
3114 563
2095 537
1266 565
3202 507
5470 564
2467 561
720 555
3552 520
2774 545
564 538
2999 6515
6506 3362
5462 2257
2257 2291
2591 6649
7481 6495
5440 5877
7424 6615
7014 7335
2419 5340
6847 7489
3821 6305
6608 5365
5524 6407
6232 5556
6345 5754
6274 6276
5857 5879
5846 6546
5019 6998
567 6851
4962 6768
6748 5357
4496 6948
7104 5571
1407 5495
958 3839
740 3979
5557 6075
5106 5334
922 1800
4175 6578
4363 5853
942 7383
2087 5804
4390 6803
433 5464
6315 5027
2443 6943
5697 7460
1108 7052
1065 6388
5923 1056
1451 1046
7292 1057
4107 1097
834 5549
6109 4118
4892 1506
2596 4245
62 7227
6430 6185
437 7473
5434 6344
7228 4329
2709 2717
4900 2670
444 2721
768 2718
5163 2694
6188 2709
6670 2711
7032 2714
7442 5801
5541 6183
2142 6804
7416 7364
6023 7257
4001 7026
6689 6169
2982 7361
6761 6575
1250 5498
7498 7208
5420 5146
6578 4601
2083 4323
3765 5881
1889 4611
5216 7204
3065 4136
4782 5722
15 5643
669 6269
633 6431
5265 6703
5483 7495
7444 5314
4368 6211
2136 7089
5725 6874
3128 5914
3572 5136
6691 6037
353 5978
198 7454
529 6072
1424 1583
2336 5497
5183 6743
4728 6217
1895 7098
3267 6338
7117 6163
645 1461
5591 1435
6588 1103
3085 6873
3774 5377
2542 4610
1084 5987
2708 6850
1620 5118
1997 7015
2804 7036
5238 6008
5966 4345
5992 7499
2553 6052
7408 6369
4528 5860
6182 6942
391 7345
4173 5494
363 2246
6287 5391
5514 3989
649 6259
6850 7449
3255 3255
769 3249
223 3253
1857 6821
1043 5587
4785 5512
1197 6281
7183 4619
1115 4247
2779 6205
3837 6898
3156 6619
4183 6317
6500 7353
6503 6251
2594 5948
2263 5429
4500 6337
4787 5834
3865 5374
5174 4347
6933 6904
5984 7239
4586 7229
7489 4615
3591 4126
66 5120
2328 5939
6132 6638
6046 5278
3885 6750
6658 7205
3284 5378
1720 4606
3450 6586
3203 7213
5313 5386
1521 6288
5078 6744
3884 5463
6451 5259
1121 6536
7161 6595
7371 6117
7425 7147
4118 7115
2173 6289
73 6403
4365 5110
6105 5420
1925 6054
5812 6500
5836 5547
6565 5117
6294 5054
3454 5631
6684 5305
6871 5160
1538 3271
1983 4248
2472 6566
1764 7232
2402 5636
3951 7008
4451 5605
5531 7207
7132 7191
5215 6118
3005 7154
3457 6493
5835 5872
154 6142
7205 6206
8 3994
28 4119
44 4122
68 4342
95 4532
103 4602
107 4961
112 4996
113 5002
119 5003
130 5004
145 5005
161 5006
164 5007
170 5008
171 5009
185 5010
187 5014
206 5015
212 5017
218 5019
231 5020
233 5023
253 5028
265 5029
267 5030
272 5031
293 5032
301 5033
324 5034
329 5035
377 5036
378 5037
379 5043
384 5046
385 5047
395 5048
445 5050
464 5051
471 5052
504 5053
518 5055
520 5056
521 5058
532 5059
546 5060
552 5063
563 5067
583 5068
613 5071
617 5072
618 5073
629 5074
631 5076
667 5077
700 5078
713 5079
714 5080
741 5082
757 5086
777 5087
795 5092
797 5097
810 5098
814 5099
819 5100
832 5101
837 5102
847 5103
873 5105
876 5106
885 5107
886 5108
912 5109
927 5112
950 5113
956 5115
960 5116
961 5119
971 5121
979 5125
986 5127
990 5128
1011 5129
1014 5133
1015 5134
1021 5137
1026 5139
1038 5140
1047 5145
1048 5147
1052 5149
1067 5152
1075 5155
1077 5156
1100 5164
1126 5165
1131 5166
1141 5168
1200 5175
1206 5181
1214 5183
1228 5186
1229 5187
1232 5193
1247 5194
1328 5195
1333 5207
1337 5215
1353 5216
1363 5217
1387 5218
1389 5219
1391 5220
1500 5221
1508 5222
1517 5223
1534 5224
1545 5225
1549 5228
1606 5232
1607 5233
1639 5234
1658 5235
1661 5237
1677 5243
1684 5249
1700 5258
1724 5260
1726 5262
1745 5263
1756 5264
1759 5265
1772 5266
1798 5267
1800 5268
1823 5269
1824 5270
1862 5271
1871 5272
1899 5273
1904 5274
1923 5275
1927 5276
1938 5280
1942 5281
1949 5284
1955 5289
1968 5295
1975 5300
1982 5302
2003 5303
2009 5304
2016 5306
2023 5307
2037 5311
2040 5324
2047 5326
2048 5328
2067 5329
2068 5335
2102 5336
2107 5337
2110 5339
2113 5341
2134 5343
2135 5344
2141 5356
2143 5362
2148 5371
2153 5375
2161 5376
2162 5379
2185 5380
2188 5387
2199 5388
2206 5392
2216 5393
2220 5395
2223 5396
2243 5397
2267 5398
2306 5399
2320 5400
2349 5403
2351 5407
2358 5417
2389 5424
2390 5425
2401 5426
2405 5427
2417 5428
2420 5436
2422 5445
2439 5446
2444 5447
2448 5449
2451 5454
2460 5455
2465 5457
2501 5460
2506 5466
2509 5480
2525 5491
2529 5492
2531 5493
2556 5501
2565 5502
2569 5507
2572 5508
2573 5513
2582 5514
2583 5515
2584 5516
2586 5517
2588 5527
2589 5532
2590 5533
2598 5534
2620 5535
2634 5537
2643 5539
2651 5541
2655 5543
2667 5546
2693 5550
2731 5555
2738 5557
2742 5559
2744 5563
2760 5566
2765 5568
2777 5569
2785 5570
2798 5572
2809 5575
2810 5583
2842 5586
2854 5589
2865 5590
2877 5592
2894 5593
2898 5594
2908 5595
2911 5596
2921 5600
2952 5601
2968 5602
2981 5603
2997 5608
3000 5627
3023 5628
3062 5629
3063 5630
3074 5637
3077 5640
3078 5642
3117 5646
3124 5650
3132 5654
3147 5657
3159 5662
3162 5663
3166 5664
3167 5665
3172 5666
3180 5675
3189 5676
3225 5680
3228 5686
3237 5687
3248 5688
3253 5715
3258 5716
3262 5720
3272 5724
3273 5725
3286 5743
3315 5758
3324 5761
3371 5769
3375 5775
3392 5776
3415 5778
3417 5779
3424 5781
3438 5791
3451 5813
3465 5814
3478 5817
3483 5824
3490 5829
3493 5832
3497 5833
3500 5840
3551 5845
3560 5847
3564 5849
3566 5851
3594 5852
3595 5854
3608 5855
3613 5856
3628 5862
3638 5868
3642 5874
3645 5875
3649 5876
3658 5878
3668 5885
3695 5896
3701 5898
3703 5900
3706 5902
3711 5915
3712 5922
3729 5924
3740 5935
3746 5947
3748 5950
3759 5951
3761 5952
3772 5954
3780 5962
3799 5963
3810 5965
3819 5971
3820 5977
3842 5979
3858 5988
3863 5989
3871 5992
3880 5999
3889 6004
3902 6006
3907 6013
3916 6014
3945 6016
3965 6020
3967 6021
3990 6022
3992 6034
3995 6036
4003 6038
4007 6039
4012 6040
4013 6041
4026 6053
4027 6055
4075 6056
4099 6059
4106 6060
4147 6061
4176 6062
4192 6063
4195 6064
4196 6065
4208 6066
4214 6067
4223 6069
4230 6074
4236 6076
4247 6078
4270 6079
4274 6081
4277 6093
4289 6114
4301 6116
4329 6129
4338 6134
4349 6136
4355 6137
4358 6140
4381 6143
4400 6144
4402 6149
4409 6150
4430 6152
4443 6162
4444 6165
4454 6170
4457 6174
4465 6176
4520 6177
4523 6178
4537 6179
4539 6181
4553 6189
4555 6191
4568 6192
4593 6195
4596 6196
4598 6197
4601 6207
4613 6210
4639 6216
4688 6218
4694 6220
4710 6221
4716 6236
4725 6237
4746 6243
4759 6245
4775 6246
4788 6247
4789 6249
4794 6250
4803 6252
4807 6260
4822 6261
4867 6265
4871 6266
4877 6274
4883 6295
4886 6296
4908 6297
4917 6307
4926 6312
4933 6319
4936 6322
4940 6323
4973 6328
4990 6331
4996 6332
5005 6335
5008 6340
5016 6341
5021 6345
5024 6352
5028 6353
5031 6354
5033 6364
5035 6370
5037 6373
5046 6379
5049 6380
5052 6381
5059 6385
5065 6387
5096 6389
5103 6401
5108 6414
5124 6433
5129 6434
5140 6440
5151 6456
5158 6457
5170 6470
5199 6478
5203 6480
5228 6484
5230 6499
5232 6501
5240 6502
5246 6509
5258 6513
5259 6514
5260 6518
5288 6519
5290 6529
5294 6534
5311 6537
5322 6538
5340 6549
5354 6551
5360 6557
5362 6558
5363 6560
5365 6564
5368 6565
5385 6567
5400 6594
5407 6596
5427 6600
5458 6602
5463 6603
5468 6605
5481 6606
5523 6607
5536 6608
5537 6610
5574 6611
5575 6624
5579 6625
5593 6626
5604 6635
5607 6636
5624 6639
5625 6640
5663 6641
5690 6651
5695 6652
5699 6656
5700 6658
5708 6659
5716 6661
5718 6663
5722 6664
5728 6668
5741 6669
5760 6670
5773 6677
5782 6681
5787 6682
5810 6684
5838 6686
5854 6688
5858 6694
5876 6695
5885 6704
5893 6706
5895 6712
5931 6730
5935 6731
5991 6734
6004 6749
6007 6751
6037 6752
6039 6753
6043 6754
6052 6755
6053 6756
6055 6767
6062 6786
6064 6790
6071 6802
6073 6807
6085 6809
6091 6811
6095 6815
6101 6816
6107 6818
6119 6824
6126 6829
6135 6837
6139 6849
6144 6860
6146 6862
6152 6864
6159 6869
6161 6880
6169 6887
6171 6897
6174 6899
6227 6902
6228 6906
6230 6908
6234 6910
6253 6915
6256 6918
6261 6920
6270 6922
6275 6923
6276 6925
6301 6927
6309 6929
6313 6935
6316 6945
6335 6951
6337 6953
6350 6988
6371 6991
6386 6992
6404 6996
6406 7002
6410 7010
6411 7014
6412 7019
6417 7020
6425 7028
6435 7035
6447 7053
6460 7054
6462 7057
6472 7058
6477 7060
6501 7061
6515 7062
6522 7063
6526 7066
6530 7067
6536 7071
6540 7077
6551 7078
6554 7079
6560 7085
6566 7086
6596 7087
6604 7090
6634 7095
6652 7096
6668 7105
6681 7106
6726 7118
6742 7146
6743 7150
6760 7151
6767 7155
6768 7156
6776 7163
6778 7164
6795 7174
6819 7180
6820 7185
6821 7188
6839 7190
6853 7193
6868 7198
6885 7201
6895 7216
6899 7220
6934 7228
6935 7233
6951 7241
6970 7242
6977 7269
6984 7273
6990 7288
6999 7289
7001 7291
7007 7293
7031 7301
7041 7304
7061 7307
7086 7314
7111 7319
7143 7331
7156 7332
7174 7339
7185 7342
7188 7348
7194 7349
7203 7360
7242 7369
7252 7370
7255 7371
7266 7379
7269 7380
7271 7385
7277 7386
7290 7389
7312 7390
7313 7399
7325 7400
7326 7401
7333 7405
7347 7406
7354 7412
7359 7413
7361 7416
7381 7453
7394 7455
7398 7457
7400 7458
7401 7468
7433 7469
7440 7474
7446 7480
7449 7485
7467 7487
7471 7491
7472 7493
7486 7496
