759 759
897 897
886 886
765 765
1764 1764
915 915
790 790
917 917
768 768
775 775
798 798
252 252
1908 1908
783 783
891 891
801 801
1762 1762
777 777
770 770
773 773
800 800
794 794
789 789
771 771
899 899
782 782
795 795
1761 1761
802 802
242 242
1754 1754
969 969
1203 1203
769 769
780 780
784 784
778 778
921 921
1760 1760
973 973
767 767
793 793
1030 1030
803 803
1804 1804
1733 1733
911 911
896 896
1684 1684
928 928
998 998
1777 1777
898 898
1898 1898
1837 1837
1816 1816
914 914
1006 1006
1008 1008
1808 1808
889 889
1853 1853
1793 1793
1832 1832
884 884
887 887
1003 1003
1002 1002
913 913
317 317
1771 1771
916 916
735 735
881 881
1720 1720
922 922
885 885
888 888
1814 1814
920 920
776 776
929 929
764 764
1758 1758
1800 1800
1682 1682
1807 1807
912 912
1897 1897
1843 1843
1791 1791
895 895
788 788
930 930
1899 1899
281 281
1763 1763
1775 1775
894 894
1783 1783
909 909
934 934
2391 2391
901 901
882 882
932 932
1861 1861
796 796
1007 1007
1656 1656
774 774
892 892
1005 1005
1859 1859
54 54
786 786
926 926
925 925
1670 1670
1001 1001
970 970
1890 1890
906 906
935 935
1860 1860
1851 1851
931 931
1801 1801
1849 1849
15 15
79 79
923 923
1755 1755
1909 1909
20 20
1731 1731
4 4
66 66
792 792
1651 1651
3 3
762 762
1759 1759
1821 1821
844 844
797 797
1845 1845
924 924
1699 1699
1798 1798
21 21
974 974
927 927
1869 1869
52 52
1803 1803
1858 1858
61 61
1740 1740
7 7
1809 1809
968 968
22 22
1246 1246
2407 2407
977 977
910 910
1811 1811
82 82
2957 2957
1648 1648
904 904
2982 2982
1693 1693
13 13
1652 1652
55 55
967 967
1896 1896
1817 1817
779 779
64 64
1893 1893
125 125
1784 1784
975 975
1894 1894
2400 2400
65 65
1810 1810
890 890
60 60
1779 1779
878 878
1130 1130
936 936
1819 1819
1818 1818
68 68
1692 1692
1000 1000
1774 1774
41 41
1844 1844
101 101
1864 1864
1734 1734
903 903
62 62
1852 1852
893 893
907 907
1351 1351
979 979
2396 2396
1820 1820
1875 1875
648 648
10 10
1838 1838
1892 1892
1835 1835
1650 1650
45 45
27 27
1772 1772
2401 2401
50 50
1654 1654
733 733
2398 2398
2397 2397
40 40
2956 2956
966 966
23 23
829 829
902 902
75 75
2953 2953
980 980
1805 1805
53 53
715 715
1874 1874
83 83
900 900
1839 1839
1862 1862
63 63
39 39
1695 1695
1794 1794
1787 1787
1802 1802
976 976
848 848
1865 1865
2966 2966
1876 1876
176 176
1686 1686
1741 1741
2408 2408
990 990
2959 2959
26 26
2929 2929
95 95
919 919
956 956
1827 1827
2954 2954
1193 1193
78 78
1218 1218
1822 1822
210 210
933 933
1812 1812
46 46
981 981
997 997
1782 1782
2976 2976
48 48
2409 2409
59 59
1703 1703
1406 1406
3015 3015
736 736
2419 2419
781 781
3587 3587
971 971
2417 2417
145 145
3062 3062
2955 2955
1694 1694
42 42
1663 1663
1850 1850
118 118
1649 1649
1220 1245
73 73
1226 1226
877 877
56 56
142 142
91 91
1830 1830
1778 1778
51 51
650 650
1173 1173
1870 1870
2952 2952
3011 3011
17 17
807 807
1834 1834
1806 1806
2399 2399
2395 2395
856 856
3038 3038
1813 1813
858 858
162 162
3012 3012
72 72
2994 2994
761 761
2 2
978 978
1146 1146
1910 1910
3040 3040
70 70
2958 2958
5 5
1712 1712
453 453
6 6
1976 1976
1863 1863
2105 2105
1855 1855
3750 3753
3018 3018
1012 1012
785 785
1867 1867
2440 2440
1767 1767
14 14
1756 1756
905 905
1225 1225
1799 1799
1726 1726
98 98
1208 1208
1209 1209
3756 3756
1172 1172
69 69
1765 1765
2444 2444
1667 1667
843 843
2960 2960
25 25
2990 2990
3096 3096
3108 3108
136 136
71 71
88 88
12 12
30 30
81 81
86 86
11 11
171 171
3043 3043
214 214
2962 2962
2412 2412
3026 3026
139 139
179 179
147 147
2964 2964
2969 2969
3113 3113
47 47
80 80
212 212
116 116
3154 3154
2441 2441
3004 3004
113 113
3067 3067
2413 2413
3007 3007
77 77
3070 3070
3014 3014
3027 3027
3107 3107
2963 2963
102 102
3071 3071
92 92
124 124
3060 3060
3078 3078
227 227
2439 2439
87 87
114 114
3041 3041
1769 1769
2949 2949
1983 1983
2402 2402
120 120
211 211
148 148
1719 1719
203 203
198 198
128 128
1768 1768
2118 2118
1716 1716
3047 3047
2415 2415
1780 1780
178 178
285 285
1766 1766
2115 2115
19 19
1922 1922
988 988
859 859
2974 2974
2110 2110
880 880
1840 1840
1144 1144
228 228
854 854
3763 3763
94 94
2116 2116
2968 2968
183 183
215 215
2016 2016
90 90
216 216
2961 2961
9 9
2945 2945
3751 3766
137 137
96 96
2980 2980
2944 2944
3748 3748
3767 3767
97 97
3760 3760
3757 3757
3578 3578
3754 3754
3753 3751
3761 3761
3766 3744
3762 3762
3770 3770
3764 3764
7074 6861
6722 3771
3744 6220
3769 3769
7195 6219
3771 6860
3724 3724
3163 3163
89 89
3045 3045
1789 1789
2428 2428
2387 2387
3749 3749
74 74
2106 2106
2112 2112
217 217
2946 2946
67 67
143 143
2184 2184
103 103
2165 2165
218 218
857 857
76 76
908 908
1637 1637
206 206
3173 3173
3048 3048
363 363
2150 2150
146 146
3758 3758
728 728
1866 1866
2223 2223
1415 1415
117 117
185 185
2983 2983
2111 2111
2164 2164
308 308
2948 2948
38 38
3103 3103
140 140
105 105
799 799
247 247
804 804
170 170
2170 2170
3031 3031
186 186
2120 2120
1877 1877
1411 1411
991 991
1781 1781
2121 2121
2249 2249
1984 1984
2233 2233
760 760
1914 1914
6201 7339
2162 2162
126 126
2938 2938
2209 2209
1986 1986
2242 2242
3759 3759
2142 2142
43 43
2259 2259
233 233
772 772
1409 1409
1405 1405
2229 2229
3559 3559
3508 3508
2107 2107
2168 2168
2335 2335
1738 1738
2252 2252
654 654
2245 2245
2332 2332
2169 2169
1171 1171
3106 3106
2174 2174
1414 1414
2253 2253
1410 1410
2228 2228
855 855
817 817
1205 1205
1792 1792
364 364
1004 1004
2181 2181
2171 2171
865 865
2837 2837
2163 2163
2182 2182
2999 2999
791 791
3743 3743
1974 1974
2337 2337
2191 2191
7048 7201
2442 2442
1773 1773
3033 3033
2436 2436
16 16
999 999
876 876
2113 2113
1736 1736
1647 1647
138 138
1250 1250
1739 1739
2418 2418
1923 1923
1752 1752
3025 3025
1372 1372
918 918
172 172
2017 2017
2745 2745
3083 3083
29 29
1677 1677
1815 1815
2167 2167
1915 1915
144 144
2981 2981
2109 2109
3752 3752
104 104
2248 2248
28 28
205 205
6203 7076
1971 1971
3652 3652
262 262
787 787
3745 3745
3755 3750
2293 2293
1969 1969
1970 1970
6635 7016
1972 1972
7372 1973
7197 3755
2920 2920
1973 7032
7065 6478
6810 7401
1730 1730
1744 1744
5446 5629
2117 2117
293 293
1426 1426
5445 5775
1418 1418
226 226
3111 3111
2380 2380
3013 3013
3589 3589
287 287
3747 3747
2926 2926
3566 3566
289 289
3016 3016
7371 7015
2379 2379
1785 1785
1403 1403
307 307
263 263
1027 1027
1636 1636
3618 3618
3670 3670
204 204
1633 1633
1170 1170
6030 6218
982 982
1842 1842
2923 2923
1665 1665
3593 3593
3570 3570
3595 3595
305 305
2747 2747
1160 1160
3068 3068
2243 2243
1029 1029
1035 1035
2924 2924
3001 3001
3673 3673
3588 3588
1417 1417
3000 3000
2967 2967
1982 1982
1032 1032
1028 1028
1034 1034
366 366
3165 3165
1045 1045
1036 1036
1037 1037
1041 1041
1033 1033
1046 1046
1031 1031
1038 1038
1039 1039
2928 2928
1044 1044
2930 2930
1026 1026
2927 2927
1040 1040
2922 2922
2932 2932
1042 1042
2937 2937
2931 2931
1043 1043
2940 2940
2933 2933
2108 2108
3009 3009
2941 2941
3037 3037
310 310
1605 1605
3024 3024
7034 7030
2461 2461
5356 6225
288 288
2973 2973
424 424
132 132
3086 3086
2972 2972
3612 3612
1856 1856
141 141
1407 1407
1339 1339
2318 2318
370 370
127 127
3518 3518
3042 3042
2294 2294
2276 2276
2741 2741
2185 2185
2460 2460
1732 1732
466 466
2127 2127
7075 3985
18 18
57 57
1770 1770
2453 2453
99 99
2411 2411
313 313
444 444
445 445
135 135
110 110
315 315
6801 7355
3592 3592
6878 6889
2838 2838
154 154
2831 2831
465 465
151 151
301 301
434 434
3028 3028
1148 1148
284 284
3787 3787
1116 1116
825 825
152 152
469 469
994 994
153 153
2452 2452
467 467
486 486
2835 2835
238 238
150 150
1657 1657
491 491
830 830
2860 2860
2851 2851
2843 2843
2836 2836
243 243
2834 2834
478 478
1206 1206
2846 2846
2841 2841
1053 1053
2884 2884
492 492
2840 2840
107 107
503 503
3392 3392
342 342
2833 2833
3208 3208
267 267
482 482
268 268
7178 7223
2637 2637
427 427
2857 2857
324 324
483 483
2842 2842
3158 3158
2849 2849
1655 1655
3036 3036
245 245
3055 3055
188 188
422 422
823 823
1668 1668
3329 3329
37 37
225 225
822 822
312 312
2114 2114
3656 3656
177 177
1680 1680
3506 3506
174 174
251 251
161 161
820 820
2943 2943
31 31
1826 1826
2832 2832
1425 1425
477 477
863 863
864 864
2632 2632
476 476
828 828
180 180
3368 3368
425 425
2991 2991
3795 3795
860 860
668 668
1216 1216
3005 3005
326 326
270 270
3207 3207
2450 2450
2844 2844
1196 1196
3082 3082
2180 2180
3079 3079
3063 3063
7038 7187
879 879
3839 3839
273 273
271 271
2996 2996
7180 7147
265 265
7156 7013
2423 2423
529 529
2748 2748
3209 3209
426 426
3099 3099
1017 1017
3397 3397
1133 1133
3668 3668
149 149
2977 2977
2187 2187
1727 1727
163 163
585 585
201 201
49 49
2871 2871
1748 1748
2315 2315
1878 1878
1659 1659
2392 2392
115 115
275 275
570 570
274 274
33 33
2190 2190
569 569
279 279
84 84
2239 2239
1697 1697
3080 3080
3061 3061
2123 2123
2431 2431
3050 3050
3782 3782
2104 2104
231 231
7345 6495
2425 2425
2394 2394
479 479
119 119
2819 2819
32 32
6812 7274
2128 2128
230 230
3912 3912
2404 2403
1879 1879
3164 3164
2251 2251
2988 2988
3161 3161
2211 2211
1702 1702
849 849
3654 3654
3046 3046
1872 1872
58 58
2177 2177
3075 3075
3823 3823
3022 3022
1704 1704
2951 2951
1672 1672
1681 1681
6204 6745
3017 3017
2935 2935
3784 3784
272 272
2378 2378
2863 2863
1222 1220
3574 3574
2295 2295
873 873
727 727
2377 2377
3584 3584
3330 3330
3847 3847
294 294
7054 7110
1245 5948
93 93
1202 1202
3576 3576
3577 3577
2336 2336
2997 2997
133 133
2278 2278
2129 2129
2393 2393
3170 3170
1050 1050
3643 3643
1201 1201
3122 3122
7201 7193
571 571
3100 3100
1231 1231
420 420
2254 2254
134 134
175 175
7202 7189
3021 3021
481 481
1408 1408
3084 3084
4433 4433
3596 3596
1911 1911
484 484
130 130
470 470
851 851
1229 1229
2244 2244
3010 3010
3794 3794
1056 1056
7313 1222
1221 1221
7312 7304
1241 1241
7314 6088
7311 7301
6784 7478
6046 1224
6794 1223
7309 7303
7310 6406
1224 6091
7316 5887
5901 7297
5748 5886
6080 6090
7322 7300
1223 6092
5903 7296
7318 5401
1240 1240
1236 1236
1234 1234
1238 1238
1233 1233
5634 5885
1257 1257
1273 1273
2735 2735
1237 1237
1293 1293
1239 1239
1192 1192
5902 5872
2629 2629
1294 1294
1243 1243
3032 3032
1242 1242
6499 5334
7308 5726
2628 2628
2626 2626
3740 3740
7323 6641
3003 3003
2830 2830
5746 5761
1266 1266
3340 3340
1155 1155
3641 3641
3337 3337
2829 2829
3746 3746
4422 4422
2892 2892
3077 3077
7222 6825
2820 2820
3720 3720
4474 4474
573 573
3091 3091
2850 2850
2189 2189
292 292
266 266
3052 3052
3719 3719
2448 2448
269 269
1857 1857
321 321
3072 3072
1831 1831
3156 3156
2447 2447
2462 2462
2947 2947
2446 2446
299 299
276 276
166 166
3059 3059
824 824
187 187
3658 3658
7303 7195
2669 2669
2861 2861
24 24
320 320
1742 1742
1673 1673
4437 4437
3332 3332
490 490
1666 1666
1690 1690
394 394
2022 2022
1724 1724
472 472
1183 1183
3162 3162
1678 1678
2302 2302
1662 1662
1708 1708
3653 3653
3675 3675
1423 1423
3328 3328
1746 1746
2902 2902
853 853
1632 1632
6500 6872
689 689
3640 3640
3634 3634
220 220
2451 2451
1917 1917
351 351
3127 3127
1379 1379
2226 2226
1182 1182
278 278
3571 3571
221 221
442 442
4445 4445
3348 3348
1940 1940
323 323
1323 1323
3054 3054
836 836
4504 4504
3781 3781
3585 3585
3343 3343
3336 3336
1124 1124
2320 2320
3742 3742
675 675
683 683
2321 2321
1276 1276
304 304
3341 3341
447 447
2845 2845
1824 1824
2317 2317
2824 2824
2297 2297
158 158
2333 2333
485 485
3114 3114
2271 2271
3900 3900
229 229
327 327
1401 1401
3896 3896
1420 1420
100 100
473 473
1725 1725
6202 7002
3523 3523
322 322
681 681
2934 2934
1428 1428
296 296
510 510
2463 2463
3333 3333
688 688
6688 6954
7412 7180
4124 4124
1217 1217
3386 3386
850 850
5268 7302
3030 3030
3563 3563
649 649
2183 2183
3772 3772
1049 1049
159 159
2158 2158
1176 1176
3930 3930
1635 1635
2269 2269
1776 1776
7474 3607
3594 3594
7200 7498
7205 7031
2885 2885
861 861
2255 2255
872 872
1796 1796
7315 7311
3733 3733
7319 5728
249 249
1287 1287
6082 7307
3831 3831
2942 2942
2208 2208
1750 1885
7207 6938
7073 6086
1653 1653
6502 5725
2658 2658
184 184
2298 2298
7032 6456
1228 1228
331 331
480 480
1404 1404
852 852
1847 1847
6663 6830
1322 1322
1737 1737
4439 4439
1377 1377
756 756
2103 2103
2456 2456
241 241
528 528
2325 2325
1729 1729
1715 1715
1511 1511
5138 5304
1848 1848
3655 3655
4421 4421
1728 1728
2424 2424
423 423
2989 2989
1207 1207
1664 1717
3502 3502
1180 1180
1823 1664
1722 1722
514 514
3357 3357
3619 3619
34 34
4429 4429
160 160
2023 2023
1510 1510
3540 3540
2309 2309
325 325
3073 3073
3398 3398
7204 6683
3118 3118
717 717
1512 1512
1592 1592
1551 1551
714 714
1594 1594
718 718
1546 1546
1515 1515
1514 1514
1570 1570
1517 1517
1513 1513
1590 1590
1549 1549
1530 1530
1556 1556
1591 1591
1519 1519
1524 1524
1587 1587
1557 1557
1536 1536
1585 1585
1535 1535
1562 1562
1509 1509
1589 1589
725 725
1593 1593
1548 1548
1621 1621
721 721
1542 1542
1588 1588
1598 1598
1576 1576
1606 1606
719 719
1518 1518
720 720
723 723
1539 1539
1566 1566
1600 1600
1620 1620
1607 1607
1610 1610
1532 1532
1613 1613
1615 1615
724 724
726 726
1601 1601
1543 1543
722 722
716 716
1583 1583
173 173
1584 1584
1578 1578
1526 1526
1560 1560
1599 1599
1545 1545
1581 1581
1531 1531
1622 1622
1580 1580
1552 1552
1565 1565
1568 1568
1579 1579
1574 1574
1569 1569
1595 1595
1597 1597
1582 1582
1602 1602
1617 1617
1516 1516
1538 1538
1586 1586
1525 1525
1608 1608
3913 3913
1603 1603
1537 1537
3023 3023
1567 1567
1629 1629
3517 3517
319 319
847 847
3339 3339
199 199
3102 3102
1575 1575
1529 1529
6510 7356
1696 1696
3120 3120
3818 3818
2410 2410
1873 1873
2839 2839
3609 3609
941 941
2403 2404
965 965
3039 3039
1573 1573
167 167
1267 1267
5900 5724
4051 4051
1889 1889
3637 3637
1175 1175
4679 4679
1616 1616
3095 3095
7131 3626
690 690
3669 3669
5894 7142
3639 3639
3613 3613
3667 3667
1520 1520
1268 1268
572 572
4475 4475
3626 6758
3718 3718
261 261
5355 5371
6317 5718
2426 2426
6969 7017
1300 1300
3678 3678
311 311
1333 1333
6362 6951
2438 2438
3979 3979
1393 1393
368 368
165 165
3212 3212
1117 1117
1283 1283
2764 2764
1094 1094
1134 1134
2759 2759
3221 3221
2769 2769
2778 2778
3219 3219
1396 1396
1395 1395
3220 3220
2765 2765
1054 1054
3232 3232
2773 2773
3227 3227
983 983
2781 2781
2766 2766
3217 3217
3215 3215
2775 2775
2779 2779
3411 3411
3218 3218
3252 3252
2878 2878
3229 3229
3230 3230
3255 3255
3410 3410
3256 3256
2351 2351
2771 2771
2761 2761
3222 3222
2756 2756
3224 3224
2757 2757
2772 2772
2770 2770
3214 3214
1394 1394
2755 2755
3407 3407
3251 3251
3225 3225
3235 3235
3216 3216
2910 2910
3413 3413
3226 3226
3228 3228
3223 3223
2783 2783
2774 2774
2495 2495
3409 3409
3335 3335
1350 1350
2782 2782
1398 1398
652 652
3231 3231
2768 2768
2767 2767
2906 2906
3253 3253
3384 3384
2760 2760
3415 3415
3777 3777
1735 1735
3558 3558
1199 1199
6403 7298
4411 4411
3927 3927
2785 2785
2965 2965
318 318
7317 7306
6138 5455
3112 3112
2749 2749
2287 2287
3391 3391
3362 3362
1596 1596
1020 1020
1612 1612
2848 2848
3390 3390
3509 3509
1920 1920
2310 2310
1123 1123
1121 1121
3356 3356
2468 2468
810 810
2780 2780
3355 3355
3364 3373
3372 3372
1135 1135
2449 2449
3354 3354
3370 3370
3359 3359
3371 3364
3353 3353
3373 3371
3377 3377
3351 3351
3363 3363
3375 3375
3374 3374
1572 1572
2338 2338
2777 2777
7028 6956
3213 3213
6124 6942
1230 1230
3674 3674
3503 3503
475 475
6870 7436
44 44
6444 6793
2881 2881
3568 3568
6811 7352
3211 3211
691 691
348 348
3501 3501
1213 1213
862 862
3993 3993
1625 1625
867 867
2630 2630
106 106
3331 3331
4005 4005
1261 1261
2970 2970
3706 3706
4451 4451
4149 4149
883 883
2758 2758
2650 2650
6312 6856
2693 2693
4067 4067
6431 6792
3780 3780
3591 3591
3180 3180
2384 2384
2268 2268
870 870
1349 1349
2888 2888
2743 2743
964 964
3985 7171
3773 3773
2852 2852
2855 2855
692 692
1533 1533
1346 1346
1344 1344
4427 4427
122 122
7382 5720
2655 2655
3852 3852
695 695
2405 2405
2250 2250
1345 1345
2056 2056
2087 2087
3029 3029
2088 2088
2072 2072
1355 1355
1354 1354
2054 2054
2091 2091
2063 2063
2071 2071
3294 3294
3291 3291
2055 2055
3090 3090
2053 2053
2098 2098
3292 3292
694 694
1112 1112
4595 4595
6851 6262
3008 3008
3778 3778
629 629
2089 2089
693 693
4528 4528
6314 6686
2316 2316
1638 1638
3367 3367
3436 3436
306 306
2875 2875
3734 3734
6273 6791
3160 3160
4077 4077
1522 1522
2308 2308
845 845
2465 2465
1541 1541
2374 2374
2873 2873
3088 3088
6996 6859
2342 2342
712 712
493 493
3804 3804
2430 2430
3087 3087
3378 3378
2421 2421
3622 3622
283 283
1119 1119
2273 2273
433 433
1331 1331
1200 1200
1424 1424
449 449
1895 1895
376 376
1788 1701
3732 3732
3676 3676
2277 2277
1745 1788
108 108
1122 1122
1353 1353
2908 2908
1710 1745
3360 3360
4169 4169
3110 3110
3741 3741
1707 1707
6519 6771
1277 1277
1244 1244
3582 3582
3898 3898
1714 1714
131 131
1688 1688
1698 1698
1846 1687
3679 3679
3645 3645
1675 1750
1179 1179
1676 1883
1671 1841
1828 1689
3647 3647
1747 1846
1679 1743
1871 1757
1795 827
1825 1828
1887 1887
1854 1833
1743 1854
1749 1786
1886 1886
1833 1753
1883 1882
1674 1718
1786 1880
1868 1797
1683 1669
1718 1675
1757 1683
1721 1836
1882 1881
1829 1685
1881 1823
1700 1671
1706 1709
1841 1871
1235 1235
4780 4780
1554 1554
6740 6307
1265 1265
3418 3418
391 391
360 360
248 248
2925 2925
341 341
3562 3562
702 702
85 85
4025 4025
3511 3511
3650 3650
680 680
3716 3716
3829 3829
2950 2950
3723 3723
3512 3512
816 816
6995 7197
4150 4150
1416 1416
5752 6089
1419 1419
3704 3704
7299 7338
561 561
6861 7158
4000 4000
600 600
1204 1204
7286 6949
1577 1577
4084 4084
4775 4775
2137 2137
866 866
1547 1547
1059 1059
5613 7166
2044 2044
3802 3802
7021 5973
3738 3738
2097 2097
3705 3705
441 441
3945 3945
6936 6798
7442 5884
815 815
2125 2125
4522 4522
6514 6886
869 869
7351 6795
1061 1061
3420 3420
1413 1413
2246 2246
5755 7308
2443 2443
3505 3505
2224 2224
6856 7474
1376 1376
7415 6799
5043 6226
3621 3621
2865 2865
875 875
1958 1958
1955 1955
814 814
1951 1951
1949 1949
1965 1965
2365 2365
2366 2366
2368 2368
2370 2370
2358 2358
2367 2367
1962 1962
1963 1963
1961 1961
1960 1960
1954 1954
2360 2360
2619 2619
2362 2362
2364 2364
2649 2649
2369 2369
874 874
2359 2359
1964 1964
2689 2689
1956 1956
1952 1952
1009 1009
2652 2652
3565 3565
6679 7450
2734 2734
2674 2674
2640 2640
2635 2635
3569 3569
1194 1194
6767 7446
4126 4126
3169 3169
7035 7045
3524 3524
5314 7448
3416 3416
5941 5809
1994 1994
286 286
6174 6040
6863 7170
4166 4166
6894 7406
1219 1219
156 156
2178 2178
6081 7299
2673 2673
2221 2221
3783 3783
3419 3419
111 111
4155 4155
4123 4123
3809 3809
758 758
6308 7074
3897 3897
3135 3135
2696 2696
112 112
4190 4190
3774 3774
3970 3970
3894 3894
2700 2700
328 328
3727 3727
3796 3796
2684 2684
3899 3899
3895 3895
4241 4241
2641 2641
4191 4191
6313 6347
3366 3366
972 972
4295 4295
6281 6346
3412 3412
3908 3908
2662 2662
2227 2227
3625 3625
414 414
7342 7488
6474 6505
309 309
2664 2664
337 337
1186 1186
1571 1571
3765 3765
3560 3560
2622 2622
3044 3044
1555 1564
282 282
2464 2467
4116 4116
3085 3085
428 428
1421 1421
2422 2422
1259 1281
684 684
1281 1259
2011 2011
6455 6684
2329 2329
2623 2623
1103 1103
1397 1397
6890 6877
5858 5478
1626 1626
1282 1282
347 347
1723 1723
2715 2715
1108 1108
6764 6774
450 450
1966 1966
1279 1279
5751 7104
1125 1125
1113 1113
463 463
563 563
1614 1614
766 766
4181 4181
5940 6172
1957 1957
290 290
939 939
403 403
697 697
3449 3449
3074 3074
474 474
2457 2458
3682 3682
2305 2305
3442 3442
2034 2034
3865 3865
2138 2138
3463 3463
2862 2862
3707 3707
4399 4399
7019 7199
2258 2258
1937 1937
808 808
3646 3646
1074 1074
3445 3445
2864 2864
2334 2334
1641 1641
2020 2020
3049 3049
1932 1932
1067 1067
1079 1079
1925 1925
1073 1073
3347 3347
6842 6824
507 507
1016 1016
354 354
2031 2031
2045 2045
1933 1933
2081 2081
805 805
2003 2003
1195 1195
446 446
2661 2661
946 946
3507 3507
334 334
3105 3105
3133 3133
333 333
2858 2858
7246 3486
157 157
2889 2889
338 338
3426 3426
3344 3344
575 575
5139 5372
3404 3404
2257 2257
1167 1167
2152 2152
3786 3786
3464 3464
6147 6433
2390 2390
3437 3437
3793 3793
264 264
336 336
2266 2266
2683 2683
2690 2690
3447 3447
155 155
6241 6288
2971 2971
6279 6447
1422 1422
1082 1082
1118 1118
579 579
2644 2644
3387 3387
2859 2859
6705 7349
5795 5781
2467 2464
2327 2327
1086 1086
2762 2762
1329 1329
1211 1211
2654 2654
3338 3338
1120 1120
2636 2636
1078 1078
1950 1950
2621 2621
4560 4560
3819 3819
833 833
4034 4034
4939 4939
1071 1071
3636 3636
2406 2406
669 669
953 953
2146 2146
5505 5768
1066 1066
2028 2028
2870 2870
3124 3124
677 677
3439 3439
297 297
244 244
2363 2363
2122 2122
3825 3825
1523 1523
2454 2454
5451 5369
3475 3475
3660 3660
3739 3739
3166 3166
404 404
4018 4018
1269 1269
400 410
6872 6606
2386 2386
332 332
2466 2466
7179 6080
3657 7135
409 409
7193 7275
455 455
3715 3715
1412 1412
3975 3975
5710 5949
560 560
280 280
1921 1921
3396 3396
365 365
3051 3051
6615 6618
679 679
2038 2038
713 713
1382 1382
2043 2043
687 687
2880 2880
2341 2341
448 448
1126 1126
2166 2166
2686 2686
1912 1912
3155 3155
731 731
3423 3423
2437 2437
2434 2434
2429 2429
2432 2432
3994 3994
3361 3361
6862 7018
3462 3462
4408 4408
410 400
4021 4021
431 431
1564 1555
551 551
316 316
951 951
3919 3919
3123 3123
4454 4454
1431 1431
2376 2376
948 948
3686 3686
3109 3109
3089 3089
3671 3671
1618 1618
4061 4061
3731 3731
164 164
949 949
2602 2602
1374 1374
947 947
1640 1640
6555 6512
6465 6249
4556 4556
3034 3034
2584 2584
1506 1506
3803 3803
1089 1089
1631 1631
2597 2597
1025 1025
6544 7294
1254 1254
2598 2598
2585 2585
2605 2605
1092 1092
1011 1011
960 960
7320 7305
6893 1642
7238 6572
2646 2646
2599 2599
7321 7295
4184 4184
1013 1013
1132 1132
6525 6669
7059 6937
4027 4027
359 359
4082 4082
4099 4099
2907 2907
734 734
1295 1295
4332 4089
4171 4129
4129 3938
3978 3978
3414 3414
2199 2199
1058 1058
4452 4452
6634 6643
2596 2596
672 672
996 996
2094 2094
500 500
7169 7058
3020 3020
7096 7066
3438 3438
2060 2060
2979 2984
1990 1990
1065 1065
3984 3984
3295 3295
6173 6266
6900 6472
3789 3789
1297 1296
703 703
2713 2713
737 737
3941 3941
2676 2676
7175 7024
182 182
1928 1928
2051 2051
6697 7202
2042 2042
2998 2998
2012 2012
2675 2675
2040 2040
4022 4022
2288 2288
4002 4002
2052 2052
4297 4297
3791 3791
3478 3478
2645 2645
2678 2678
2847 2847
2345 2345
5884 5590
2140 2140
3451 3451
295 295
1080 1080
6859 6476
3799 3799
3790 3790
4424 4424
494 494
6266 6480
2145 2145
458 458
3427 3427
1634 1634
2639 2639
3792 3792
3579 3579
4559 4559
2592 2592
3006 3006
200 200
2638 2638
1210 1210
3842 3842
3681 3681
3788 3788
3094 3094
2710 2710
944 944
3693 3693
3365 3365
1888 1888
1918 1918
3243 3243
3964 3964
2353 2353
2672 2672
6534 6659
2344 2344
3677 3677
1628 1628
2879 2879
340 340
6084 5638
871 871
1072 1072
3722 3722
1299 1299
3690 3690
2668 2668
2272 2272
868 868
1993 1993
4432 4432
2340 2340
1303 1303
1215 1215
1337 1337
1429 1429
3597 3597
4013 4013
4017 4017
2600 2600
1328 1328
302 302
4415 4415
3575 3575
993 993
2126 2126
1185 1185
4179 4179
3452 3452
1302 1302
3683 3683
3455 3455
1327 1327
1284 1284
4356 4356
7343 5543
7413 6507
3488 3488
3721 3721
401 401
6659 6247
846 846
2891 2891
4092 4092
4571 4571
2061 2061
1903 1903
4182 4182
1981 1981
1178 1178
4935 6349
2307 2307
4161 4161
3465 3465
1308 1308
4019 4019
2648 2648
2993 2992
2035 2035
1347 1347
1309 1309
3144 3144
2903 2903
3598 3598
1979 1979
1018 1018
4168 4168
3184 3184
4079 4079
343 343
1313 1313
4705 4705
4303 4303
7487 6790
3712 3712
1310 1310
7069 6767
357 357
3711 3711
6601 7486
2383 2383
4063 4063
6834 7379
1316 1316
1291 1291
7352 7368
6038 6541
4165 4165
2914 2914
6899 6789
3708 3708
1312 1312
506 506
3812 3812
3672 3672
607 607
3441 3441
4773 4773
7027 6858
7055 7485
1198 1198
1311 1311
1021 1021
2625 2625
1691 1691
4069 4069
821 821
2601 2601
1711 1711
1906 1906
2354 2354
109 109
2784 2784
957 957
509 509
2015 2015
2014 2014
508 508
4055 4055
5325 5218
3828 3828
421 421
3345 3345
2586 2586
2225 2186
709 709
2590 2590
4423 4423
2591 2591
954 954
6428 6279
2698 2698
3186 3186
6886 6494
2371 2371
181 181
1938 1938
3702 3702
3800 3800
385 385
4089 4317
2021 2021
2722 2722
2874 2874
1947 1947
3580 3580
1381 1381
4078 4078
7497 7375
6871 7026
940 940
344 344
3128 3128
402 402
355 355
2347 2347
3730 3730
2479 2479
2194 2194
5819 6033
7493 7286
3610 3610
3943 3943
1904 1904
661 661
3466 3466
2887 2887
6962 6846
4066 4066
3297 3297
1604 1604
3956 3956
6649 7192
1611 1611
2478 2478
2481 2481
2101 2101
2124 2124
1270 1270
3132 3132
4175 4175
3152 3152
2477 2477
2482 2482
2523 2523
2569 2569
2480 2480
2543 2543
538 538
6855 6570
841 841
2986 2986
2613 2613
6246 6931
1285 1285
3019 3019
2719 2719
246 246
6556 6986
3950 3950
3471 3471
4742 4742
2577 2577
806 806
1076 1076
5612 7037
1251 1251
839 839
2653 2653
129 129
5759 5731
260 260
5447 5883
962 962
3709 3709
3737 3737
2883 2883
4750 4750
6220 6957
4113 4113
4544 4544
942 942
2458 2457
253 253
2786 2786
3600 3600
4460 4460
3775 3775
3236 3237
4958 4958
4782 4782
298 298
945 945
1402 1402
4485 4485
1260 1260
2975 2975
3376 3376
958 958
3649 3649
2978 2978
4410 4410
1905 1905
3807 3807
1288 1297
2372 2372
653 653
429 429
3053 3053
6130 6345
1129 1129
938 938
4094 4094
2738 2738
2707 2707
3126 3126
7417 5852
2995 2995
2856 2856
2699 2699
5864 7348
2469 2469
2687 2687
2868 2868
2560 2560
1304 1304
2179 2179
3035 3035
698 698
4157 4157
3955 3955
1330 1330
1907 1907
4564 4564
3946 3946
2036 2036
1527 1527
1014 1014
4420 4420
2281 2281
6546 7014
2905 2905
1624 1624
5456 7480
2078 2078
1197 1197
2236 2236
3389 3389
4524 4524
2682 2682
2352 2352
2235 2235
2232 2232
3383 3383
4163 4163
961 961
2355 2355
670 670
7170 7133
1399 1399
959 959
1318 1318
454 454
6869 6304
2375 2375
613 613
3648 3648
380 380
3688 3688
7103 6468
4167 4167
4601 4601
1320 1320
3797 3797
2733 2701
2701 2733
1249 1249
3901 3901
3981 3981
7188 6293
1528 1528
6454 7044
4341 4341
2732 2732
3620 3620
3250 3250
6760 6471
3920 3920
2694 2694
207 207
2518 2518
2816 2816
7047 6475
4403 4403
2361 2361
3246 3246
2057 2057
1324 1324
6876 6911
2606 2606
2721 2721
2717 2717
4693 4693
1077 1077
2588 2588
4736 4736
1069 1069
2936 2936
7053 6626
1335 1335
2740 2740
4879 4879
435 435
2568 2568
4425 4425
369 369
1305 1305
5660 5376
7040 7046
4299 4299
3417 3417
4461 4461
335 335
3346 3346
6255 6724
1930 1930
255 255
6686 7212
729 729
3573 3573
1060 1060
6807 7461
4704 4704
6880 7353
2350 2350
3845 3845
6195 7033
4212 4212
4450 4450
5772 2382
1165 1165
3514 3514
3877 3877
4440 4440
3856 3856
5279 6163
5229 5241
3768 3768
4213 4213
2750 2750
1290 1290
2301 2301
4252 4252
7291 6932
7110 5723
3779 3779
4016 4016
7023 7209
4419 4419
3736 3736
7344 6691
4885 4885
1212 1212
6835 6725
831 831
574 574
3801 3801
303 303
3472 3472
522 522
812 812
6505 6519
3931 3931
4317 4270
1926 1926
2025 2025
4053 4053
5140 5107
3263 3263
3735 3735
1258 1258
5331 7310
4107 4332
3349 3349
4070 4070
2198 2198
2176 2176
7453 5729
3974 3974
4090 4090
1508 1508
4453 4453
192 192
4189 4189
699 699
1373 1373
3237 3236
6235 6498
3510 3510
1325 1325
2939 2939
7039 7194
7421 7394
1068 1068
2725 2725
5704 5437
3947 3947
1102 1102
3583 3583
390 390
3904 3904
7052 7177
2356 2356
6897 7043
3971 4144
7446 7468
3848 3848
6311 7077
4330 4330
2237 2237
4154 3907
3907 4154
3393 3393
5470 6011
6250 6083
7470 6985
6844 6473
1935 1935
3728 3728
1550 1550
1264 1264
3334 3334
6185 6203
6833 7381
7405 6966
2133 2133
3525 3525
1623 1623
531 531
6700 6205
2611 2611
2872 2872
345 345
1010 1010
314 314
356 356
1189 1189
3710 3710
987 987
7058 6263
1232 1232
4882 4882
2200 2201
2201 2200
3561 3561
189 189
1153 1153
4880 4880
7472 6823
2763 2763
2234 2234
358 350
346 346
3434 3434
2787 2787
3430 3430
339 339
350 358
3424 3424
3608 3608
3627 3627
3623 3623
3631 3631
7440 7472
3632 3632
3628 3628
2853 2853
3630 3630
3629 3629
7064 7047
6600 7151
6717 6580
4455 4455
581 581
3692 3692
2742 2742
4138 4138
6463 6827
2666 2666
3855 3855
4259 4259
1149 1149
1174 1174
4412 4412
1248 1248
4477 4477
1163 1163
3853 3853
3713 3713
329 329
2754 2754
3425 3425
1505 1505
3567 3567
6245 6289
4467 4467
1107 1107
6687 3785
7030 7210
1252 1252
432 432
6297 6177
4043 4043
2296 2296
4484 4484
2593 2593
2730 2730
3388 3388
3081 3081
532 532
4413 4413
2726 2726
2215 2215
7017 5989
387 387
468 468
1630 1630
1432 1432
5123 5080
2727 2727
3431 3431
4036 4036
361 361
6846 7055
6306 6667
2558 2558
3714 3714
2099 2099
4026 4026
4552 4552
2896 2896
2476 2476
834 834
2624 2624
6628 6467
396 396
1093 1093
1280 1280
2159 2159
4535 4535
4636 4636
1019 1019
2256 2256
4883 4883
291 291
2890 2890
504 504
676 676
2357 2357
4567 4567
2897 2897
6881 7445
4480 4480
2670 2670
4604 4604
1934 1934
3958 3958
4582 4582
4186 4186
4251 4251
700 700
2009 2009
2119 2119
258 258
3986 3986
3922 3922
3651 6755
4285 4285
123 123
4111 4111
2196 2196
4008 4008
7357 3238
1315 1315
6252 6550
2634 2634
2691 2691
224 224
1301 1301
4509 4509
3938 4171
3358 3358
2706 2706
6200 6204
3290 3290
658 658
2695 2695
395 395
2024 2024
1995 1995
2746 2746
4080 4080
4310 4310
3454 3454
4834 4834
6750 6474
3859 3859
2752 2752
819 819
3168 3168
7041 5773
2084 2084
4324 4324
3601 3601
3153 3098
2985 2979
6593 7471
1326 1326
1643 1643
2346 2346
3933 3933
6303 6261
4353 4353
3936 3936
3244 3244
2607 2607
3446 3446
2681 2681
826 826
1286 1286
2679 2679
6504 7411
1563 1563
2702 2702
2416 2416
4173 4173
1559 1559
1558 1558
193 193
4770 4770
4024 4024
7209 6273
1070 1070
3129 3129
1561 1561
4062 4062
2474 2474
1319 1319
4087 4087
1154 1154
7049 6813
2139 2139
4527 4527
4226 4226
1540 1540
3590 3590
3515 3515
7012 6605
1885 1829
4335 4335
1433 1433
4109 4109
5980 7190
7128 6268
2680 2680
6430 6240
4730 4730
6267 6246
3293 3293
7324 7184
190 190
4304 4304
4193 4193
763 763
4185 4185
3093 2987
3139 3147
3116 3145
3148 3093
2992 2985
3092 3139
3134 3076
3002 3069
3131 3065
3076 3130
3149 3057
3147 3153
3125 3002
3146 3151
3119 3097
3145 3137
3130 3138
3142 3134
3136 3131
3069 3056
3115 3066
3097 3117
3141 3149
7105 6809
7080 7020
4957 4957
3661 3661
6347 6944
7300 6271
4569 4569
3616 3616
3408 3408
4903 4903
2385 2385
3381 3381
4765 4765
4549 4549
6506 6520
417 417
4250 4250
4678 4678
4899 4899
7237 6621
4887 4887
1048 1048
4472 4472
3717 3717
6213 7217
6445 6521
259 259
6251 6967
3421 3421
3380 3380
1701 1710
3917 3917
2220 2220
3659 3659
4004 4004
5507 5089
2059 2059
2195 2195
6879 6864
557 557
4294 4294
6511 7373
4307 4307
4298 4298
7444 6806
6309 6522
4096 4096
6960 1977
2026 2026
1109 1109
835 835
5750 5501
2373 2373
5977 7271
1111 1111
1939 1939
838 838
7424 6189
2647 2647
2620 2620
4015 4015
3989 3989
7102 7139
4593 4593
7236 6721
2291 2291
3504 3504
605 605
3976 3976
601 601
3513 3513
5190 5248
2079 2079
3903 3903
3962 3962
2270 2270
4389 4081
2633 2633
2080 2080
4218 4218
5287 6087
2688 2688
4183 4183
3698 3698
4290 4290
5713 5692
2331 2331
1075 1075
3967 3967
4081 4389
4296 4143
4143 4296
6636 6197
6930 6936
1430 1430
3614 3614
1717 1868
634 634
4572 4572
2498 2498
1115 1115
2210 2210
1685 1679
3689 3689
2050 2050
3846 3846
1687 1676
4732 4732
4745 4745
4722 4722
6464 6796
1105 1105
6584 6610
7282 7148
4666 4666
1902 1902
655 655
1436 1436
1256 1256
1709 1749
1953 1953
2388 2388
2612 2612
6208 7479
3572 3572
827 1674
7306 6562
2241 2241
3531 3531
2144 2144
3607 7473
430 430
4436 4436
7157 6195
651 651
2149 2149
4177 4177
6423 6462
2895 2895
2186 2225
379 379
3909 3909
378 378
5353 5919
6341 6487
6335 6869
536 536
3234 3234
3805 3805
4759 4759
1052 1052
2916 2916
1669 1721
1880 1825
1689 1795
3835 3835
1751 1790
1753 1700
1790 1747
1705 1751
1836 1713
1797 1706
1713 1705
2066 2066
2029 2029
4375 4263
4042 4375
353 353
6210 7048
2703 2703
2704 2704
3798 3798
208 208
5644 6443
6493 6489
4056 4056
656 656
5556 5360
1150 1150
6310 6973
3968 3968
7149 7346
2608 2608
4156 4156
4047 4047
832 832
3850 3850
2290 2290
5976 6685
1081 1081
3599 3599
4057 4057
1642 6007
1936 1936
2505 2505
6146 6633
4757 4757
1352 1352
2854 2854
3685 3685
6272 6230
2047 2047
2665 2665
7086 5603
4643 4643
992 992
6723 7039
4478 4478
4543 4543
2292 2292
7112 6237
3564 3564
2656 2656
7206 6497
6719 7149
4589 4589
4505 4505
5668 5417
2475 2475
6346 7078
2708 2708
3440 3440
2002 2002
2894 2894
6796 6840
2540 2540
1891 1891
1945 1945
3586 3586
389 389
3832 3832
4041 4041
6006 7315
372 372
2561 2561
2033 2033
5899 6026
3382 3382
3467 3467
6847 6829
4740 4740
195 195
1177 1177
6932 7487
3530 3530
587 587
5611 6235
2471 2471
3476 3476
219 219
4748 4748
7473 7280
1190 1190
4909 4909
1169 1169
4242 4242
4009 4009
3121 3121
6741 6865
436 436
1997 1997
7165 7391
5328 6727
2744 2744
3666 3666
3539 3539
2286 2286
6860 5879
3477 3477
7043 7038
4236 4236
730 730
1943 1943
4088 4088
1181 1181
3982 3982
6956 6655
4438 4438
1901 1901
3902 3902
2893 2893
6758 7227
6338 5472
3665 3665
256 256
7353 6718
3872 3872
4264 4264
2519 2519
4119 4153
7187 7198
1371 1371
4361 4361
2489 2489
3995 3995
6909 6284
6622 6073
6609 7154
7481 6553
4918 4918
3496 3496
2533 2533
2520 2520
4164 4164
842 842
6708 5124
6726 7389
1296 1288
5359 7004
3703 3703
2571 2571
1553 1553
4948 4948
4266 4266
3197 3197
4028 4028
2500 2500
2901 2901
4928 4928
4006 4006
2326 2326
4551 4551
7125 6504
3923 3923
3990 3990
1278 1278
4418 4418
1227 1227
4135 4135
3642 3642
4959 4959
1357 1357
1114 1114
4388 4107
4244 4244
2618 2618
2728 2728
3987 3987
388 388
4435 4435
4104 4104
1336 1336
637 637
4060 4060
2037 2037
4209 4209
2603 2603
2663 2663
5747 5747
513 513
7033 6250
7331 6770
1253 1253
6802 6370
2473 2473
4245 4245
4223 4223
3210 3210
1263 1321
732 732
2510 2510
4718 4718
373 373
1919 1919
6902 7322
2574 2574
191 191
2507 2507
4076 4076
6781 6634
7024 7494
7111 6081
682 682
2032 2032
2077 2077
6448 6245
989 989
4703 4703
6212 3657
5718 5732
4372 4372
3961 3961
2018 2018
4121 4121
6460 3638
1927 1927
3851 3851
4767 4766
2886 2886
3871 3871
1988 1988
6406 7218
4766 4767
5035 5370
6453 6821
6623 6378
3468 3468
4331 4331
3487 3487
4342 4342
7478 6780
7078 7060
6979 6943
383 377
4159 4159
459 459
674 674
6118 6215
7408 6579
5931 6817
6178 6493
7427 6598
375 375
5040 5232
6877 6483
4714 4714
2712 2712
4275 4275
4279 4279
3844 3844
464 464
4202 4202
4256 4256
6817 6765
4199 4199
537 537
2420 2420
2627 2627
7129 6974
7451 6300
3492 3492
4728 4728
2312 2312
7141 7146
2161 2161
6978 6556
1942 1942
3635 3635
168 168
3489 3489
3992 3992
4120 4120
5592 6034
384 383
2483 2483
4091 4091
4469 4469
6951 7351
4131 4131
277 277
2154 2154
7122 5271
3822 3822
4381 4381
4257 4257
6967 6624
4886 4886
4097 4097
4702 4702
4035 4035
4170 3971
2671 2671
1348 1348
3951 3951
4125 4125
2659 2659
4530 4530
3479 3479
4247 4247
3977 3977
591 591
5321 5727
4328 4328
3959 3959
4283 4283
2877 2877
4692 4692
4720 4720
4147 4147
6738 6384
4160 4160
1931 1931
521 521
6363 7118
2348 2348
4100 4100
1437 1437
2470 2470
1062 1062
696 696
349 349
2563 2563
3837 3837
1453 1453
1447 1447
2753 2753
3296 3296
6680 6554
4889 4889
4284 4284
4224 4224
1456 1456
1441 1441
1460 1460
1455 1455
1440 1440
1458 1458
1439 1439
1457 1457
1445 1445
1462 1462
1448 1448
1454 1454
1451 1451
1450 1450
1446 1446
3254 3254
1444 1444
6339 6127
2685 2685
2660 2660
367 367
4318 4318
3239 3239
4377 4377
6815 6841
6083 6233
1063 1063
5651 5411
4588 4588
3915 3915
2866 2866
2736 2736
995 995
7217 6597
4525 4525
4547 4547
2019 2019
710 710
583 583
3617 3617
2175 2175
3605 3605
4106 4106
2349 2349
4462 4462
1214 1214
5167 3684
6258 6876
6783 6828
5267 5757
6484 6425
4426 4426
7066 6871
2048 2048
4466 4466
4446 4446
4777 4777
2090 2090
2570 2570
4402 4402
3486 7161
489 489
7489 6855
4916 4916
2718 2718
3891 3891
1463 1463
2455 2455
8 8
2516 2516
5052 4935
2212 2147
6476 7395
4684 4684
1262 1262
3840 3840
3940 3940
4382 4382
7367 7257
1368 1368
6489 7283
2238 2238
2260 2260
1366 1366
3469 3469
1152 1152
1292 1292
4754 4754
4344 4343
4343 3948
3948 4344
3432 3432
640 640
2313 2313
4545 4545
604 604
2067 2067
2433 2433
2013 2013
4134 4134
2204 2188
2218 2148
6247 5745
6816 6832
2445 2445
2427 2435
6232 6810
7085 7452
7083 6892
6614 5921
5408 5346
1367 1367
2130 2130
2148 2212
2261 2261
6183 6202
7067 7459
471 471
2216 2204
566 566
2193 2206
2207 2160
2206 2267
2135 2214
2267 2265
2265 2151
2155 2131
2151 2264
2264 2263
2222 2218
2173 2193
2172 2262
2230 2172
2132 2207
6221 6491
3834 3834
5753 5719
5320 5604
3886 3886
4468 4468
4441 4441
2511 2511
3664 3664
639 639
3611 3611
3245 3245
3459 3459
6209 6287
1461 1461
6702 6103
7302 7214
1946 1946
4952 4952
1272 1272
4955 4955
2822 2822
3460 3460
4831 4831
4778 4778
3696 3696
3422 3422
3167 3167
6342 6400
4914 4914
4923 4923
7022 6952
4263 4042
1900 1900
2536 2536
6355 5375
1317 1317
642 642
4949 4949
5266 5978
2567 2567
6836 6805
3190 3190
578 578
6568 6575
4409 4409
3185 3185
1298 1298
2587 2587
5239 5137
4366 4366
4327 4327
6477 6385
4198 4198
4333 4333
4151 4151
837 837
3435 3435
7100 5739
5332 7080
4194 4194
4118 4118
2062 2062
438 438
4739 4739
1151 1151
3876 3876
5749 6881
2285 2285
590 590
234 234
3428 3428
3433 3433
4830 4830
4818 4818
1127 1127
3998 3998
3581 3581
1022 1022
257 257
6557 5496
1438 1438
2917 2917
2898 2898
3379 3379
6302 6831
5892 6915
5478 5453
4991 4991
4900 4900
5796 5088
4922 4922
813 813
4968 4968
2557 2557
6461 6991
6520 7393
2096 2096
4888 4888
7087 6788
615 461
1948 1948
460 460
7480 7361
562 562
6171 6969
202 202
6515 6664
7127 7063
1145 1145
7411 6815
462 462
7168 5507
950 950
3238 7412
3999 3999
7071 7136
2339 2339
7230 6607
6060 6382
4230 3980
4229 4180
461 615
610 610
4052 4282
4282 4052
5978 6573
2153 2153
4158 4158
2509 2509
2595 2595
3526 6947
3288 3288
6864 7385
4152 4152
2494 2494
4286 4286
2083 2083
4725 4725
4609 4609
7363 7333
2578 2517
2343 2343
4817 4817
6961 7249
4733 4733
3483 3483
5275 5654
5389 5335
7407 6020
6054 5377
7496 6258
6818 6854
2076 2076
740 740
236 236
4449 4449
4225 4225
4565 4565
4033 4033
4270 4255
7212 7341
5289 5257
2900 2900
3342 3342
235 235
7060 7152
5001 6528
6021 7207
1064 1064
439 439
5358 5374
3444 3495
3495 3444
4602 4602
4563 4563
4037 3934
3456 3456
2705 2705
1645 1645
2058 2058
7117 7317
6955 7001
3854 3854
3195 3195
4506 4506
5041 5211
6501 5280
7368 6852
1369 1369
4501 4501
6440 6837
5559 6449
5305 5920
5896 5932
4500 4500
1992 1992
4827 4827
1161 1161
4203 4203
4374 4229
4201 4230
3980 4374
4195 4351
3996 4352
5418 5256
1449 1449
6483 6916
3474 3474
4444 4444
5463 5785
1521 1521
1619 1619
2524 2524
6889 5424
2551 2551
4300 4300
7011 7005
2488 2488
3932 3932
1646 1646
457 457
2041 2041
7307 7407
6189 6201
3949 3949
6770 6484
3395 3395
7130 7426
452 452
3963 4038
4180 4292
1507 1507
4645 4645
7014 6594
4007 4007
548 548
2581 2581
7490 7211
6315 6223
4621 4621
4206 3966
567 567
558 558
3928 3914
4187 4187
3966 4388
4065 4065
3806 3806
7210 6068
7166 7088
2776 2776
943 943
5851 7098
6299 5416
6780 6807
3813 3813
4829 4829
4680 4680
4908 4908
3942 3942
254 254
3888 3888
6868 6811
6064 6743
3662 3662
4977 4977
5694 5659
5691 5660
1534 1534
4697 4697
7029 6545
516 516
1544 1544
1609 1609
1627 1627
2677 2677
2909 2909
3287 3287
4336 4336
6795 6909
1024 1024
4172 4031
7384 6848
4401 4401
3725 3725
1384 1384
5348 5251
1110 1110
1147 1147
4072 4072
576 576
7140 7022
6547 6404
4049 4010
2737 2737
374 374
4603 4603
4272 4142
3969 3969
4832 4832
4811 4811
3544 3544
6393 5945
2541 2541
5576 5140
4473 4473
5669 6430
6494 6119
811 811
4364 4309
4385 4373
4141 4098
4345 3522
4045 4349
4127 4162
4367 3916
4271 4371
3965 4308
4130 3921
4379 4355
4348 3929
4046 4049
3916 3928
4221 4272
4073 3953
4378 3963
4288 4029
4320 4219
4255 4148
4383 3952
4302 4383
4133 4221
4387 4337
4269 3965
4371 4281
4108 4387
4337 4386
3929 4095
4148 3972
4278 4320
3972 4385
3952 4313
4362 4058
4101 4384
4311 4293
3921 4379
4031 4365
4215 4195
4373 4350
4281 4197
4254 4222
4095 4210
4386 4378
4085 4127
4083 4174
4384 4083
4176 4133
4354 4376
4222 4235
4086 4215
4322 3973
4376 4360
4217 4346
4075 3996
4093 4312
4098 4206
4219 4369
4280 4201
4350 4311
4174 4003
4346 4368
4192 4315
4368 4020
4309 4211
4293 4101
4267 4045
4351 4110
4321 4354
4359 4046
4211 4073
4312 4314
4308 4267
4352 4141
4306 4246
4287 4172
3924 3924
6603 7178
4638 4638
1085 1085
5212 6963
2731 2642
2716 2731
7362 7200
4924 4924
5137 5368
4801 4801
7139 6272
2555 2555
4507 4507
5969 6750
4032 4032
4513 4513
3157 3157
5189 5327
4971 4971
6585 7071
5527 6101
6852 6216
4117 4117
3633 3633
4930 4930
4954 4954
4904 4904
6516 7416
6140 6863
568 568
4761 4761
2506 2506
4737 4737
7330 7216
738 738
209 209
5802 5522
2546 2546
2525 2525
5584 5432
3199 3199
6629 5559
6408 7289
5263 6680
6270 6331
5839 6466
6675 5840
616 616
7138 7453
4228 4228
4012 4012
2314 2314
2289 2289
5852 5832
6434 5838
6452 5891
6169 5837
6830 7191
4030 4030
3485 3485
3499 3499
5882 5834
4989 4989
3470 3470
3350 3350
2517 2578
5714 6982
6420 6459
2197 2197
3694 3694
2657 2617
2729 2724
2617 2657
2714 2697
2643 2631
2724 2729
2651 2643
2667 2723
2697 2651
2723 2716
6479 6779
5891 6308
2282 2311
2304 2280
2328 2304
6583 6596
6763 6772
7042 6592
3695 3695
3203 3203
415 415
4943 4943
6637 6759
757 757
7386 6784
6599 6603
1913 1913
4931 4931
6573 6955
6231 6238
7335 3651
4581 4581
451 451
6085 6517
5475 5423
5741 6411
5294 6064
5519 6367
6792 6533
4755 4822
1341 1341
6206 5987
3301 3301
495 495
6736 7330
7423 7444
4717 4717
1342 1342
5136 5146
6187 6207
2547 2547
1184 1184
4664 4664
7079 7182
2817 2817
7063 6515
6228 6524
1340 1340
3816 3816
4881 4881
5635 7285
7151 6155
6478 6383
4681 4681
4724 4724
6648 6267
6991 6198
6754 7279
5568 6372
6718 6255
3309 3309
7142 6428
4814 4814
7425 6698
6987 6283
3308 3308
4936 4936
6257 6264
2027 2027
1099 1099
6447 6018
5937 6137
5993 6637
7088 6510
5094 5145
1247 1247
5992 6850
4541 4541
7463 6199
4713 4713
2274 2274
7260 7243
7020 5985
6805 7251
6518 6325
7037 7457
645 645
6153 6508
6850 7159
4663 4663
6797 7440
5742 5277
598 597
597 598
3680 3680
4555 4555
6407 6386
1271 1271
3889 3889
1360 1360
5520 6868
3843 3843
2915 2915
6291 7165
6488 6188
6170 5793
7285 6165
7456 5849
5319 5787
6790 7392
1977 6448
3697 3697
2867 2867
2381 2381
2904 2904
6632 6455
6486 6652
3785 7061
1083 1083
3726 3726
5070 5974
1157 1157
6791 6393
6276 6244
2085 2085
2739 2739
437 437
5771 5497
3497 3497
6224 7421
6699 5999
6437 5394
7359 6436
5387 5940
7113 5396
6269 6833
5671 5397
5385 6457
6226 6343
6077 7410
7144 963
3159 3159
1095 1095
4921 4921
588 588
6626 6186
5957 7328
6340 5759
5226 5420
4074 4074
1091 1091
7298 5730
4942 4942
6744 5462
5086 5042
5151 5090
196 196
194 194
6691 6665
4606 4606
4232 4115
3603 3603
2065 2065
4850 4850
4849 4689
4711 4851
662 662
397 397
412 408
399 382
411 405
408 384
6579 6746
2919 2919
7457 5792
6731 6704
6586 6754
643 643
2217 2217
6778 6814
986 986
5477 5337
5322 7095
5265 6730
5276 6696
6540 7466
5277 5873
5271 5741
5272 5746
5657 6803
5274 6234
7399 6726
1142 1142
984 984
7068 6608
2075 2075
1162 1162
5515 6635
3286 3286
6914 7463
5672 6381
6457 5490
5517 6380
4456 4456
6002 5580
5514 6619
6172 7439
6466 6193
5575 5492
5547 7358
6392 6870
5511 5577
7172 7336
5666 6941
7240 5491
6162 5494
5521 7188
5959 7003
7199 5493
6673 5984
5933 5547
7400 6185
6377 6676
5510 5495
6134 6078
6048 5512
6372 7258
6167 6514
5513 5764
5860 6496
5987 7222
6150 7163
5516 6344
6953 6934
4584 4584
4615 4615
4583 4583
5709 6099
2074 2074
6577 6577
7010 7415
4674 4674
6277 6972
7406 5946
3240 3240
6550 5816
6966 7254
2102 2102
2046 2046
456 456
4944 4944
4538 4538
586 586
2580 2580
3241 3241
4926 4926
7227 7205
584 584
5922 5141
1097 1097
3537 3537
1383 1383
4178 4178
6916 6899
6216 6613
4153 4119
6240 6488
4613 4613
4816 4816
1978 1978
7370 6136
6091 5881
5488 5748
1464 1464
4685 4685
5232 5332
6903 6845
3827 3827
393 393
7191 7350
6495 5534
2535 2535
2583 2583
2219 2219
352 352
4950 4950
6808 6879
2231 2202
2869 2869
4856 4856
5676 5440
6766 6808
4891 4891
4448 4499
5805 5789
3935 3935
4239 4239
4802 4802
2487 2487
7374 7500
2093 2093
2136 2136
5076 6334
3824 3824
3323 3323
7263 7241
3429 3429
6263 7208
3313 3313
3991 3991
7482 7408
5688 5383
4566 4566
6597 1959
3663 3663
4690 4690
5050 5841
4465 4459
3321 3321
4721 4721
5966 5412
7044 6975
377 407
5368 5385
7422 7010
5923 5221
4457 4434
3311 3311
6698 6839
3811 3811
6087 6097
5570 5843
5296 5548
809 809
4804 4804
2794 2794
2801 2801
6456 5833
2799 2799
2791 2791
2802 2802
2796 2796
2803 2803
2790 2790
2797 2797
2800 2800
2798 2798
7426 5721
6361 7265
2809 2809
5756 7409
3473 3473
6211 6914
2807 2807
518 518
519 519
5170 5942
6155 6399
742 742
4806 4806
1343 1343
4532 4532
4625 4625
300 300
1459 1442
2499 2499
6468 6371
2549 2549
5563 6762
6867 6887
5762 6539
362 362
7433 6736
5712 5882
4779 4779
4443 4443
525 526
524 520
4442 4442
6972 6501
6090 5545
6239 6477
4539 4539
4809 4809
4988 4988
6467 6413
7418 7343
6424 6112
4768 4768
4707 4707
6482 6451
5757 6479
6507 6105
3177 3177
523 527
527 515
6925 7434
5770 7050
3057 2993
3453 3453
4622 4622
3494 3494
7346 6849
685 685
4687 4687
6707 6705
4268 4268
554 554
5754 7420
3882 3882
2582 2582
6982 7101
7348 6732
6259 6595
3892 3892
4476 4458
4447 4465
6841 5844
4470 4448
4483 4457
4428 4428
4463 4431
4431 4447
4479 4476
7241 6437
1370 1370
4941 4941
4872 4872
3204 3204
6734 7129
7381 6984
6414 5287
1380 1380
7076 7009
4048 4048
1359 1359
6278 7196
3065 3119
2984 3064
3066 3150
1387 1387
4204 4204
1386 1386
2068 2068
2459 2459
3833 3833
4932 4932
2987 3058
1466 1466
1469 1469
1388 1388
6919 6375
1139 1139
4234 4234
6694 6589
4340 4340
1470 1470
7464 6851
6799 7290
3638 6442
7385 6252
6348 6552
6703 6285
4744 4744
4940 4940
6981 6611
6727 5956
1472 1472
5912 5906
7136 6918
7229 6500
6008 5634
1467 1467
7467 7354
6743 7432
239 239
4464 4464
4064 4064
5652 1474
4481 4481
2572 2572
4554 4554
3925 3925
3458 3458
7108 6077
4132 4132
2508 2508
6089 6950
3151 3125
3056 3141
3104 3115
3058 3092
3138 3101
3150 3140
3064 3104
3143 3143
3117 3116
3140 3146
3137 3136
5893 5713
4122 4122
3532 3532
5853 5842
3957 3957
6065 6891
6613 6578
4901 4901
6487 7334
6587 5024
6106 5108
6596 6050
3836 3836
2589 2589
3233 3233
1 1
35 35
596 596
5504 6059
547 547
3394 3394
7181 6571
7189 6162
6728 6142
3808 3817
4404 4404
7015 6699
2472 2472
549 549
555 555
544 544
556 556
545 545
6582 6587
3176 3176
7389 6465
5758 6441
7213 7449
1987 1991
550 550
1985 1989
1989 1987
6779 5735
7379 7386
530 530
955 955
6645 7157
6318 6591
4823 4823
4662 4662
5720 3527
5364 5658
419 416
6103 5381
4614 4618
4526 4526
7081 6581
1362 1362
6729 7162
6561 5618
543 541
7226 7183
6492 6847
7410 7419
6029 5771
7350 7400
3450 3450
6904 6000
3314 3314
6442 5611
6055 6281
552 552
7119 7115
1975 1975
4694 4694
2804 2804
6633 6211
7016 7086
5075 5427
580 580
1168 1168
1057 1057
1924 1924
6598 6576
4205 4205
5705 5895
5558 6196
4273 4273
6249 7470
3527 3526
553 553
6049 6785
5204 5357
5591 5230
7290 5697
5194 5810
5201 6239
5461 5228
6095 7403
6543 7282
5203 5231
5195 5428
6435 6348
5197 6038
5283 6838
5202 6049
5205 6690
6533 6376
3352 3352
4503 4510
6041 6023
686 686
4896 4896
4644 4644
599 599
7479 6222
4600 4600
2610 2610
1255 1255
4791 4791
4508 4511
4511 4508
4502 4503
6215 5127
7177 7131
4145 4145
6895 7215
6934 5711
1916 1916
4691 4691
4620 4620
4906 4915
1442 1459
6974 7144
4905 4905
5073 5422
4580 4580
3997 3997
6112 6116
4540 4540
5500 5829
6971 7347
4139 4139
7364 5952
5571 6913
7137 6968
3893 3893
4417 4417
3644 3644
1364 1364
2504 2504
4231 4231
392 392
2788 2788
3867 3867
4105 4105
6646 7067
440 440
4937 4937
6343 6654
5895 6282
6389 6075
2911 2911
6998 6874
7369 5219
4536 4536
1087 1087
3815 3815
5503 5941
1143 1143
4144 4347
2414 2414
6959 6310
6689 6492
6319 7054
6031 1263
4912 4912
7176 6309
6521 6700
4430 4430
4927 4927
7239 6096
6755 7374
7471 7179
6485 6547
4951 4951
7301 7287
5763 7122
6198 6213
6197 6212
6954 5505
1106 1106
5439 6555
2497 2497
4994 4994
5781 6190
5580 6679
4933 4933
4934 4934
2283 2283
2082 2049
2100 2095
2049 2039
2064 2064
6994 6945
6248 7493
5367 5382
4797 4797
7327 7127
4875 4875
3533 3533
6749 6229
2554 2554
7072 5451
3191 3191
2575 937
3179 3179
3192 3192
3174 3174
3194 3194
3193 3193
3175 3178
3183 3183
620 620
3448 3448
6968 5026
5127 5034
2912 2912
6814 6801
4682 4682
603 603
3317 3317
3493 3493
4701 4701
4774 4774
1104 1104
4708 4708
6866 7073
4686 4686
4716 4716
4405 4405
4810 4810
5825 6836
5942 5473
5929 7477
6737 6290
6654 6964
7135 5954
6539 5601
6261 6663
5837 7049
5595 7292
5501 5710
6656 6689
1098 1098
7091 7084
7092 5433
7146 7345
6910 6537
7145 6005
4898 4898
4983 4983
4953 4953
6911 5736
7093 6113
6015 6079
5776 6536
6912 5550
4902 4945
6528 5521
5887 5525
7196 7141
5729 5694
7220 6819
4741 4878
4746 4746
592 592
1166 1166
5077 5073
608 608
4671 4671
6509 6387
2537 2537
4847 4786
3521 3521
4786 4847
4841 4841
487 487
6562 6586
4969 4969
6757 6804
6398 7495
641 641
4683 4683
7228 6834
5357 5363
7203 7369
5069 5836
6386 5991
7173 6826
2562 2562
7013 6506
7077 5924
5433 5441
5939 6687
6873 7169
5577 6302
6421 7124
5363 5384
5365 6209
5411 5786
6128 5937
5370 5386
6887 5947
7057 6737
5956 6269
5811 6292
6132 6729
7333 5284
1363 1363
6541 7414
4689 4711
4743 4743
3443 3443
406 406
488 488
5801 5347
4846 4846
6891 6885
3498 3498
6419 5627
4911 4911
4542 4542
4995 4995
7332 6769
6838 6297
3304 3304
371 371
5775 7083
678 678
6360 5930
5124 5322
541 543
3826 3826
3841 3841
4214 4214
6397 6558
413 413
398 398
502 502
3461 3461
3866 3866
3820 3820
4550 4550
5627 5646
7252 7236
4992 4992
250 250
5844 5911
6432 7451
3172 3172
818 818
2806 2806
4648 4648
6682 6629
7216 7340
6898 7430
2751 2751
564 564
496 505
511 511
7233 6622
6681 6074
1443 1443
505 496
6034 5788
4587 4587
7234 6306
1306 1289
3860 3860
1314 1274
1307 1314
1275 1275
1334 1334
1332 1307
5316 5182
5792 6509
4946 4946
2188 2205
4575 4575
3182 3198
6574 6388
5829 5552
6776 6904
4962 4993
952 952
5131 6542
7414 6047
5784 5691
6207 5598
6282 6319
6676 5192
5628 6389
6351 6321
6947 6927
3320 3320
4660 4715
1090 1090
4840 4840
6813 5599
5493 6609
3171 3171
6003 5152
1096 1096
5490 6917
4976 4976
4735 4735
5629 6318
6284 5191
6379 5320
7391 7390
4726 4798
5783 5690
5682 6121
4618 4614
2389 2389
7419 6314
7271 7418
4749 4849
4626 4626
7256 7237
6712 6712
3369 3369
2240 2240
6385 6410
622 622
1435 1435
5862 7388
4635 4635
5162 5524
644 644
4978 4978
4558 4517
3257 3257
5537 5002
6154 5392
5211 5106
6616 6336
4562 4562
4392 4392
5849 5944
1991 1985
3457 3457
169 169
6943 7372
4972 4972
2513 2530
6848 7221
3937 3937
7262 7253
7248 7246
7266 7228
1392 1392
4825 4825
6762 6627
6775 7455
4416 4416
7118 6452
3729 3729
4820 4820
4677 4677
1047 1047
2147 2216
3242 3242
7441 7248
4819 4819
4865 4865
4291 4011
4292 4291
4699 4845
4523 4523
4798 4858
5599 5571
5399 6882
6571 6585
5761 5738
5130 5557
595 595
7337 6009
582 593
5598 5929
5597 5568
5981 5567
2812 2812
635 635
1967 1967
7192 5570
1468 1468
7393 6962
6858 7387
6469 5665
636 636
5695 5664
3541 3541
2134 2231
2275 2230
2160 2135
2156 2222
2262 2275
2213 2134
2157 2132
2247 2247
2214 2173
2205 2155
2192 2213
3307 3307
7402 7042
3817 3808
4897 4897
4769 4769
5824 6208
6549 5675
6809 5850
7253 7238
7259 7226
7247 7242
7257 7233
7251 7378
7249 7244
7265 7245
7258 7230
443 443
5633 6394
6094 6561
6761 6583
2921 2921
6715 5295
7223 7314
3687 3687
7483 6761
6043 6818
5586 5967
2000 2000
6472 5009
497 497
4763 4755
3881 3885
7429 5925
6774 7438
6874 6734
666 666
2203 2203
6079 6326
407 399
4607 4607
6490 7383
7468 7382
5409 5963
1084 1084
4784 4784
7232 5407
4990 4990
3259 3259
2826 2826
4858 4699
7380 5373
6963 6054
4514 4515
7235 6674
4515 4502
4510 4512
4512 4514
5999 6756
7194 7174
5822 5630
589 589
6554 6692
5807 6844
6069 5662
5816 5794
4857 4857
6610 6716
2485 2485
5396 5333
6072 6072
6418 6731
2490 2490
2544 2544
4771 4695
1055 1055
7437 7121
5171 5574
4907 4907
7215 7090
618 618
381 381
4756 4749
4395 4395
7025 6948
4706 4706
6824 5897
1187 1187
5947 6338
6399 7398
6225 6720
2532 2522
5848 6259
5253 5678
7339 6910
6624 7460
5241 7326
2827 2825
5278 7096
4315 4208
4920 4920
741 741
2545 2545
3481 3481
6194 6210
2813 2813
4393 4393
3624 3624
2534 2528
2486 2501
7304 5916
937 2548
2539 2529
2529 2496
2491 2486
2550 2539
2496 2491
2559 2532
2515 2550
2512 2512
2564 2579
2526 2566
2528 2513
2566 2565
2521 2515
2553 2521
2579 2526
2565 2534
6113 6131
4938 4938
6661 5555
6669 5259
5247 5255
6237 6065
3181 3181
4762 4696
7397 7357
2828 2828
4696 4803
6415 6463
6073 6416
1141 1141
1140 1140
606 606
4688 4760
609 609
6071 5869
1138 1138
4698 4668
4868 4751
4700 4660
4869 4843
4710 4665
4874 4873
4669 4868
4877 4848
4667 4771
4788 4813
4665 1191
4668 4667
4670 4669
4828 4799
4712 4670
4719 4672
4799 4747
4723 4688
4836 4866
4729 4698
4838 4729
4734 4700
4753 4709
4842 4726
4876 4877
4758 4710
4863 4762
4772 4712
4812 4808
4870 4876
4783 4719
4824 4753
4866 4874
4785 4723
4833 4844
4864 4870
4789 4727
4848 4800
4862 4864
4790 4731
4852 4863
4837 4842
4794 4734
4808 4824
4860 4783
4796 4738
4821 4790
4854 4869
4800 4741
4803 4861
4805 4837
1474 7312
6643 7454
7458 6153
621 621
1434 1434
6042 6296
3491 3491
7293 6733
3490 3490
6217 6043
3858 3830
3810 3810
5135 6055
6821 7256
6892 5226
3830 3884
7218 7316
7250 7235
3188 3188
6388 5595
3326 3326
3482 3480
3884 3879
3934 4112
1101 1101
2795 2795
5622 7056
6013 5135
6820 6173
5213 5584
3880 3858
2825 2827
2823 2821
6481 7276
1137 1137
1136 1136
6732 6989
6283 6320
7147 6646
5711 7447
4112 4044
7148 6649
6179 5153
1929 1929
4546 4627
3548 3548
5528 7089
4915 4906
4003 4248
5067 5013
6293 5410
4210 4188
4011 4249
6773 6768
4249 4334
4248 4323
3535 3535
3870 3881
5214 5831
5768 5704
4993 4962
6238 4631
7163 7075
5496 6657
3861 3863
3914 4037
6107 5012
4246 4367
3873 3869
2030 2030
6896 5750
7261 5635
6567 6574
6576 6601
2073 2073
5487 6257
3484 3484
4142 4170
540 540
743 743
1968 1968
6935 5965
1476 1476
754 754
6449 6717
6883 7293
4258 3988
3602 3602
4128 4277
657 657
1477 1477
1980 1980
5794 5301
3178 3175
539 542
565 565
559 559
542 539
5473 6120
3276 3276
4323 4276
4576 4630
7185 5582
3273 3273
4974 4974
7174 6697
6427 6549
4110 4137
7158 7325
6290 7138
6651 3606
4396 4396
4592 4592
3911 4232
6014 7082
7354 7442
5159 5175
3878 3878
2642 2692
5474 5927
2604 2604
6264 6228
6884 5734
4010 4269
3522 4322
6769 5780
5492 5443
1158 1158
4347 4103
3838 3857
3885 3887
3857 3862
5260 5461
4289 4220
6144 4085
4058 4136
6181 6599
6184 6200
4316 4302
4050 4289
4262 4237
4380 4261
3918 4192
4040 4200
4023 4358
4227 4345
4020 4301
4001 4059
4029 4075
3944 4262
3905 4238
4238 4321
3960 4287
4370 4380
3988 4348
3906 3905
3973 4364
4369 4362
3983 4265
4103 4280
3926 4359
3910 3906
4220 4068
3939 3910
3953 4288
4054 4014
4338 4319
3954 4278
4243 4254
4014 3911
4349 3960
4114 3983
4102 4370
4355 4216
4039 3918
4265 4258
4059 3926
4358 3944
4360 4243
4363 3939
4314 4316
4068 3954
4319 4102
4071 4001
4329 4130
4136 4023
4305 4240
4146 4039
4260 4271
4365 4357
4233 4306
4196 4040
4313 4260
4261 4176
4326 4114
4357 4363
4274 4253
4339 4339
4240 4338
4197 4086
4200 4050
4325 4233
4253 4093
4237 4329
4301 4227
4208 4207
4216 4108
4235 4217
4207 4054
1358 1358
7435 6958
1471 1471
2818 2818
5724 5749
5850 5839
1361 1361
6941 6747
739 739
5330 5143
6526 5767
5557 7081
5372 7036
5905 5889
4534 4574
4793 4793
6371 6481
4655 4655
6683 5600
7095 7263
6532 6752
2303 2303
2306 2306
5476 5486
6141 5626
4630 4573
7465 6903
6565 2882
6845 6340
6752 2876
1365 1365
6772 7496
6704 7128
3298 3298
5813 7123
4610 4610
7270 3399
5973 5996
7031 5609
5449 7313
751 751
6145 5722
4654 4533
7356 5686
7133 5623
1959 6940
5121 6156
5946 6544
5578 5643
2711 2714
2720 2667
2709 2711
2631 2720
4919 4902
5207 5890
2322 2300
5904 5888
2284 2282
2323 2284
5206 5565
2324 2330
2311 2328
5428 5061
2300 2324
2299 2299
4605 4605
3863 3864
3864 3861
6036 5445
4659 4654
4633 4608
4656 4623
4520 4520
4646 4518
4616 4598
4518 4521
4653 4659
4577 4628
4608 4656
4594 4653
4628 4647
4557 4534
4639 4633
4634 4646
4647 4612
4548 4591
4574 4577
4598 4616
4624 4557
4637 4649
4586 4548
4623 4634
4627 4650
4650 4624
1051 1051
5643 5188
5252 5679
6885 6853
5664 7164
6357 6614
6382 6742
6970 6192
3268 3268
704 704
5845 5657
5846 6029
6678 7103
6149 5442
5349 5826
5604 6317
6053 5825
5601 5361
6882 6794
701 701
6564 6666
5642 5144
4651 4651
3849 3849
3274 3274
5706 5544
7462 5742
2616 2616
1356 1356
6233 6714
6016 6908
5442 4960
1658 1658
6604 7423
5569 6905
3269 3269
5062 5564
2594 2594
6530 6421
6529 7029
4519 4519
5430 5848
5640 5857
6033 6060
6422 6741
6116 1941
5233 5245
6253 5983
5572 7443
7107 6164
7484 7070
5161 6530
3385 3385
4781 4781
3272 3272
594 594
6058 5802
6538 6032
1485 1485
5636 6278
6724 5853
6668 6662
5861 5569
1156 1156
7495 6987
6666 6660
6667 6661
6067 1944
2007 2010
6730 6061
7289 6403
6843 6857
6100 7250
6268 5740
6007 5766
2279 6035
6498 6513
2609 2609
6114 6132
6696 5918
631 631
6964 5934
963 6645
5388 5395
6854 5687
4499 4483
2004 2007
2006 2006
386 330
1100 1100
5600 6531
6093 6946
4947 4929
5143 5300
5034 5148
4966 4966
197 197
213 213
223 223
5979 6722
3289 3289
6650 7342
4585 4585
6223 6760
5113 5159
1400 1400
6012 5782
5284 6417
4890 4890
6236 6149
6875 6183
6018 5131
405 412
382 386
5095 5762
7360 6677
5347 4996
6304 6342
5270 5744
6229 5743
5311 4982
5964 6094
6364 5540
646 646
7121 6567
6369 6260
6765 5951
6591 6568
6946 7320
632 632
1644 1644
4497 4497
4493 4495
4494 4492
4498 4493
4491 4491
5961 7278
6789 5950
673 673
7287 7007
5962 5541
4492 4494
671 671
5512 6184
6345 6612
5665 6369
6373 5823
5209 5104
7485 6470
5737 5998
4910 4910
7089 7069
5469 5790
5684 5479
6160 7428
4981 4981
7436 5470
5645 6084
7499 7106
7452 6644
5777 5776
6523 7225
4986 4919
6785 7019
7269 7464
6695 7156
5965 5685
5543 5389
5486 6167
7082 6256
6214 6781
6739 7132
3187 3187
7340 5560
5583 5142
4115 6460
1488 1488
1478 1478
1489 1489
1479 1479
7225 6152
5217 6884
5285 5596
6638 6502
5530 5082
5298 7366
6513 7462
5071 6052
3310 3310
7098 5871
6759 6632
4878 4795
4619 4619
3201 3182
3202 3201
6108 5898
515 525
4673 4673
7390 6866
5725 5874
4764 4764
6713 5179
6441 7329
4458 4479
5381 5572
5778 5048
6711 5171
5918 5049
1639 1639
7388 6816
4893 4893
7211 6584
6131 7456
7373 1378
5658 6295
6756 7023
5736 7413
6176 7384
6047 5714
7439 5471
6907 5102
6148 7259
6436 7155
2493 2493
4982 5777
6387 5981
520 524
4965 4965
3275 3275
2789 2789
535 535
533 534
517 533
5081 6031
5494 5614
7161 5988
6001 5466
6612 7435
6630 7482
6028 5467
5306 6970
6358 6316
6605 7465
6298 6401
5495 5468
7461 5962
5499 6532
7387 7441
5497 5469
5498 6015
6394 7396
3538 3538
614 614
612 612
4471 4496
3604 3604
6664 6485
416 418
6354 6294
3615 3615
1452 1452
6005 6867
6344 5307
6156 6022
6496 5760
5561 4980
5000 5619
4984 5317
4960 4963
5843 4967
4970 4970
4985 5515
5308 4984
5379 4985
5312 5319
7347 5763
4892 4892
7036 6122
4487 4470
4490 4463
4489 4498
4482 4489
4486 4414
4488 4482
7454 7108
1375 1375
2814 2814
1164 1164
7070 6013
7214 5931
7378 6728
6333 5935
5745 5667
6260 6638
3776 3776
2531 2531
752 752
1378 1385
5163 5176
6928 7476
6690 5591
7500 5943
6177 5305
5670 5538
5917 5062
7051 6490
5262 5804
7284 5923
5733 5408
5280 5518
5898 6360
7377 7344
2008 2008
6026 5639
6619 5712
5766 6453
7150 5993
5553 6988
6607 5979
6401 6753
6296 6036
5078 5439
3700 3700
2792 2792
5998 6681
5897 6104
6275 6702
5798 5447
6230 7011
6125 6593
7164 6701
36 36
6384 7481
617 617
6641 6305
6926 6139
6111 6862
232 232
5244 5702
6063 6782
747 747
6152 5045
5051 5046
6553 6560
4894 4894
6787 5986
7090 5589
5303 6527
7152 5553
3267 3267
659 659
418 419
5142 6396
3814 3814
7162 6435
6973 6431
6527 5509
7167 6275
6677 6880
4517 4558
4537 4537
6222 5290
5053 5770
237 237
7160 6511
6949 6518
5198 5227
5237 5229
5434 6678
6159 5499
7488 5693
3264 3264
660 660
4391 4394
2039 2082
5286 6010
7026 7051
6592 7119
5989 5181
7190 7168
5410 5097
5869 5236
6771 6776
7231 6168
6192 6298
6102 6012
7460 6377
627 627
6937 6929
5295 7117
647 647
5228 5246
6191 6299
5631 6423
5915 5903
6070 6070
6670 7099
7126 6590
5420 5449
4407 4391
4400 4390
4398 4397
4390 4400
4394 4398
4397 4407
6588 6939
5638 5456
7450 7102
5836 5588
2614 2614
7184 5242
5833 5519
3302 3302
5401 6564
3319 3319
5046 5405
5787 6883
4529 4529
6438 7469
5919 5705
7106 6232
6129 6350
3529 3529
3299 3299
1131 1131
2069 2100
2070 2069
3405 3405
2095 2092
2092 2086
2086 2070
5362 6301
3406 3406
6050 5801
6025 6379
5855 5994
7358 7261
6375 6402
1188 1188
6051 5800
3322 3322
1128 1128
5436 5484
6017 6525
5967 5737
6000 5926
6942 6928
6595 7405
5482 6248
240 240
4895 4895
6508 6141
5788 5103
4913 4925
4917 4913
4997 4997
4925 4947
3552 3552
6096 5703
5726 5706
3554 3554
5944 5707
7476 6063
602 602
7294 6566
5834 6444
663 663
667 667
664 664
7486 5025
5047 7335
5132 5585
5854 5022
3691 3691
985 985
6376 6171
2143 2143
6475 6672
6552 7035
7143 7059
7292 7206
5677 5366
5460 5485
5354 5364
6657 6651
6004 6214
5659 5450
3543 3543
6952 6538
7459 5487
6193 5648
5840 5821
6127 6265
5708 5039
7328 7380
5615 5516
6459 5818
4822 4815
5936 5910
6944 6930
6938 6926
3262 3262
7123 6923
3303 3303
5731 6888
1389 1389
7297 7134
6353 5520
5105 5158
5033 5299
5779 6333
5224 5149
5236 5355
6537 5500
5380 5125
3305 3305
499 498
501 499
512 501
6497 5597
5291 5457
3260 3260
4987 4987
7295 7053
6631 6407
5667 5031
7491 6048
6865 4763
7365 6145
7277 6194
3265 3265
5857 5093
5637 6046
6188 5716
5147 5733
5958 6445
5550 7093
3277 3277
7305 7008
3281 3281
4845 4789
5455 6713
5125 6115
1023 1023
6381 6616
1427 1427
3684 7087
3282 3282
3248 3248
6321 6355
7255 7239
6331 6358
6672 7371
6374 6523
5240 5400
6307 1159
5793 6693
5680 5914
4851 4772
7219 6797
1941 6133
3285 3285
7431 6357
6992 6353
6326 6354
6254 6154
6639 6311
6748 5605
577 577
593 582
7243 7034
5061 5216
4979 4986
5444 5698
5293 5409
6137 5378
5545 5189
3480 3482
6332 6359
7264 7231
7254 7362
1465 1465
3868 6757
6786 5193
5565 6243
5255 6438
5603 3247
4751 4792
5605 6906
7267 7424
5060 5912
5084 5913
4853 4676
6320 6364
6199 5754
638 638
6563 6960
4597 4597
6819 5688
5934 5980
628 623
626 628
623 626
6234 7153
5458 5870
5815 5795
7383 6802
5450 5772
4747 4752
6559 7397
6611 7332
5921 5514
5448 6787
4795 4828
7154 7085
5104 5043
6151 5331
6560 7331
6062 5594
6123 6138
5625 5892
5881 5157
5913 5902
4661 4776
4675 4862
2542 2542
2538 2575
2530 2538
5350 5340
6405 7100
5158 5167
7153 6636
6086 5444
2501 2502
5248 5448
3261 3261
6265 5617
5525 5650
6983 6362
6323 6422
6512 7260
7050 6352
6329 6363
6327 6366
6620 6361
6640 6365
6330 6374
6531 6051
2492 2492
4813 4821
6052 5185
1015 1015
6368 6786
6989 5661
6804 5631
6205 7377
6271 5513
5650 6978
6986 5616
3400 3400
7097 6748
2573 2559
2484 2484
2514 2503
2503 2514
2556 2553
2527 2527
2548 2552
2576 2576
2552 2564
6929 6414
5602 5511
5246 5258
5249 5701
5250 6085
2815 2815
2810 2810
2805 2805
5016 5751
6839 6563
5679 6959
6840 6551
4844 4833
4672 4756
4695 4855
4676 4661
4861 4785
4709 4758
4867 4838
4776 4807
4873 4794
4871 4788
4715 4796
4787 4835
4826 4871
4835 4805
4859 4852
4731 4859
4738 4812
4760 4836
4855 4867
4807 4854
4792 4860
4843 4853
4727 4826
4839 4675
6142 6656
6551 5783
5719 5138
3258 3258
5429 5264
5065 5343
3516 3516
6035 6412
4596 4639
6701 5961
6976 5235
1481 1481
6618 6409
5068 5339
5110 6109
4578 4578
6746 7140
5122 5957
3879 3880
6733 4975
2821 2823
3821 3821
5107 6180
5108 5115
5828 5116
5641 6719
5415 6557
5938 7489
7401 6749
5120 5797
611 611
619 619
5984 6280
5972 5294
5971 5161
6227 5907
7395 6274
5524 5208
7475 6650
5573 6170
5538 6111
7276 6820
4573 4594
6024 5040
6888 7028
5508 5011
5400 5406
5010 5120
5593 5625
546 546
5743 5971
5251 5265
5619 7167
1338 1338
3549 3553
5351 5531
5261 6434
7349 7324
7018 5551
7273 6600
6061 2279
7445 6971
5653 5620
3324 3324
3887 3874
3862 3838
3869 3868
3890 3890
3874 3870
3875 3883
7366 6251
6190 6206
6011 5624
6378 5539
5048 5209
7449 6368
7392 7112
5744 6454
5620 6617
3249 3249
4553 4546
6115 5234
6837 6706
6665 6543
3536 3536
4945 4998
5835 5554
5532 6135
6945 6924
6356 6711
5533 6134
7404 5047
6685 7376
5045 5796
6097 6076
5880 6800
5870 5819
5542 5247
4521 4590
4652 4531
5696 5573
6720 5183
4570 4658
4658 4657
4516 4516
5867 5184
4657 4642
4533 4553
4579 4629
4649 4637
4629 4611
4641 4652
4568 4586
4561 4561
4617 4599
4632 4568
4590 4579
4640 4576
1390 1390
7420 6994
5596 5806
6163 5095
5785 6128
2899 2899
3198 3189
5654 5674
7477 5715
5928 5059
5421 6559
5425 7114
3205 3206
5424 6329
6286 6330
5426 5238
5427 6328
3206 3205
5797 5997
6289 5112
5863 5118
4996 5312
2010 2004
6922 6896
5722 5430
3403 3403
3402 3402
633 633
7224 7220
5182 6254
6742 7181
6164 7483
5685 6126
5154 5166
5091 7105
5345 6130
5413 5717
1660 1660
1661 1661
6536 7402
5914 6919
5810 5814
5948 6682
1999 1999
1998 2001
5909 6983
2005 2005
2001 1998
1996 1996
705 705
706 706
6126 7425
6671 6688
5039 5425
6110 5262
6056 5285
7159 6675
6965 6569
7394 7284
5257 6620
7061 6976
5334 5393
4929 4917
5466 5170
7182 6647
5924 5769
5693 5150
5700 7427
5986 7107
5859 6694
6285 7499
5090 5096
7336 5459
5134 6961
5310 4956
1492 1492
6662 5656
6135 7097
6022 7176
5165 5909
6429 6102
5166 6003
5888 7041
5692 5404
6617 7027
840 840
6999 5972
6122 6920
5826 5528
7329 5576
1480 1480
5594 5622
5297 6095
5373 5086
5082 5083
6908 6738
6359 5608
1475 1475
7134 7273
5985 5647
6706 5811
5907 6526
624 624
1944 6335
3200 3202
3196 3196
3189 3200
6337 5463
6793 6057
3278 3278
1391 1391
5648 6981
6390 6327
7403 6588
5647 5225
6984 7272
7296 6842
6803 5803
7094 6763
5738 6812
3280 3280
6417 5533
6292 6169
5019 7399
5952 5672
4975 5556
5403 5318
5817 5315
5546 5000
4963 4961
5814 4964
4999 5338
5307 4999
4998 5316
4980 5313
4967 5314
4961 4973
4964 4979
5406 5032
5832 7277
5344 5072
3279 3279
3283 3284
3266 3266
6119 6751
3606 5529
6827 7458
5059 7065
4434 6313
6777 7064
5404 5566
6627 6006
5865 5489
7430 5306
6692 5310
5523 5391
5773 7213
6045 6933
6693 5758
6300 7365
5555 6469
5960 5526
6101 6181
3555 3555
5079 5078
5080 5079
5868 5187
5168 6783
5103 5695
5098 5132
5100 5110
5808 5296
6328 7437
6411 5901
6714 6710
5462 5653
5459 6123
5037 5044
5540 5160
5485 5632
5258 5249
5180 6017
6412 5900
6040 5292
2793 2793
2808 2808
2811 2811
5008 5005
5823 6071
6788 5968
5438 6030
5699 6062
6109 7269
6806 6998
5155 5180
3271 3271
6409 6878
5889 7247
5549 5121
5144 6147
5149 5001
5097 5068
5419 6546
5235 7057
6196 7160
5790 5302
6985 6979
2918 2918
5675 5122
6057 5677
5649 5224
5847 6148
5376 6395
5464 5091
5954 6053
5333 6426
4406 4406
5587 5263
7280 5266
5716 5261
6918 6895
6558 7186
6644 6744
5352 6069
6395 7288
6917 6894
3550 3549
5231 5359
5230 5250
5926 7145
5983 5621
3325 3312
3312 3306
3300 3300
3327 3327
3316 3315
3318 3325
3306 3316
3315 3318
5818 7359
6548 5938
5774 6332
5178 5856
6287 7137
5146 5537
5157 5165
6924 6900
6535 5367
6218 6418
5727 6146
3528 3557
3551 3528
3556 3546
3557 3556
3546 3551
665 665
6044 5190
6391 5071
6608 5021
5014 5020
6280 5615
6957 6151
5394 6008
5911 7109
5910 5896
5687 6424
5152 5162
5908 5899
6829 5642
6823 5644
6826 7266
6822 5204
7438 6535
5423 5056
5290 3520
5509 5099
5210 5041
3547 3547
5184 5530
5412 5288
5728 5178
5304 5006
6939 6921
6940 6922
7120 6925
5820 5633
7334 6446
5551 7111
7361 5673
5950 6778
5955 5075
6098 7433
745 745
3247 6907
5930 5542
6988 6058
7275 6356
7376 5959
5256 5429
7155 5805
4884 4884
5566 5037
1498 1498
6295 6001
7116 5060
7084 6324
711 711
5437 5151
6716 7150
5335 6708
625 625
7007 6996
5970 5119
5422 5282
5872 5859
5441 5419
5529 6027
5875 5753
5468 5354
5678 5755
5346 5636
5452 5607
6450 6875
6990 5414
7498 5202
5906 5894
5116 5510
121 121
5723 5878
5975 6144
6104 5289
6325 6351
6480 7429
5585 5291
6655 7091
7274 5200
6652 5846
6136 6159
5111 6322
7186 5398
3520 3519
6400 6822
6653 5154
6522 7422
3701 3701
5032 5563
5030 5038
5329 5546
5398 5482
6365 5345
7443 5791
5106 5474
5021 5163
5945 5069
5739 7203
5407 5798
6157 6016
6350 6458
5007 6695
5920 5311
6294 5784
5096 5105
5982 6002
7045 5070
5337 5349
5339 5350
7109 6992
5994 6125
6133 5214
1490 1491
1487 1487
1483 1490
1491 1486
1486 1483
6473 6565
6798 5074
5791 5876
5393 6118
7432 5058
5472 5446
6402 5858
6572 6337
7268 5863
6913 6429
6074 7185
5618 6432
5702 5458
5390 5252
5340 7363
5013 5147
5012 5324
5011 5586
5128 5015
5608 5779
5085 5139
5145 6639
753 753
6410 5905
5169 5506
5809 5173
5607 5575
6451 6461
7398 7092
1473 1473
3401 3401
630 630
5153 6707
5192 5778
5156 5172
5191 6440
5621 5205
6380 6157
5160 5210
5118 6323
707 707
708 708
6491 6740
5384 5502
7006 6735
6288 7252
5484 7264
5606 5169
7428 7360
5431 6628
5830 6044
6800 5431
5698 5387
5299 6093
5315 5328
5117 6548
1497 1497
1494 1494
1502 1502
1493 1504
5324 5581
5288 5353
3519 5966
6997 7281
5175 5197
5589 6108
1495 1495
1503 1503
1088 1088
6647 6341
5871 5862
6828 5904
5630 5579
3284 3283
3270 3270
6027 5194
1496 1493
1500 1496
5087 6082
5877 6039
5454 5207
5554 5527
6782 5663
5624 6777
5173 5196
5221 5111
5416 7370
7281 7490
5317 6709
5789 5136
5564 7497
6470 6439
1501 1501
6032 5670
5806 5240
5661 5064
3553 3550
6219 5239
6915 6898
5301 5352
5616 5164
5489 7224
5990 5865
5440 6004
7099 6415
5417 5168
744 744
746 746
748 748
6921 6893
3545 3545
3542 3542
3534 3534
5341 5641
7008 7000
7005 6993
7004 7173
7009 7072
7003 6995
7326 6276
5112 5481
5991 6100
5526 6419
5058 6373
5055 5309
5567 6117
7104 6658
5873 6315
5683 5329
2319 2319
3699 3699
755 755
5177 5201
5181 5195
2913 2913
5405 6390
5581 6534
5646 5602
5313 5007
5841 5203
5623 5362
5968 6450
1482 1482
1484 1484
5531 6161
5375 5186
5327 5851
5701 7318
5786 5477
5395 5380
5674 5498
5681 5915
5115 5655
5361 5379
5148 5003
5544 7094
6471 5561
5732 6391
6143 5610
6606 7467
5457 6516
6039 5129
6019 7367
5443 5399
5885 5220
5186 6615
5821 7364
6117 5464
5183 5130
5188 6671
5114 6107
5172 5198
5318 5860
5054 5861
5336 5283
7448 5348
5974 5199
1499 1499
1504 1500
6370 6098
5342 5308
5838 5933
5827 5827
5662 5063
3500 3500
5056 5117
749 749
750 750
7466 7052
7002 6999
7001 6997
5483 5101
5023 5877
5876 5867
5874 5866
5302 5864
5049 5388
5223 6312
5656 6980
5878 5868
222 222
330 411
498 512
526 517
534 523
1159 1306
1191 1332
1274 1884
1289 2141
1321 2156
1385 2157
1884 2192
2131 2322
2141 2323
2202 2427
2263 2556
2280 2573
2330 2615
2382 2709
2435 3142
2502 3148
2522 3873
2615 3875
2692 4071
2876 4128
2882 4140
3098 4146
3101 4196
3399 4274
3883 4305
4038 4325
4044 4326
4137 4471
4140 4486
4162 4487
4188 4488
4276 4490
4277 4570
4334 4596
4414 4617
4459 4632
4495 4640
4496 4641
4531 4787
4591 4839
4599 5004
4611 5008
4612 5010
4631 5014
4642 5016
4752 5017
4815 5018
4956 5019
4973 5023
5002 5027
5003 5028
5004 5029
5005 5030
5006 5033
5009 5035
5015 5036
5017 5050
5018 5051
5020 5052
5022 5053
5024 5054
5025 5055
5026 5057
5027 5065
5028 5066
5029 5067
5031 5076
5036 5077
5038 5081
5042 5084
5044 5085
5057 5087
5063 5092
5064 5094
5066 5098
5072 5100
5074 5109
5083 5113
5088 5114
5089 5123
5092 5126
5093 5128
5099 5133
5101 5134
5102 5155
5109 5156
5119 5174
5126 5177
5129 5206
5133 5212
5141 5213
5150 5215
5164 5217
5174 5222
5176 5223
5179 5233
5185 5237
5187 5243
5193 5244
5196 5253
5199 5254
5200 5260
5208 5267
5215 5268
5216 5269
5218 5270
5219 5272
5220 5273
5222 5274
5225 5275
5227 5276
5234 5278
5238 5279
5242 5281
5243 5286
5245 5293
5254 5297
5259 5298
5264 5303
5269 5321
5273 5323
5281 5325
5282 5326
5292 5330
5300 5336
5309 5341
5323 5342
5326 5344
5338 5351
5343 5356
5360 5358
5366 5365
5369 5390
5371 5402
5374 5403
5377 5413
5378 5415
5382 5418
5383 5421
5386 5426
5391 5434
5392 5435
5397 5436
5402 5438
5414 5452
5432 5454
5435 5460
5453 5465
5465 5475
5467 5476
5471 5480
5479 5483
5480 5488
5481 5503
5491 5504
5502 5508
5506 5517
5518 5523
5522 5532
5534 5535
5535 5536
5536 5549
5539 5558
5541 5562
5548 5578
5552 5583
5560 5587
5562 5592
5574 5593
5579 5606
5582 5612
5588 5613
5590 5628
5609 5637
5610 5640
5614 5645
5617 5649
5626 5651
5632 5652
5639 5666
5655 5668
5663 5669
5673 5671
5686 5676
5689 5680
5690 5681
5697 5682
5703 5683
5707 5684
5715 5689
5717 5696
5721 5699
5730 5700
5734 5708
5735 5709
5740 5752
5760 5756
5764 5765
5765 5774
5767 5799
5769 5807
5780 5808
5782 5812
5799 5813
5800 5815
5803 5817
5804 5820
5812 5822
5831 5824
5842 5828
5856 5830
5866 5835
5879 5845
5883 5847
5886 5854
5890 5855
5916 5875
5925 5880
5927 5893
5932 5908
5935 5917
5943 5922
5949 5928
5951 5936
5953 5939
5963 5953
5988 5955
5995 5958
5996 5960
5997 5964
6009 5969
6010 5970
6020 5975
6023 5976
6037 5977
6059 5982
6066 5990
6068 5992
6075 5995
6076 6014
6078 6019
6088 6021
6092 6024
6099 6025
6105 6028
6120 6037
6121 6041
6139 6042
6158 6045
6161 6056
6165 6066
6166 6067
6168 6106
6175 6110
6180 6114
6182 6124
6186 6129
6242 6140
6243 6143
6244 6150
6256 6158
6262 6160
6274 6166
6301 6174
6305 6175
6316 6176
6322 6178
6324 6179
6334 6182
6336 6187
6349 6191
6352 6217
6366 6221
6367 6224
6383 6227
6396 6231
6404 6236
6413 6241
6416 6242
6425 6253
6426 6270
6433 6277
6439 6286
6443 6291
6446 6303
6458 6339
6462 6392
6503 6397
6517 6398
6524 6405
6542 6408
6545 6420
6566 6427
6569 6464
6570 6482
6575 6486
6578 6499
6580 6503
6581 6529
6589 6540
6590 6582
6594 6602
6602 6604
6621 6623
6625 6625
6642 6630
6658 6631
6660 6640
6674 6642
6684 6648
6709 6653
6710 6668
6721 6670
6725 6673
6735 6703
6745 6715
6747 6723
6751 6739
6753 6764
6768 6766
6825 6773
6831 6775
6832 6835
6849 6843
6853 6873
6857 6890
6901 6897
6905 6901
6906 6902
6920 6912
6923 6935
6927 6953
6931 6965
6933 6977
6948 6990
6950 7006
6958 7012
6975 7021
6977 7025
6980 7040
6993 7062
7000 7068
7046 7079
7056 7113
7062 7116
7101 7120
7114 7125
7115 7126
7124 7130
7132 7143
7171 7172
7183 7175
7198 7204
7208 7219
7221 7229
7242 7232
7244 7234
7245 7240
7272 7255
7278 7262
7279 7267
7283 7268
7288 7270
7325 7291
7338 7309
7341 7319
7355 7321
7375 7323
7396 7327
7409 7337
7416 7404
7434 7417
7447 7431
7455 7475
7469 7484
7492 7491
7494 7492
