3566 5586
3695 6558
6768 7291
4871 7390
3608 5035
5240 5017
6949 2224
1380 2234
2353 2223
6457 2231
4078 2239
2388 2236
4981 2233
6741 2218
6128 2230
4373 2235
3506 2241
4829 2232
2238 2238
1721 2214
2252 2237
5029 1805
271 1807
3568 1806
1805 1804
7417 55
5497 87
2341 66
2823 2823
6654 2212
6370 2824
6517 1035
5364 58
3913 1030
1831 1797
1029 1029
373 1033
4824 1036
6296 1034
1032 1020
5197 2786
826 2801
6789 86
5026 56
461 1032
65 65
7305 1022
534 1798
5123 1011
1688 1025
2956 2228
1762 1028
4336 2780
4925 2442
61 61
6730 1043
7131 1789
2903 1793
85 85
2830 1750
588 1738
5795 2785
1423 2194
1132 2196
7468 75
200 2802
3890 1790
3091 2797
2130 2810
1485 1778
554 63
1355 1788
1692 1010
4321 1787
47 47
894 90
5296 1747
3211 1017
3120 2775
5985 2219
294 1722
163 1024
6642 1785
5907 977
6514 1044
222 1019
2277 59
3699 1016
997 997
4942 1360
572 1244
6837 2820
1255 1031
2452 995
6636 2821
585 2211
1431 2804
5191 2466
7226 2396
6567 169
5800 2182
2717 4
2544 949
4383 2418
3271 62
1061 2822
5583 2446
4536 966
1717 1717
4213 2431
2794 2272
694 2273
5247 70
6241 2433
42 42
6719 1775
4235 2041
4080 2043
794 1764
596 39
1125 472
2549 487
3219 82
5791 2430
1822 1361
5993 1042
6209 1130
3259 963
6793 2240
738 2217
4719 1749
697 36
1837 829
2019 2423
4880 2441
5890 2799
4684 1740
4870 1781
4463 1768
778 946
6488 1232
6240 666
6475 962
7011 798
33 913
6258 1021
5683 2798
7388 1322
6753 2216
7428 1731
3700 1772
666 2790
6012 33
2947 955
6974 1247
3382 870
5447 986
5710 2774
4224 821
207 2469
1269 91
483 483
3199 60
3600 898
5897 839
4156 970
1398 1766
2266 1400
6828 2208
586 2210
3206 2222
5887 1751
901 901
1172 2725
6008 2753
2595 2427
639 2415
1406 2459
1811 915
6368 2028
2474 1344
2295 805
486 486
5471 953
5361 2439
4309 2429
6206 918
6840 923
2508 468
2677 1156
5794 2781
4620 1345
405 37
1375 1427
665 665
3578 958
4571 877
4581 2407
1750 1792
1867 857
6774 969
4447 1415
7328 985
1681 74
2792 2792
4018 922
944 170
3636 596
7176 675
4145 1779
2395 1013
3696 2463
2335 2464
592 793
1433 2392
5218 78
750 750
1019 775
860 118
3435 707
2264 2264
1400 925
268 2744
3561 1233
3571 2434
6359 2465
2385 2294
6436 1234
1397 1397
4254 1493
4939 48
2883 2437
1793 776
1550 660
5532 708
2799 1381
2622 1716
4310 1769
4965 1161
1789 861
1777 1777
7024 2009
6589 1038
2164 1767
6224 2461
132 132
5352 2026
7140 1269
6419 924
1894 1040
1853 2193
4504 1231
2321 76
5412 1744
5853 1491
2000 2046
2348 807
1009 623
724 724
2237 927
136 43
853 645
2543 2438
2962 658
1694 1014
4852 1752
1474 1474
5291 1770
770 1796
3643 1753
698 1761
1796 1774
4200 1794
648 1773
577 1782
6377 809
1729 936
3422 2450
4232 1730
4137 1494
3539 2445
4149 1483
545 1018
7171 2221
1244 572
555 1286
3784 591
2159 2159
6413 34
5509 22
600 24
2332 57
4682 64
7314 68
1672 46
478 93
4693 25
1476 69
4101 471
94 94
664 53
3653 481
6217 2201
2383 2191
5747 2202
5053 2200
2959 2199
6702 2166
2703 2184
4735 2188
5130 2187
2191 2189
4956 2198
4857 2190
1531 2197
3754 2227
2284 2284
4923 694
3441 998
6190 281
699 699
6827 484
2413 2413
1215 854
3402 791
3027 1509
1546 1222
3605 2779
7235 2784
1410 2420
3648 1302
3670 2394
7175 2812
2942 755
77 77
6442 872
6587 2375
6485 2422
4763 2468
6878 2470
2747 2449
2449 2462
5761 1567
4138 2424
3664 993
4589 1510
2666 449
2363 1023
1023 1000
2866 887
5656 790
6015 1500
1979 881
3736 29
288 2447
4008 1418
3440 1714
2064 1199
1092 2384
1060 2440
4011 2220
230 2403
508 1384
5779 2226
139 2436
7088 2282
1948 79
2393 2393
4393 885
2183 2183
5707 1502
7447 1006
1775 773
752 947
4093 697
6590 1409
7270 124
1303 1303
7346 1392
5900 273
2029 470
842 465
3726 1132
5704 1246
4666 1211
571 1256
5220 469
1114 1307
3963 1321
431 1323
6865 1343
556 276
4890 194
2470 113
3043 464
6881 466
3226 1350
5506 197
6177 1336
3207 312
4092 462
7078 309
7219 313
4711 97
2440 302
4687 114
4475 293
1174 117
3855 1148
1668 304
4105 1127
168 3322
6856 393
148 3358
1741 3396
4556 3397
3556 3556
2665 3382
502 3366
2737 3395
4730 3343
2438 1150
1464 3345
6116 3701
6271 3757
3742 3742
2369 3592
2427 3260
6628 3398
5785 3593
7495 3768
4428 3364
1841 428
3972 3595
1785 430
93 3284
5474 2472
7426 3788
2475 3333
6260 3259
3770 3733
3832 3728
5828 3331
1765 3756
7284 3449
2948 327
7463 3367
3635 3635
2890 3725
5000 3770
4668 3651
7477 3752
7267 3365
3509 3332
7109 285
5762 3336
3317 3586
4380 3790
3630 395
2205 3647
1937 3706
6943 3335
6074 3325
4642 283
5278 3767
6961 3786
3735 3735
5212 3602
5861 396
2026 1516
2630 463
5596 429
1352 3599
1562 3321
4364 427
5075 3765
1518 1518
6014 106
435 435
2815 329
931 1149
159 440
2710 3559
6716 3773
4477 3591
686 3600
6326 3747
5658 3569
4832 3739
6208 3394
1415 127
5508 1318
2818 343
1012 3608
1058 3724
6841 372
5576 3376
5618 3596
13 3594
3573 3573
5308 3746
284 284
2304 3727
4211 3775
7128 3774
3582 3582
3374 3648
3984 3388
6808 1108
2212 3280
6696 374
6027 3711
2190 3604
1046 3601
6308 433
2768 432
6556 436
527 431
6427 3628
116 3361
3940 3672
1449 3766
1212 318
333 333
4094 98
1344 1196
2404 358
1838 317
3829 357
280 338
3548 349
4456 353
7287 347
6510 345
1312 354
2757 355
6738 360
3127 335
1821 1147
1498 342
5597 1236
3866 359
3066 331
884 348
7196 340
1218 1218
2539 337
5159 1187
203 334
1171 1171
7412 1109
6461 1163
1884 2149
3173 1162
2681 2146
1336 1216
7247 1249
2985 1107
4837 339
2889 1198
330 330
2721 324
1888 1125
5383 1167
1739 1165
6332 1186
5847 1169
1185 1185
6328 3411
4114 1182
802 3632
3715 1287
425 1159
4964 1213
7392 1131
3905 2148
4955 1284
2167 2167
6446 332
7152 138
1207 1207
6786 1173
3543 1123
4311 2145
5693 2150
5825 1206
6088 1158
760 410
1016 1315
5184 2203
1673 300
6124 1136
4439 1369
5072 1116
5305 325
5388 341
1898 1289
2656 3763
2128 3685
34 1519
7334 3330
7436 1195
1450 3574
940 2153
5222 2162
2745 2180
3400 2186
2668 2181
158 2170
2820 2173
4931 2175
300 2155
6582 2151
3797 2192
4934 2185
3274 2171
616 2176
530 2147
6724 2143
2906 2154
2225 2158
4071 2161
4733 2160
2174 2174
540 1140
6324 3609
1421 315
2359 310
3312 3359
3848 426
5928 3282
875 288
3815 49
4521 1191
2015 1192
2884 1168
3067 1224
3292 3709
5964 394
5556 3792
6496 3384
5087 1208
3049 1124
1572 291
3277 3346
2459 2323
144 144
3738 161
2495 2495
1195 2496
659 9
1527 2539
1679 454
941 2552
4040 2555
1173 2578
2062 2521
4836 2590
1367 2497
1005 2553
2741 2308
5025 2602
4532 2558
2482 2482
3874 3935
3330 2321
2484 2484
6739 142
2644 2326
4498 2310
3684 2362
3801 366
995 2307
6711 2885
6570 2348
2905 2569
1878 368
6019 2883
661 2522
1913 2333
6986 2349
5007 2365
3977 2334
1416 2338
4611 2369
7239 2634
5637 2628
2929 2570
3349 2350
3553 2486
6737 2478
3840 2655
3036 2643
4736 2506
5318 2636
3191 2884
3680 2311
4296 2476
1940 2575
522 2320
3944 2523
6080 2301
4678 351
866 2640
4124 224
897 2654
1166 370
369 369
446 2887
2607 2891
3378 3544
3713 3551
1362 3500
1939 3550
3976 3546
1594 2889
3485 3485
5067 3482
2888 2888
3098 2890
581 3549
7316 3496
2816 3491
5409 3468
1695 3508
6070 3470
3879 2599
3269 3465
6800 3478
3232 3469
2253 3522
6659 364
20 4440
2194 4764
6921 3480
4675 3545
916 2944
5413 3464
5284 3479
3204 352
6524 3497
3414 3477
1829 3514
4459 2363
6006 2359
6683 3528
3598 3499
4522 3472
52 3490
4233 3370
186 3475
5986 3484
7380 3476
7173 4352
4316 3495
3511 3511
3473 3473
4103 3498
943 2353
494 4237
6151 3494
5099 3483
6549 2534
2318 4550
4206 3548
4256 3474
3208 4549
1457 3523
6754 2557
4501 3524
2847 2945
6465 3547
3468 3536
157 4369
6428 4351
3293 2503
1591 2653
3710 2886
3942 367
3164 4264
3510 3520
3525 3525
3169 3516
6987 4357
663 2565
5758 4403
2827 3527
4085 4399
3082 3434
1735 3493
6890 4535
2592 3152
7074 2314
5317 4274
2169 4773
6923 3481
424 2364
3069 3471
627 2328
3616 162
4009 3541
6831 4392
1583 4772
3537 3537
7095 3885
7040 4404
5003 7270
4216 4374
3804 4774
4623 4545
3844 4401
440 4763
1719 2635
755 4373
7432 4552
6285 3489
6911 4767
326 3492
4909 301
1645 2580
3449 2483
2301 2600
638 2596
4766 2566
6175 453
4414 2507
6830 2646
1542 2583
1261 2493
5077 2907
550 2556
5460 2535
5940 3467
1788 2313
5856 2329
6508 2347
4749 2357
7265 3466
269 269
2551 2551
675 4386
7029 4518
302 2304
4411 4411
1227 2318
3030 4395
2904 2352
5516 2342
7062 4699
620 2531
3782 4384
6643 2343
6026 4385
6096 2312
6376 2356
1642 2361
2732 2360
4919 2341
3962 2533
5381 356
238 3505
7302 4389
2271 4439
3563 4260
7318 4046
4530 3542
5198 4771
2485 2485
5402 2480
2546 2546
1246 2658
2861 2554
1703 2564
779 2882
5239 2896
935 2893
7480 2650
5679 4476
3897 4509
6400 2895
4680 4560
5429 2894
5083 4502
6734 4557
5551 4496
480 4504
3192 4511
4491 4513
7473 4505
304 4477
7464 4507
3134 4456
5435 4558
2628 4512
5564 4364
574 3531
1276 4479
2391 4818
251 4508
747 4816
2144 4722
6607 4455
4561 4561
3655 4484
601 4817
3403 4725
2461 2880
3651 4497
7443 4359
1479 4498
414 4794
6559 4808
6306 4452
4205 4814
314 4732
2061 4723
2684 4447
6242 3534
5128 4724
7004 4727
4726 4726
4972 4737
5414 4738
1839 4222
6251 3960
1670 4812
5022 4849
4819 4819
2724 4799
2230 4753
5817 4421
3674 4810
3054 4751
2421 4729
4577 4870
188 6982
2160 4756
2080 4761
6932 4850
6967 6962
717 2909
1482 2916
6492 4731
5668 4506
4038 4487
4087 4488
5780 4802
5535 4489
5542 6968
205 4743
472 4375
6666 3417
7335 4481
2255 4795
3554 4800
6478 4565
1376 4741
5629 4733
5490 3423
6894 4730
7466 4579
3800 4483
773 4360
2168 4854
7211 4874
1135 4495
1637 2918
5461 3098
5771 4803
6561 4485
6732 4939
5626 4486
693 6973
7288 3416
1203 4806
6595 4801
422 4796
328 3533
6836 4861
3609 4490
214 4788
5737 4755
7451 4852
6956 4807
3650 4462
3131 4583
1094 4734
642 4740
5165 4804
4700 6975
4813 4813
32 4494
2025 4841
5105 4492
5974 2948
2545 3414
1770 4811
4450 4493
2078 6984
3434 3147
6283 4482
3707 4759
4897 6047
1347 4851
5654 3130
4377 4719
5588 4867
7450 4510
1434 6302
5634 6048
1231 4736
578 4480
7150 4793
2036 4840
3097 3097
5909 4728
1216 6976
6968 6997
6054 4760
7058 4571
1345 4899
1241 4406
6137 4569
1164 4881
106 4798
241 6983
2652 2924
2365 189
1364 2925
3177 2505
4739 4739
1650 4752
5345 3121
4699 3175
7147 256
1859 3095
615 3111
1595 3113
2961 3181
4292 3068
3508 3125
482 3150
4188 3112
5372 3123
1989 3126
3843 3044
3639 3149
3991 3081
2435 3063
7093 3048
4419 4419
6041 4418
5666 4912
6917 6967
4818 4749
7372 4363
3420 4875
7375 4859
6482 4592
6198 4582
6293 2917
6421 3422
5390 2366
1381 4534
6846 439
2734 319
2091 3419
7077 230
142 2998
6992 3146
5975 2908
7129 3155
6898 3077
1186 3084
2072 3059
6615 3124
1494 3129
3144 3144
1771 3138
5285 3151
5043 3143
2242 3154
978 3204
1932 3127
5763 7313
1612 267
2254 4868
4712 289
3384 361
6113 365
5685 6555
5620 4971
3090 4577
1358 2520
5601 3420
4762 3139
172 3145
3597 4872
5494 4365
111 4836
6817 4503
3148 3148
4053 3903
5754 3929
1028 4789
2829 2892
1792 4308
4212 7447
972 4892
1814 4516
352 4555
7240 4790
6960 4896
4691 336
1589 2544
149 2545
2860 3404
283 3401
5902 2473
5883 3402
167 2919
1113 4422
4805 4424
4550 3777
6385 4797
3432 3197
6564 2613
344 2603
6910 4361
2178 2614
4384 2316
1570 3128
1346 3069
6701 3159
4937 3191
3522 4254
7216 1758
3287 2956
4515 4515
708 4757
3370 2378
6863 3435
2843 6229
2002 2954
4275 6523
3953 5698
3190 6231
262 3348
4991 2305
5706 2317
7238 297
4737 438
6854 4567
3072 4412
4479 4415
5920 4860
7067 3161
2980 4754
3918 6320
5594 4362
2639 2639
3718 231
5896 2923
1738 2953
4024 2642
2247 3176
3184 3184
3676 3625
2222 3674
2623 3188
3001 3526
7482 2327
7053 4531
6879 4478
3405 3405
975 314
1446 3403
4845 4410
4826 2379
2309 4069
4713 4428
2319 3153
2510 3488
2476 4379
1351 4720
7168 4718
1996 4436
5570 2475
7178 4450
6909 4528
4405 2502
4636 2501
3739 2568
849 2582
492 1143
2374 3156
5332 2325
4778 2930
4922 4922
5493 2928
929 4965
3235 2624
1579 3949
371 3415
6947 4468
3257 4521
6644 2941
2520 3506
2276 270
5547 4457
4552 4839
4529 4529
2446 3407
936 3406
5314 2610
1155 2474
3130 2540
5187 2492
3886 2322
6889 1316
7057 1320
5738 4393
2063 3049
4191 2586
6468 321
3133 3431
3659 4768
6553 4354
4971 4465
1504 2946
6040 292
1532 96
6945 4791
4487 3868
3081 2519
7102 4837
2946 7312
4251 4742
3407 4758
6401 3718
438 344
7123 3961
2346 2346
4047 4438
4155 4554
5036 3183
5321 6232
6605 2344
7165 3199
3070 3070
5227 3107
1409 4944
6794 3167
3626 4548
4466 3213
2132 4553
3046 2618
3342 2601
6812 2367
1460 362
211 2339
5644 2915
3971 3535
469 3530
4865 4367
2192 3430
801 4963
3276 4420
4356 4356
4514 4514
3828 4926
827 4593
5789 4890
3125 4581
5610 2951
1812 2927
5584 4575
4122 2926
988 4923
3838 6961
5720 4566
6210 3513
1299 4382
2480 4472
4473 4473
6384 4408
2690 2385
6980 143
479 479
1394 4407
1045 4947
6042 2479
4927 4927
7289 2335
370 2336
92 4358
1503 4381
313 2641
6994 4211
6940 1503
6157 1482
2337 1471
3345 2783
7459 2292
59 2036
676 2000
1665 2035
4565 1582
4858 757
3088 752
4895 590
2923 1729
5115 2165
3335 480
6168 1986
1268 2258
787 787
78 1718
7043 871
6707 1745
5469 1975
1525 848
5404 92
6594 832
3254 2432
1757 1757
3691 1041
7100 2376
2846 1475
4692 1470
5280 893
1966 1966
1478 2622
5137 2140
5379 584
390 390
712 3225
6334 868
2300 1723
5947 1765
3827 2002
2574 1
2688 896
4508 607
5550 1373
6219 2039
2092 844
641 1027
6050 2532
597 597
6444 835
2372 1508
4655 649
610 912
2489 1430
359 654
1158 35
3395 1408
5261 813
5687 1957
6625 2452
3103 706
4644 3222
4362 837
2864 2266
3892 2293
5462 2291
6922 2300
4283 2832
830 3234
4502 447
2268 774
4165 1290
7153 73
6904 727
4509 785
3460 3771
903 903
3632 1968
2184 831
4032 2815
1175 41
850 3233
5445 482
5286 782
2528 2662
5963 1759
1291 878
2339 886
420 784
6395 733
5848 2467
2382 2382
7307 2726
6185 992
725 827
841 841
6357 859
2579 258
2415 639
6512 2451
7097 1736
1106 1106
7236 983
2227 980
1577 991
1170 594
1659 935
6648 864
3145 975
772 740
1988 743
5009 889
4436 990
5913 916
864 738
576 884
751 974
907 753
644 2761
3247 1711
6318 2765
2250 1739
3357 3224
7253 816
948 948
1220 448
4950 830
6138 840
6235 1991
5193 2661
2661 2660
2575 1465
822 2398
118 2426
672 1564
349 745
1321 780
602 651
4951 2826
3542 2831
5431 2828
5688 2830
683 2829
5298 1763
1761 847
2297 876
7413 1501
3795 185
4672 960
7172 641
3012 1511
843 843
4017 139
4379 2275
5254 2389
5076 1388
5528 1578
2112 1271
2642 2007
2689 1989
5517 1992
1495 1495
5917 819
5154 817
3104 994
6233 571
619 450
2752 1410
4209 1365
1843 1993
5901 2374
3555 2687
6284 1166
867 1994
7273 668
2535 478
2410 3227
5101 1702
249 754
4198 2455
4034 800
1784 1784
3681 972
505 869
2944 940
5380 3700
5521 950
7215 2604
4714 3658
277 652
870 638
1281 40
2789 883
2822 996
193 681
227 2290
3040 803
6205 744
2228 767
2585 2460
1864 937
2775 688
652 873
1490 1490
1280 1280
5201 2377
3935 867
776 715
6200 2259
2343 1981
4892 1506
21 1504
955 1507
1834 914
5357 89
250 1724
2654 2794
4982 850
4777 181
2411 2411
450 801
985 704
5018 52
3518 2760
3529 1974
2310 3580
5630 3699
143 2044
1472 2042
2735 2021
5842 1976
4615 1965
501 1969
7332 1963
2285 2047
4606 2045
1636 2031
6024 2029
1651 1997
443 2023
2406 1999
7134 2011
3018 2022
7317 2019
5374 2015
5886 2018
4412 2387
6833 2425
5606 1215
3959 1720
270 978
1671 1754
786 786
345 1119
3411 2256
1057 734
1776 951
5307 83
932 2416
6736 290
6329 646
5030 2587
1295 1748
430 1126
6950 2836
404 908
6381 1274
2806 2806
5074 1424
2024 2024
4051 44
5473 855
6781 598
2512 1164
5875 21
719 719
2116 2664
6178 3571
1401 1401
1050 1566
1074 2756
4497 1174
1027 1419
432 842
109 100
263 1689
4551 860
5534 2615
3386 1496
1733 1416
1465 2277
3964 1701
1564 1364
355 1961
964 964
6433 653
7249 1180
1404 54
39 777
5759 3251
4109 72
2226 795
1378 2674
1329 1197
2 1639
2836 130
7404 477
264 778
6740 2684
809 2279
11 2038
1497 2627
4629 739
6380 573
5512 956
6602 838
381 2032
2516 2
2129 968
983 3759
3380 911
4207 1557
4288 601
2694 121
3020 1375
2761 2268
6252 2005
2519 2549
5344 444
4540 833
1098 1338
1987 1987
6796 726
5437 845
2953 2229
2522 957
3326 3326
2224 1015
926 804
7460 2270
5783 2777
657 657
4562 1481
733 204
4656 2278
5941 2006
3796 1948
6114 2014
1973 2034
3851 2776
4732 902
2631 2380
3377 2701
4947 729
3360 952
4628 2402
2202 806
6086 2727
5408 822
5904 1235
7315 2169
6656 2276
195 891
3657 3657
3423 954
3533 67
2559 2559
7263 1488
3059 678
5609 2607
6612 673
3270 1719
71 2841
3994 834
6661 900
515 257
1150 26
2939 1172
5513 1795
2486 3228
7423 234
5004 3676
2629 2629
2478 2632
5788 979
3419 709
696 2443
2071 655
939 3385
3931 202
3830 905
2431 1492
5661 2412
4740 184
5336 208
6946 2404
5977 1212
1994 1467
3663 3663
6867 2671
7079 624
2496 818
624 2649
2505 2299
6626 2013
3058 1559
2718 1569
1581 1581
3154 1574
3856 1580
500 1584
5860 1576
2433 634
4357 2567
5334 849
5595 1299
4022 1184
257 1332
331 1351
5692 1112
7182 1414
7116 1426
5790 1121
3611 1128
5071 1133
1830 1144
5948 1228
1365 1429
1413 1428
3376 1425
682 1422
2638 1421
6222 1420
4938 1413
2958 1248
5621 1412
3084 1262
1288 1263
2728 1270
5263 1407
6647 1406
7475 1272
4612 1405
6601 1403
5555 1283
1339 1402
5987 1393
5044 1288
3350 1304
4142 1306
6243 1334
5639 1355
1349 1366
4181 1386
2450 1383
3372 1376
1305 1378
5797 1598
3168 1145
2428 2428
1615 2289
2158 783
647 647
5164 2283
2302 1292
3749 2778
399 1353
3929 3743
1995 1973
2269 2269
1713 2626
4610 2138
3389 799
2056 2814
653 2526
7027 1651
6057 2397
5829 1129
3532 1102
7217 1100
1928 1984
3583 1721
799 1572
2094 2834
6093 377
460 672
2133 587
5653 503
2518 769
91 1039
7360 4913
3413 4907
3431 603
519 2265
6622 1380
966 3252
4184 1688
4864 1141
5133 3687
1958 1786
1953 779
4282 1888
1945 2131
1109 2142
2291 1577
6709 789
6955 3744
1752 262
6710 251
6988 2763
248 1385
2571 141
3487 4586
3359 1368
1985 1370
3685 1463
6783 788
2909 2263
3535 3748
7251 910
5451 921
1693 574
2157 736
229 836
4729 2421
3514 1829
162 3675
1708 3579
1138 1653
6150 1654
407 120
5346 568
5331 2295
4856 147
14 3589
3275 2033
6429 961
3646 4291
1505 1505
881 171
4745 1268
5465 373
2541 2541
7391 1597
660 759
681 3083
938 906
4076 1487
2397 599
17 17
1563 5
3722 3722
4253 3691
4424 1073
1189 1069
6297 1081
4634 1077
176 176
6784 3186
1237 1394
1489 95
5735 2381
1315 1479
4163 764
3298 2135
1225 575
5850 879
523 3668
2581 1229
1003 751
4434 2665
2387 3730
2086 1311
2558 938
1897 1953
6618 3656
2195 2247
4423 614
6874 2589
6520 2656
3459 2488
3943 2594
856 2572
2355 2669
5837 2663
4772 2597
2915 2609
1515 2668
3019 2651
3186 2620
2893 2666
347 2625
538 2645
7119 2605
2766 2766
5410 810
5877 1273
1774 866
2289 1623
1965 1636
10 2267
6902 228
4250 720
3585 3585
824 824
3747 3328
1294 811
5301 108
677 677
3496 2619
4150 2109
524 1650
3629 2571
467 1374
4696 1118
4614 3085
6474 1341
3165 1925
401 971
5058 659
1967 851
4814 3740
4014 2683
703 2125
4742 2825
4575 747
5426 1950
419 679
7421 2691
6542 3694
976 976
3093 765
2362 1464
6223 2123
6360 1603
2108 2179
3310 2736
3688 3688
2740 701
2278 1193
4346 1181
5157 2579
1685 1978
1656 1008
1448 3643
989 989
6020 4893
254 4869
1737 1737
4462 126
2280 3683
2719 3677
213 3778
4108 3721
3641 3659
3802 3641
5775 3785
6906 3671
5567 3703
3671 3772
5855 3719
6299 3769
4690 3620
3340 3623
5799 3630
3418 3762
4255 3636
4662 3751
4126 3649
4480 3749
2567 3661
7340 3726
4998 3708
904 3679
3860 3705
4308 3682
3010 3684
5064 1155
598 264
308 103
6347 2652
4433 1983
4643 1117
1334 967
6191 1690
1727 1657
2878 445
2834 1667
191 631
1165 3642
5932 1354
6720 476
3687 2017
3934 2096
4490 1052
1010 1570
513 2595
6924 2538
6528 875
6548 794
3107 3681
3499 391
4898 248
322 667
6282 134
1590 1542
655 890
7319 692
2649 613
4709 1004
4872 746
6366 3697
1086 1704
6300 2630
6125 696
4294 1630
749 749
5214 1243
2464 213
4062 217
1626 178
6632 227
1751 246
2597 237
1860 163
2922 168
6931 245
560 244
237 186
7268 242
1277 207
6788 241
5279 193
5303 219
734 220
5979 238
1959 221
2145 233
319 210
1972 1110
7304 296
2879 1960
2139 560
5492 1346
6674 3276
4549 3797
1441 919
651 434
7363 2782
4717 567
1621 569
287 1535
3546 379
4722 3714
7151 2576
3853 2692
2046 1871
2213 3652
3344 3
365 485
2430 982
2874 2114
367 2141
6886 18
4848 2001
6772 1679
4171 1710
1338 703
2554 1060
1514 2859
169 2562
3941 1312
5480 2144
4259 1515
1054 612
3550 2550
4478 742
593 593
3852 2617
1452 904
2844 1646
3442 693
3975 1390
3702 1317
1454 808
5270 2152
2400 215
3179 1548
2032 346
6155 1190
3163 826
6900 622
2273 2796
7085 1728
3898 718
5529 812
7091 2743
6731 2793
3507 2745
1999 2803
2743 2787
291 2748
1944 2807
6129 2800
1147 2805
2867 2795
562 3755
5851 880
7120 1214
415 415
6121 3795
2568 3618
883 1210
6834 625
5868 586
37 3135
1540 1931
1373 3664
6418 3578
4426 930
5959 723
4335 2860
2392 1499
4943 493
743 1691
3524 735
6001 856
5398 1203
396 1239
3256 2087
2782 1885
7105 686
608 608
274 1295
4152 768
6402 1922
1854 895
318 2584
6735 600
388 566
959 200
2550 152
2648 2648
7023 2621
2614 2105
6246 676
4265 2699
2601 3783
3092 2371
7224 2372
3647 2408
6694 2676
2347 984
7358 2127
3745 3745
2612 2612
5933 1219
6745 1604
4169 691
1309 376
6367 2866
2627 3232
1374 2673
6777 3241
223 3255
4945 3247
3612 3250
3515 3254
3494 3231
1445 3230
1040 3246
1552 3235
769 3253
3255 3249
2532 3042
3881 2453
5730 3736
2521 1078
1657 2512
5349 1257
1273 1382
3009 635
2507 1541
30 588
2473 10
5337 1562
5339 627
2209 2209
6801 2573
6505 492
7218 664
1780 1733
1732 1732
63 190
2307 578
216 610
732 3627
4757 3329
1548 2358
5441 4202
4524 3761
3498 2115
6727 2598
1794 110
6069 1175
6631 3045
2177 2867
6555 2499
3724 2134
7142 1532
4082 1514
5316 1835
2943 2315
5958 380
917 1609
4104 3102
1736 2737
155 2068
6249 999
3526 2254
5689 920
1875 781
5757 1676
4347 4559
6112 4597
2793 4599
3032 4584
6383 4588
4597 4587
3139 236
7368 2388
3290 2708
4421 2716
444 2711
6513 2702
3024 2705
2679 2720
2709 2721
1767 2679
2705 2719
5553 2680
768 2717
6188 2714
5163 2709
1392 2712
7298 524
7406 2078
3661 616
2935 592
3814 674
416 1612
4332 3754
1306 2117
3678 2252
387 2253
7138 2251
1706 684
1648 2062
2104 2072
628 2073
410 2083
3178 2098
4718 2104
1163 2074
364 2094
2324 1990
228 1347
2156 3380
1848 3094
4952 1941
1091 3753
6704 2713
2837 2837
3029 2457
6458 687
292 690
6342 621
2979 1985
7094 1601
6588 1103
3318 792
6664 156
791 1661
6098 1695
5571 1703
3593 1697
1644 1694
7003 1605
844 1706
5055 1705
4120 1668
1806 1699
3938 1698
1868 3760
2380 852
4755 2752
4974 862
895 2444
6623 3655
3115 661
4572 2390
1722 2773
5295 199
2928 1947
1930 1669
2088 3776
3669 3669
258 3738
1971 716
7136 1202
5664 1009
5283 534
6901 3572
1935 1935
4045 2563
2120 212
1718 222
1779 1005
4866 4023
4750 3712
7296 3910
2020 670
2076 2076
1453 1049
5587 11
6855 3690
6700 2077
5235 15
1143 3171
2163 770
3875 196
2800 294
4959 211
1252 1252
7005 1485
3993 1251
2244 1328
3142 4573
311 4572
4375 1755
2424 205
4391 3283
758 758
3044 4568
3233 277
3217 128
2712 1087
1432 1062
3599 710
7373 2581
4781 3723
3086 2659
7362 1068
1614 1614
4059 4578
640 648
2298 3693
6067 1904
6523 2818
3031 1664
3574 732
2566 1183
2500 2525
6832 1932
4879 1568
4378 3117
1522 1528
6158 1524
2125 1545
2259 1547
181 1544
6032 1531
2739 3622
7441 2037
5423 820
5125 2843
5070 2852
7036 2840
701 383
6162 1089
6916 737
3767 4574
3656 27
6281 2471
5819 1652
2010 1349
4906 1713
7191 137
5919 2207
2262 1858
2483 2685
5095 3583
1217 1998
4010 2456
2457 2016
3304 2061
1271 2530
4591 728
1801 2862
5612 2868
6599 2280
2414 1634
3365 662
1964 1964
35 1367
3538 1330
1069 1091
4960 1093
3753 1098
4004 1088
7164 1061
5444 1071
5160 1083
5923 1046
892 1082
1701 1079
7292 1097
4547 2591
922 1800
3056 3201
3140 384
5477 326
5419 4876
2851 2851
2468 3909
7163 615
5267 3458
1535 1677
1683 3713
7293 576
4815 3266
4097 1423
5040 1521
5765 760
3035 3035
2576 3561
1635 528
1331 2288
4267 1692
561 882
6156 214
3545 3698
6876 12
4512 2511
5243 3075
5739 1558
2069 943
5208 1824
3914 201
256 3864
173 392
2412 2515
3769 1629
4997 1886
535 2274
2821 2306
4557 3115
823 1905
6180 3614
1580 1170
179 223
2990 1362
2862 1801
1802 1802
680 279
4608 2172
1539 618
635 2331
702 702
2901 1537
7197 683
6423 3848
716 1673
4640 1012
1568 2710
3479 874
7149 1917
1565 521
2245 3337
1628 1628
3025 1685
3112 1943
6471 3889
5832 1331
1239 1205
6374 2351
731 731
6111 2735
6825 1641
307 1887
928 3704
2682 182
1872 1313
3394 3646
146 3261
2377 2303
7282 965
7189 1294
5680 941
3265 3265
351 280
5677 1434
3634 2205
5942 1539
7376 1204
368 1878
536 99
1219 115
6143 1348
3212 1870
3675 1883
6336 389
1366 3702
1293 1293
1455 2537
6028 3185
5834 1876
6557 4878
2613 1134
2839 4596
4513 2494
466 1255
3364 165
3383 3383
5801 2754
3260 2108
6051 1727
1385 84
2367 1066
1663 2119
2286 3568
2659 3170
7490 1389
3743 136
7297 3621
5888 1113
4715 3375
5927 1620
4545 2012
2221 1780
1790 2527
5910 1846
5148 1678
6616 2764
4760 863
3028 2020
949 2513
805 1277
570 2286
1970 146
5840 3611
3348 1635
3985 1051
6942 1074
1561 1889
580 580
6197 2025
5111 4898
5905 4855
4306 4885
2938 4891
3151 4844
4638 4864
4170 4886
6499 4888
5392 4866
2934 4884
121 3836
6097 617
5572 535
6534 1468
6341 3103
3845 8
1950 3781
1715 1715
1803 1579
2121 1626
3174 3041
6437 3058
3961 3122
7158 3110
4701 3038
4067 3165
3917 3132
1783 3220
4957 3211
3336 3208
2964 3221
4234 3142
6629 3157
4305 3194
671 3174
4190 3164
4385 2738
2918 1637
728 1972
2513 3360
5376 680
5732 3378
260 2730
4000 2409
3261 1472
5943 2324
7234 3607
7060 4045
6574 311
6649 1621
6771 2195
1990 4862
4330 2060
6688 928
1852 1571
1660 4900
7139 1484
2373 1844
1578 1512
3079 412
4111 4894
4056 3782
2852 858
1519 2386
295 926
2105 2458
4573 815
4899 4001
1892 4882
6892 1873
6581 1659
3825 102
1836 1237
100 1594
1386 1909
1377 1760
2930 2285
4578 3613
5472 2204
2857 3860
7469 669
6122 1194
3709 260
2913 3838
3294 705
1625 261
4081 4877
1078 3354
658 570
4786 551
558 548
564 563
720 507
278 517
3725 514
6802 558
2467 565
4472 527
1917 542
2323 559
1266 564
3472 555
3816 3816
5300 2213
6657 582
2722 232
1292 473
1327 322
366 1958
1766 1105
138 2863
2664 2102
7322 5358
3744 523
3849 2262
878 1762
1477 1477
721 721
6483 1253
7320 3808
820 4061
316 316
840 422
4674 107
219 3787
3780 5371
1223 2873
1213 1643
4558 3758
87 1665
5777 1254
6140 3205
1383 2816
6066 853
2714 3842
7487 2406
5166 929
909 2383
930 3914
2848 2574
7199 150
2344 1640
6698 1573
6172 3818
4016 4842
1372 4040
5202 2518
4049 3114
5615 1152
3314 1265
6621 265
6195 1980
2381 682
6725 4617
7046 28
1103 145
509 509
3439 2126
7497 4594
4703 3192
5724 3456
4044 452
781 305
6304 3131
6507 1072
4471 4021
115 2757
2838 748
1512 1817
3476 700
2296 2296
547 3206
6214 3340
4851 1451
4020 1454
645 1461
2920 1452
321 1460
6094 1432
1187 1455
3123 1771
2436 1497
7258 4205
423 129
3948 846
3051 1450
6861 2243
7409 3560
3979 656
6964 3099
5554 1446
7327 387
2325 897
6941 157
2841 2942
6344 2244
803 581
1439 1146
380 4208
2548 3553
55 123
2219 2124
2077 140
812 1259
5568 3925
3922 3922
4671 3924
6645 3923
3320 1225
3185 1712
3193 3193
5206 1952
5386 1553
1188 2703
1076 579
6278 722
4268 3612
7018 1942
76 1940
4544 1869
953 1908
7135 2706
3894 4336
6077 1245
6963 2281
7167 907
6697 3631
1984 1616
4780 4210
1828 328
3462 2762
3379 4339
4089 506
477 1675
7066 180
3296 1433
3673 3673
1136 3878
5578 3865
1039 3166
1324 766
4177 1356
951 14
1483 4955
925 2128
3362 1825
4315 2271
6083 2414
7050 2079
7374 2040
723 2112
208 3169
704 620
6440 405
491 3217
7121 1538
5359 2082
2750 2724
6606 3779
7310 3447
3100 3100
923 1970
455 148
868 1517
4420 2111
5830 1660
3719 1814
5549 4776
4127 3901
6 1443
3409 1593
7087 307
7155 135
3693 3849
5013 2508
6633 1955
3443 2871
3002 416
3920 3716
4727 4934
3619 441
6448 3457
626 3020
1616 173
1787 1327
3437 2857
3989 187
2494 1799
4705 4777
2425 3215
303 3566
6763 1923
5796 2608
1440 2845
2657 2448
1922 1240
879 2053
2876 1996
1310 3803
189 3381
1926 2983
6925 3956
5544 3666
123 932
4806 671
7493 1282
1395 243
6389 424
7299 2400
2683 122
7377 1080
2984 502
833 689
5995 4782
6869 4467
3426 259
2975 209
1020 45
5577 3223
4341 4341
4685 2118
2720 1026
3427 756
1573 3861
3911 2249
6870 2319
7430 3840
1332 3168
5608 4009
6072 411
5121 1555
4932 3392
2972 2972
105 105
1079 3446
4065 4931
2313 1094
1674 1674
1835 1122
2674 421
3762 2813
4881 255
6675 2103
5282 4783
3455 2051
2669 698
2017 3269
1430 2489
6957 4051
5580 1462
1159 4590
6021 4784
1586 3581
4304 2865
3425 2107
514 3846
846 577
2434 2962
3222 2057
3947 2898
3915 2936
1137 2935
1249 909
865 562
80 2391
2886 3710
3361 1111
199 409
2849 2849
1608 3090
3528 3214
5845 2092
4273 3897
3076 4616
771 771
4293 1154
5955 536
7214 2337
6929 2975
1408 1803
2606 712
5452 1063
2673 2405
1543 2130
3470 1735
1646 3207
5981 1590
1224 1281
3416 3645
120 2225
1221 1221
5450 375
5358 865
4286 1934
408 408
4650 1696
1251 2133
911 2771
4002 403
5967 2401
6782 7011
3644 3644
3846 3226
3297 4905
1902 3357
3927 3024
6686 3065
6519 1686
1623 4176
4505 4078
1056 418
1388 71
5503 460
5257 1473
7146 695
7387 643
5068 2906
434 2097
2687 1217
5309 1242
1055 516
1444 278
5865 50
475 151
1908 2838
952 3678
4159 2242
5543 917
4748 2075
1666 4847
1847 1037
6163 1561
7124 2113
3999 2129
3491 1827
2646 4879
5498 2122
1142 3218
1723 933
3732 1587
6153 3670
6811 4079
1846 1631
5081 945
6212 3844
5172 1114
4827 2084
1467 711
4566 3140
122 2395
3492 3203
1245 4991
4090 4996
2856 4961
3523 5321
5533 5322
5350 4938
947 4973
5418 5496
7351 4942
6149 5326
2035 5327
1238 4974
7309 5320
2840 1391
5411 4146
3883 1588
6516 3837
4418 1822
4295 2988
3620 3023
5976 3010
3 3843
2636 4155
3788 3209
974 3828
7390 714
6756 637
4132 2939
2933 1823
7301 1843
6286 3173
5167 1632
5628 254
2398 1938
7075 1836
5015 1853
3878 3900
2030 2697
2524 4950
3584 2593
4091 4091
4083 3054
1691 1489
4869 4206
7274 1649
339 2088
2308 3074
7418 2966
1287 495
7002 609
4583 1070
2149 5980
6502 4141
5590 195
6036 1059
2891 4916
4904 3886
4481 1115
4461 1693
5446 2548
3716 2992
3102 406
4242 2101
5749 4778
1749 934
4303 3033
5807 111
1866 1189
5375 3564
7195 2080
4833 4111
5824 2090
6859 3066
1511 3281
3205 455
7500 119
3327 3912
4055 3108
4148 282
6959 4983
965 1556
3194 3088
4404 1930
4160 2560
2054 1104
6352 2733
1330 2864
6584 402
3614 3605
573 3880
3119 3119
2633 1585
4061 3317
1936 1936
4369 3832
3149 4370
1322 1662
5324 2678
4069 4998
1049 1642
775 1919
4761 3825
7073 2789
5454 531
7126 404
4179 240
147 2491
190 552
5632 3851
72 3570
1470 3562
4616 2984
2503 153
2561 3118
977 988
2801 4240
2131 1945
835 1831
2977 423
3570 2298
3811 1329
2248 1513
2678 4846
7245 1241
7130 125
2079 1743
4307 3067
459 583
6288 1135
2910 1523
1963 2855
12 3805
705 308
418 3034
1146 1439
4924 1101
1849 3567
7378 2056
4808 1826
4167 611
899 899
838 80
2138 2788
4351 4138
4797 3216
5585 1086
2299 1845
2288 1830
400 1656
3075 4787
5711 3812
7366 3459
5042 4013
6580 725
6325 1837
5269 3720
1468 4027
2645 3810
2932 3883
737 530
4110 511
6755 414
4125 543
739 3013
919 1309
908 4933
5970 1979
2859 1552
595 595
973 973
1609 3301
282 4058
4023 1442
999 2100
6372 133
5207 894
2265 1438
4949 3243
2126 544
1560 3163
6527 2689
1961 3999
409 2410
2770 2770
4470 4267
2751 1848
5217 1894
4079 606
5273 642
3887 3887
3136 4012
499 2340
4376 1967
4186 1084
5997 3327
1730 1520
183 1188
5236 5089
5335 1959
1093 2049
3482 2085
2697 437
6087 3650
6225 1469
1442 350
4811 3294
1466 4936
1004 419
1066 959
1652 4307
2097 1398
202 1399
3841 3841
5328 1200
1530 3867
2641 7
4499 3287
2611 2611
1120 1120
6280 3972
3329 3060
3781 4871
4622 3272
5582 268
3694 3835
2945 3741
4658 1671
124 2900
197 3305
255 451
3410 3410
2111 4180
3756 249
2281 1709
2707 605
1302 4246
1456 2929
4488 500
5705 4251
1208 3988
5698 88
3924 1586
3495 2847
6333 4466
3758 2875
3847 4226
5957 20
617 6212
4725 7488
5127 5731
309 420
4948 2215
4028 287
1013 1466
489 2970
3672 253
70 252
3334 3334
3717 2156
3954 413
456 456
4382 2861
5219 1627
4617 1457
51 51
2835 2835
1877 1877
6981 2110
442 1267
1874 1874
6678 1742
1314 3921
1194 3030
898 3509
6363 1058
4979 4979
2899 2498
4261 1476
3311 3311
2637 2637
1632 4949
863 3289
4036 1906
1704 407
2624 3137
7162 1201
2034 7332
5929 4603
4907 1828
2196 2255
161 5919
7035 1595
579 2769
3406 3387
4262 3440
1551 371
3285 3285
5746 1903
6257 802
5251 1638
4973 5086
3761 6709
2997 5431
4227 226
1557 4207
3110 286
5362 7329
6539 1411
48 1278
6975 2870
3252 3310
4654 1297
1008 3813
4397 4953
5552 112
6141 2677
2993 298
7133 1726
4218 4911
3771 2297
1267 3341
3705 2947
5032 3884
3627 3633
2051 3421
1134 4170
2272 942
2767 2767
6033 4338
4546 2261
3332 3637
2902 2991
4238 4004
2831 4103
1285 2399
7344 2139
1702 3587
4635 2524
3471 3293
1260 1708
4494 3863
2580 3845
5141 3339
2366 131
4801 1680
2246 101
235 2969
5190 823
2758 446
2863 263
4064 4064
3308 3308
5406 23
7246 3258
1282 2370
1698 1818
4878 4887
4210 1176
5899 2066
543 762
360 31
1943 1478
6713 2693
2533 2850
6398 3882
2356 2940
4626 3695
5478 299
3776 4451
7084 1811
1585 323
1116 3576
623 5185
74 522
5719 1324
7330 303
5806 474
5415 602
6680 2819
86 3291
2858 3833
6976 5062
611 4167
4603 3187
2477 2070
5651 250
495 3850
1085 1085
3581 3408
3517 4156
3869 1633
2210 1001
5921 2543
2044 1565
3521 3857
789 1151
2603 1003
1743 1227
6330 3312
1177 2052
1880 3894
5889 3874
5619 2967
1680 2631
6672 1810
7422 3780
2996 397
3544 1526
5937 3947
2331 3624
1313 3237
5319 2688
1099 2516
3534 4889
4841 3793
2557 2528
3113 1445
6194 3386
1162 650
4810 3911
6203 4160
6630 3286
1429 4133
3531 2897
2887 5248
2007 2064
2616 4099
4440 272
4793 5063
5870 3316
1934 2994
5092 4446
3288 3452
2499 32
3677 2633
1443 4444
2727 1142
343 1809
7222 1448
510 510
3536 4258
5545 4270
5366 2287
7206 761
5272 1600
3996 3996
3530 5898
5798 3696
3877 3292
1438 532
3238 2904
6920 4159
3957 1725
5613 2120
7042 4980
3215 4972
2672 2672
5793 3172
3398 1308
3047 3047
1873 1298
6979 3629
6497 3288
5778 4007
2749 2681
4625 3866
1799 2833
6569 1610
5001 4256
5565 828
4580 741
5113 4152
3057 3057
2713 496
3558 2903
1555 2616
6382 2477
6254 1615
6560 6149
4944 1647
6099 2435
5756 2901
5391 4014
1954 1591
3249 2592
5161 5158
1533 1533
6154 1617
4406 2588
3404 2099
7492 1045
7065 1995
7221 2869
607 1954
3268 3268
6669 772
2618 179
3428 3428
3714 1839
1855 3798
290 3277
5449 3852
3686 386
4741 1895
1316 1291
3631 4324
462 3267
4613 5613
1184 5208
1041 5255
3870 5203
6779 5201
3933 5204
1153 5210
6504 5206
621 4957
7416 6182
7442 6804
2142 5796
5893 7026
5370 6003
3638 5801
6472 6901
5541 6183
6653 5800
3452 5809
6399 5806
6309 7257
1340 5799
1601 497
7364 2853
4607 4448
2115 2178
4252 382
1030 2163
2201 3002
1876 3597
1118 2965
5356 7170
6477 5191
2604 6443
3223 218
736 1560
6061 174
5231 3377
6213 2206
6927 1891
4140 1209
7233 2858
7458 1054
1747 1608
5086 713
5869 4959
5559 1867
2333 1855
2973 3954
5405 4265
1993 3304
2197 3729
3652 3179
374 3944
6835 604
5348 3052
2963 1988
1886 1602
2081 547
7166 2048
417 3313
6518 2063
5805 461
5118 3290
3906 3717
3201 1250
3949 1436
1655 6866
7012 7100
4465 7052
6760 7460
2991 6017
6394 1842
544 2731
6641 2164
1810 3951
5430 3324
4455 4153
5107 401
3053 3053
7343 4314
1574 3342
6944 2985
6864 3454
1643 2368
6807 3928
4758 4212
3505 203
4744 6329
2075 4750
1641 557
6487 4130
2423 4544
1275 1275
3183 2355
4333 4268
2733 1589
6407 1456
6016 5535
5425 3355
854 4321
3367 3974
796 796
764 6732
2814 3011
1997 6008
6882 5137
542 2905
1781 4044
5820 4145
1117 2996
5878 2302
6319 4106
1819 1819
6547 3393
6207 3455
3026 7091
7030 6348
4649 7068
5952 5632
3642 6306
2188 6556
5140 6590
5873 6569
6554 6454
1566 6402
218 7366
4301 7251
5487 6924
5287 1901
4647 4984
4398 458
6593 1949
5650 2510
5748 1892
1167 1857
5631 385
991 4319
5135 4780
902 2121
6951 5314
1101 636
5355 2504
4670 3309
6714 644
1851 1851
485 475
2763 5825
3834 3834
3904 2136
6816 491
175 3136
2536 2536
5560 589
1359 2974
5008 5177
2584 5178
2361 3662
1906 4036
4985 5002
2748 2657
6100 1530
4042 6944
2407 4576
2540 2157
6365 2055
669 5393
633 7086
1199 1319
178 4928
5872 4100
2287 3686
5464 417
3666 4298
3060 5288
5297 6952
1082 7045
7184 7092
2675 6840
1956 2330
3354 4986
1196 3314
1977 1977
2004 4168
2152 490
2736 3298
3037 4218
3266 5152
5248 7356
5299 3018
5926 2086
759 206
7145 2054
1033 3263
4429 6
220 1882
3429 1840
3279 5490
4189 3543
4172 4172
151 1951
2103 104
7266 7304
2454 467
3291 2606
7103 399
783 4181
6591 3461
439 4215
1179 1179
2593 2260
2390 5892
6062 6987
4217 1611
1697 4129
3073 3862
5686 4995
3880 7095
3876 4805
2907 1258
4875 2979
3108 1899
4314 2696
1018 295
1541 2089
2330 1838
3197 3299
4066 4066
7020 3962
5326 4174
3000 6992
5347 7150
26 7062
4409 6988
3577 3577
156 2997
643 3707
4476 3141
6263 378
4468 3764
5433 1340
4799 1921
4086 320
5175 4142
6292 2067
3966 1092
496 2933
4993 3368
1001 4334
6798 3823
6750 1746
6193 1260
3453 1862
3746 5036
5304 3938
3806 3806
656 3372
1658 5857
5085 3731
4877 5240
7001 7173
1371 4309
3055 3055
3150 2734
1496 3603
2342 167
4779 4823
3986 7200
7488 4022
3912 6025
2491 5685
7054 6618
4752 814
2914 3438
4542 4092
6358 5865
4100 5599
2869 4305
4039 4039
7015 1357
6748 5357
3549 1551
4123 4123
2065 2065
1256 30
7104 5283
7241 4233
1536 172
4015 3189
6597 501
4134 3177
5310 442
2011 4383
800 1459
1915 4290
3575 6020
3520 388
2127 4087
6531 3877
6025 5232
5079 5936
1154 306
3305 266
4941 2877
5833 4540
914 4654
1024 499
6532 2808
3224 5307
1998 7459
6853 6303
730 730
4334 2856
3461 619
1183 5510
3421 488
6747 1527
397 5154
5315 5013
3826 3826
1233 5749
5276 2959
2711 3338
4980 2876
4245 1449
2146 4469
6919 1776
4681 3990
177 1915
6314 247
6640 2690
7181 4659
3250 3436
4352 1880
5424 5577
1700 1075
998 1821
3562 4595
4161 1549
3777 3987
5209 4781
6848 3082
5106 6075
6933 5334
4663 987
3306 3003
5371 1881
4173 5494
6525 5495
2122 4992
165 540
3466 3847
1081 3734
5703 6129
3109 5031
266 2561
3393 2729
454 116
2052 3306
4913 5404
6550 4299
5854 5587
2701 3323
58 4463
103 6505
3391 3032
2049 2058
1610 4831
2802 2081
5708 5262
5368 6326
837 6392
3740 5485
1389 5207
6515 5450
6174 5449
3564 5445
2267 5447
6905 2740
6248 3815
1596 4948
152 4614
631 6599
2090 1898
5456 4344
6310 3202
4073 4073
6918 5282
1350 5756
4594 5960
5112 4140
3246 2116
101 1884
4001 6309
6009 1946
1197 6281
859 7250
2971 2971
1304 3680
2769 3930
1447 1447
7047 1437
6335 6563
1669 4536
4599 1956
3300 3300
7231 2715
2008 4661
7440 6136
3353 1554
1471 5923
2041 4038
7059 4002
3512 1890
4422 4833
1647 1534
2199 5247
3950 3463
6416 2921
7026 2973
5912 4371
5723 1902
4602 4589
5712 19
782 1644
6486 1550
5657 4148
5034 3640
6005 1847
5557 5866
2587 1178
4896 381
6396 6315
18 4519
5581 3819
4526 4570
1823 5706
5916 6815
2155 1067
3858 5071
4887 7321
1593 3297
2686 1982
5265 5537
4995 4300
6169 6578
7185 5264
5046 5295
6795 5300
6272 4925
40 2686
3175 4244
7271 5139
583 5883
6301 5526
4325 1177
5142 3451
2448 6266
1258 5142
4850 2982
3760 5020
4751 155
7064 2309
5439 4523
6302 7275
918 1820
4121 6518
1243 3626
7202 4134
692 6010
395 5463
3023 6148
329 5270
1639 5863
7137 2577
6403 5489
4531 3198
83 1007
3021 892
1 5150
1724 5740
2583 5957
7361 5643
532 6404
6313 6367
5839 3344
1558 3665
6857 3315
7212 4204
5210 3584
5110 271
5443 5436
5718 5182
5956 550
954 4214
2109 5037
4917 7199
7242 6575
3831 1910
4523 5172
6935 5484
5010 1832
6004 5486
6307 3906
4230 5407
402 275
7345 4766
1356 2772
7491 3195
4641 3955
5972 4929
1699 6607
3478 7185
7248 1047
784 3000
6123 3064
6056 2722
1484 7075
6839 5423
2444 5464
3572 5225
6256 1431
4807 1435
5213 5297
114 109
2552 2514
7350 2993
6081 825
336 504
2753 1441
4876 3802
234 3487
7021 5122
5416 7278
5648 1875
5488 5363
2605 4292
7101 4200
5911 3279
1036 4110
4721 4053
1169 3028
6349 3356
5862 1099
5338 3409
6982 2509
2370 3899
5636 7172
7252 6243
104 1868
1903 5081
2451 7306
7381 6344
3766 4089
3313 4848
3153 4269
182 4883
5994 3371
5002 3318
97 6662
1629 4231
3014 5451
1390 2177
69 1971
2781 6248
1311 1897
2813 2419
2193 2961
678 13
498 4081
3982 4982
4539 5543
2114 2874
5242 4390
7357 2675
6491 2647
4469 1682
4665 5870
4136 1296
7230 4413
5199 5004
232 7179
4822 5473
3167 5474
4392 7481
2786 6378
5169 3036
5365 5057
5728 5508
1015 5058
5823 3965
792 2809
2471 5202
1149 4520
5672 4171
767 981
2040 5896
3166 5028
5069 3022
6495 5155
2960 3950
1618 1618
7114 888
2117 1916
5063 4641
3559 6964
7485 2999
4300 4779
7383 1095
1947 3105
1861 3296
5027 4182
1912 4280
2087 3992
5436 6589
2048 6588
5903 4402
2560 6334
1124 1139
3936 4646
5744 3062
6928 4538
6509 2968
5949 6324
4983 2517
4707 5209
1379 3519
6552 5479
2317 5869
2360 4026
3157 3087
1083 3303
129 4098
3807 3807
810 6297
1263 4662
6820 5497
5109 5539
5600 2059
2418 529
3323 3448
4888 164
261 1625
6218 4952
5496 3450
5726 4762
6545 4183
2419 6414
7324 4645
2274 4128
67 5387
4135 3820
3665 5375
4518 4071
2787 2547
5066 2345
2394 2986
2807 5184
4474 4829
6610 4924
5605 3539
5093 3093
5153 5008
6345 5757
6470 7124
5670 6489
1711 7433
4839 6314
4485 4977
4830 4830
5290 5448
5073 4070
774 3926
1759 3892
2409 1305
5769 7117
2350 2878
5048 1525
1508 6343
127 6519
2186 797
6373 4107
2591 6067
7445 7123
5098 7112
3667 3667
882 7423
4873 3827
1354 5163
1148 3453
5403 2373
4994 4994
5211 513
2808 5755
38 1734
7188 5025
75 3400
1026 5777
4929 4340
4345 1918
2045 1310
5741 6504
2119 3025
885 5107
6348 3349
50 5511
1156 4296
2140 4094
4516 2723
7081 489
7457 5644
5669 3009
1746 4546
6973 6013
6047 4255
1461 4591
4724 6287
2565 6842
7481 6310
356 3037
1850 7280
3592 4188
4812 3794
2517 2827
1832 7178
4451 6354
4199 4199
1740 3391
4279 1863
625 4935
2060 363
1382 6012
2037 6467
5038 5845
5662 6372
2981 5128
4178 3737
1942 4681
5879 5141
383 6347
299 494
3706 6018
679 3196
1064 5205
1422 498
6568 1137
3436 3027
6239 6356
591 7376
5233 1220
2577 5792
3516 3089
5960 4668
6279 4178
6215 4355
7028 1944
6799 1707
338 4832
5353 3517
3859 3859
6996 6220
1308 4652
4933 5147
453 4350
5177 6029
7261 6128
2969 4999
4683 1926
5678 5928
5035 5650
5373 4960
7160 3653
1090 4648
3513 5674
2027 3660
1986 2960
5467 3540
4077 38
2251 2963
511 2168
5930 5591
5752 443
2042 5654
4605 3307
6575 4649
3176 4765
4112 4828
5088 6031
1426 5352
2384 629
1865 1865
6453 3043
7294 6366
6715 5422
323 3619
2490 2490
3162 7146
3501 6241
3068 3086
6655 6412
685 685
2241 3073
2305 1055
4854 1337
5935 7156
4099 6174
6749 6290
3633 4958
5182 3876
4302 4302
488 239
3444 3021
1191 2500
4460 4460
3289 4825
4695 2899
166 3510
6013 5083
980 6271
6105 7389
582 4000
6449 5500
134 6666
7256 1833
7278 3026
4285 4919
7262 459
5351 5966
6467 149
2162 5231
4768 6574
3793 6550
3928 6795
1744 3442
5196 1342
7359 5278
1918 5414
6238 1928
4791 2091
4272 3245
5481 6819
46 3933
3225 5060
2534 7237
6844 1453
7280 3439
7092 6119
6196 3302
2137 3959
3458 2943
2447 4932
3683 6553
7347 7235
2912 2746
7336 6788
4157 5442
2214 4687
6787 6909
1399 7357
7045 2934
2290 7277
4464 7334
3748 6134
4154 3182
1253 5274
5119 5819
7009 5410
2723 7218
3565 6170
2599 2008
4401 2093
1630 5970
4520 5229
53 4539
5638 2332
1569 4191
6388 5415
5640 1619
7444 6942
4041 5580
4771 7094
2871 2977
1962 5310
6592 7279
412 6512
4689 4377
3015 6808
6893 3981
2756 5113
2235 5910
3351 2732
7479 5909
1826 2755
742 6773
4060 4060
171 5426
887 2817
1617 2950
3791 3791
2379 4470
4290 1498
6573 4526
5102 5871
4627 5565
1516 3948
3980 5290
452 4525
1893 1893
4484 7432
6303 7292
3649 5715
3390 3799
6773 6350
1161 4920
2098 4143
674 3264
7483 7125
3557 6358
4770 3871
3137 2050
1139 5986
6441 16
3873 4975
4940 5532
7353 1333
6764 7171
174 3236
7494 5312
3316 2245
4639 3443
6983 7212
3006 5795
5097 166
6693 6644
2437 3616
5755 5228
2881 2881
3547 4008
3867 5443
4284 5293
4416 7048
7108 7166
1014 7060
3124 6296
3007 3007
470 4945
6290 3881
1419 6209
2773 1096
4967 5661
4517 4471
6469 6785
744 7085
1133 2542
6387 4368
6624 4050
3615 4845
6132 5466
5500 1417
6397 7276
6586 2095
1554 2811
4457 6379
4197 4230
5990 4981
6038 4271
5151 6917
1933 6517
5417 4131
7048 1002
3016 6728
5809 5000
1129 6103
5623 3503
327 5294
7470 3598
305 5069
5831 4865
525 525
4448 5916
7 4175
5646 6299
2693 5701
2640 6949
5753 6985
4143 7417
7337 7120
2469 4239
5881 5390
4291 5384
6521 3853
1070 5499
2778 3554
512 4644
317 518
4331 5933
6712 1358
7022 3180
3727 6377
7370 1808
1325 1325
3366 3012
1190 5488
6179 6351
6579 6775
4057 6719
4706 7159
3778 4775
7283 5738
7083 6202
3741 4437
604 5099
1111 4405
5502 4671
1710 3855
4317 7039
3196 2964
421 5421
3603 6492
1007 4011
5673 5695
924 4272
7461 5277
4902 3051
4790 6316
871 3071
691 5333
1510 1624
3579 1907
5 6242
473 400
6065 6273
6035 3351
4926 5758
6268 2487
5729 5640
2811 4653
3768 7444
4764 4524
5134 4824
2497 4042
4246 4677
378 5230
6071 6620
715 2248
54 3445
6526 6839
3456 3919
441 4744
4130 5929
7180 1444
4386 5073
7429 7394
1128 6459
6845 3229
4976 5053
2216 6670
4961 5942
445 7355
3884 6601
606 6186
2950 4827
5369 1856
790 5041
2671 5969
427 5781
3038 4997
5302 1065
5786 3210
285 4962
2777 4993
273 4987
5147 6365
6563 7032
1553 6737
5268 3907
3519 2839
391 5016
306 5085
3527 4834
6537 5506
6671 6562
6316 5556
1105 1546
996 5847
3839 6522
7323 2937
4133 6349
6173 4672
2013 4164
6017 6529
1048 6514
324 6513
4445 6289
4338 6829
6322 3552
3105 3936
3369 5699
3865 5394
3974 3957
2845 5773
5633 6797
2783 6223
6312 6936
1323 6397
2456 1377
1097 6139
4312 7126
7080 6106
5891 7310
1809 6867
6908 7143
2352 5772
7356 5061
4676 1872
6813 6294
375 1153
6689 3994
6742 5752
1760 5376
2699 3432
2655 5039
5538 5402
5598 6228
4432 4678
3750 7414
6965 2920
630 3248
3083 4660
5194 6532
1088 3986
6871 5067
2124 5760
6604 5716
6897 7434
5052 5111
7148 3689
2819 398
6354 4224
5448 6715
1200 5743
4809 4666
3690 5125
150 3507
1080 7308
1605 2981
5727 6782
5515 4330
5808 7397
5733 6436
1420 5918
1110 4711
45 3425
1763 4580
5593 7194
6447 6714
5377 663
6888 5157
5815 2417
90 3096
2261 6941
7352 4700
1486 1486
7177 5522
1127 4105
5978 6355
1909 5531
4208 7087
4679 5908
1112 4028
2885 1859
1068 4917
5716 6572
7049 7116
1633 5750
4162 4241
4248 1223
457 457
6500 6006
4166 4166
3299 3242
2215 5524
5089 6122
4452 2698
4458 1663
1059 274
5114 6972
2572 7429
1599 4585
3356 4857
2824 4263
4029 4343
6609 4127
1102 4049
7379 5641
4800 4941
1031 1050
2073 5974
5343 3353
2872 2872
1662 6088
804 6721
5814 4474
7367 7354
7008 4135
1534 5513
2986 5044
6476 5545
3187 526
3258 5501
5999 6938
160 160
1526 5254
133 4746
6411 5802
3048 4770
2082 3295
4277 5776
7225 6755
2315 5120
6728 6092
4543 4543
2328 5198
2043 5581
2716 4312
2320 5380
6002 7367
6608 6774
4901 5084
5399 4394
2999 7188
6480 5012
4804 1813
5050 4692
1742 6486
3337 4689
5968 7089
4969 4667
3486 944
4988 5439
4113 1914
5697 6841
7455 6137
3621 7307
4823 2354
4916 5462
2875 5503
7257 1048
4467 3918
4503 5976
667 7154
3373 7121
2797 3732
5649 717
603 7379
5020 4179
1725 5413
6744 3429
2432 585
125 6630
6651 3879
5835 5146
4776 6198
7210 5564
1782 6240
3475 1536
6780 6458
6167 6494
350 6357
3039 3039
5116 5101
2165 5956
6481 6483
6000 5548
6823 6052
2371 5444
1556 3902
4387 4656
754 4096
4746 7400
2531 7035
2588 5852
7386 7161
4821 5472
5126 4372
3286 5372
6046 5534
463 2910
1622 1622
2615 5702
3094 5745
869 4522
5329 5346
3062 5302
3244 3872
2523 5657
1152 4930
5660 1226
5925 4189
4158 4537
4796 5459
4648 4735
4354 5889
3589 3920
3606 3606
4237 2879
3679 6675
4328 6409
1286 3426
2463 1053
6266 6717
2001 6680
7410 5998
7341 6475
403 5907
5486 1937
2600 4967
5961 7129
60 6793
2957 6239
1613 7234
6862 6875
1992 7309
761 6313
4738 5741
4396 6836
6295 5879
7111 5498
2084 5114
2833 6413
3324 6478
36 1480
57 3374
5922 5992
4359 5383
811 7158
5170 6259
5642 6027
6082 4914
379 7002
4168 6476
2368 1540
1726 5704
836 5672
3080 3080
4598 6684
3325 5961
5482 7409
5463 5411
1259 7038
2018 6549
7143 5971
6430 6352
1481 4458
6037 5051
3640 4203
1844 5419
6577 4435
481 6046
4953 4683
3152 7107
3375 6852
2698 6861
1571 4454
7399 3557
963 628
3209 6506
2730 6497
6883 5620
210 6442
4271 6026
3850 2481
7452 4690
5421 5359
1520 2003
4792 6502
5627 3898
5954 7393
6034 4397
5312 6769
5936 4068
2175 6044
1062 6673
3504 7311
6663 5944
4563 3521
2260 3072
6619 4149
7110 4112
6422 5888
4102 5127
4560 1860
4911 4310
6684 6079
7427 4349
1193 6085
746 5981
4072 4943
5898 1684
394 1841
224 6098
1176 5364
2170 7044
5682 1335
5701 4897
5054 4607
1712 7013
2663 3504
662 5858
7244 6468
140 7368
3580 5973
5117 4313
6997 7037
1405 4115
4403 5853
3096 6375
5192 4609
3757 6993
3438 5557
1044 5424
5057 5550
6131 5968
7396 7246
3595 5160
798 4634
4816 6050
5671 6716
1022 4432
6572 6705
3888 6199
1929 3319
4371 3076
5156 3015
1180 6168
6108 3239
245 3963
5784 4062
6164 4826
2270 7467
1411 7058
5709 7115
3625 7231
5491 6127
1436 4517
4970 7023
4280 1864
5884 6083
2662 4655
1462 6763
4389 4785
816 6956
2651 6700
6868 6702
3751 1372
267 6041
877 4815
3240 3240
1487 3854
2919 4640
3808 5622
2009 5072
566 5261
5226 7106
6667 3915
4784 6771
5158 6107
6058 4250
6245 4082
130 5492
5695 6877
451 4162
1758 6172
5526 5911
1072 7265
793 4085
3231 6745
6991 5332
3195 6121
6913 6301
5690 6218
1634 4843
4147 6750
1262 5190
4435 5588
1815 4647
6192 6981
6030 6244
6244 4048
2936 5313
66 7491
668 2695
6232 5193
1772 6325
6118 7021
7321 4693
4914 3932
5389 7197
4264 7000
605 5050
4012 5134
6484 6612
1611 6570
6298 4243
2326 6971
3907 6672
4783 5523
5836 5886
5143 4194
646 6321
2256 4564
2074 5742
3604 6094
6338 5842
5468 7016
2338 5153
6806 5056
2504 4235
4734 4303
6152 5275
1600 5578
6842 5807
29 6471
3503 6738
4492 7438
6109 4118
5714 5409
5342 4192
6679 6633
2965 235
4225 4225
3921 6383
6201 6049
7190 3437
79 6496
4151 4151
1619 2030
6765 5700
1343 4684
5122 4562
2203 4968
1326 4227
4340 4620
1587 7427
4667 4295
3861 5509
2345 6994
4226 3796
5238 6038
1620 6036
4005 6958
7039 6108
6216 7475
3704 2132
1631 5719
5306 5405
3978 5315
6895 5562
2176 7401
3333 7078
2547 3895
829 1076
3755 1395
2762 3462
7339 4101
6136 6770
377 5088
6677 4391
4688 6323
6226 6653
6887 6455
3862 7323
2357 6870
4287 7238
5736 4915
153 1927
5249 4658
3720 5465
6522 5005
5288 5241
6718 3814
2729 4863
3445 3931
4844 6725
196 6805
3932 5624
5145 4698
2426 4086
4840 7245
5702 5679
1653 6978
876 6849
872 6417
2987 6794
4910 6028
490 4990
1264 6399
1363 4236
5838 5140
3787 4873
921 5461
5880 6258
5080 7285
6998 5677
6409 7027
3836 6233
5017 6789
2354 4056
2538 4675
5530 7478
3071 5712
1284 4629
4860 6800
4258 6889
2515 3917
3408 6091
4360 3427
6490 6547
476 6561
6076 5708
2804 5076
6133 4328
4495 6713
5675 1861
670 3515
7342 3927
4096 6256
1289 2623
3854 4074
2803 6565
4289 6860
1360 7127
2180 6806
4326 6726
3078 5179
1931 4626
5953 6757
6914 7028
6952 4017
6434 6554
1923 6112
3457 6847
5096 7369
3590 229
5120 6527
6147 6279
3668 5365
4119 5538
6454 2987
7034 7119
5082 5018
184 2922
1716 5673
4201 5598
1247 6681
7000 5718
7415 6110
6978 158
4584 5917
7397 6970
5294 5521
1896 3817
889 4651
4920 4117
1927 5669
1882 3977
3697 6790
5438 4304
81 7396
1728 6415
4185 4185
2292 6272
1517 5136
5589 6204
848 5975
2466 5349
2715 6900
1978 6194
5525 6132
3397 5469
2931 6863
2896 4612
5253 3984
1095 4786
3213 4970
2916 3158
5676 5696
4525 3389
6543 6275
7154 6033
711 6661
4084 4169
3236 1648
2039 5054
4579 5736
7013 7343
2877 5105
855 5429
4239 6171
4677 5893
4954 6254
6676 3789
1960 3975
2900 4125
7348 5170
4342 7167
7187 5803
1863 4628
710 5932
3624 5520
7106 4253
5906 2976
2989 3004
5573 7425
4281 3273
831 6086
4361 5227
2479 4173
6229 5692
6703 7201
3925 7461
4977 154
6638 216
362 3995
342 2957
6814 6448
1459 5189
533 4792
6662 6115
5277 6754
1096 6761
246 4297
4990 5762
3143 6286
1403 6690
634 6362
4221 5709
507 3873
3477 5607
4903 4903
6511 6277
2676 3350
3721 5832
5523 6722
1920 6082
3805 5006
2564 6438
960 5680
5740 6701
6489 4688
3111 5666
5150 7328
5223 6844
7411 6843
6103 4685
2868 5355
6972 4196
4025 5790
392 4715
2403 6002
1916 6963
3567 5797
5866 6894
4313 5837
4395 7247
7254 4556
3937 5610
6938 4063
7156 5347
6018 5078
4128 5717
2563 6868
6165 6154
3723 4186
3997 3973
5694 6173
6145 6890
1499 7455
5518 5558
3339 630
6181 4643
2462 4075
204 6573
2978 6138
56 6777
4031 4031
1104 5789
5476 3056
6562 3005
6603 3870
993 2682
4653 5267
6660 5714
6860 6255
1529 1529
5894 6430
1538 5104
2795 5615
7007 6114
6391 6420
3868 6482
3662 5798
1151 5253
5566 546
1734 5126
6990 6918
4825 6977
6826 4853
2093 5360
4743 4650
6538 6227
5215 5555
3322 2758
910 5739
4882 3943
1211 7263
6011 5487
4570 4445
3355 1791
1300 6111
632 6540
6091 5055
1604 5784
6614 4679
6819 4126
4659 3190
6039 5967
1885 3133
1952 3399
5281 4638
7099 5608
1000 4376
126 3017
2951 3014
7232 7371
3464 3029
4842 3413
6797 7003
6873 1815
6320 1852
4686 4820
3824 3824
6639 3830
6095 5525
612 5681
5781 3821
1168 6568
1130 7169
5691 7382
1640 6784
1414 6487
4399 4083
6199 5049
5378 6084
7382 4084
4567 7452
3926 4674
4021 5941
137 2004
135 5263
5132 4259
5945 4500
594 6488
226 4769
5827 7290
209 4010
1473 3982
88 7141
5341 4978
3990 5653
1192 3275
5203 5019
3101 5467
1491 1300
6340 7176
1335 4665
2647 7051
599 6739
1037 6791
1981 5997
2106 2106
5841 6359
7260 2931
2181 5272
1297 5303
5330 4132
3331 6654
5816 5239
7349 5619
98 4409
3189 5881
1547 5045
1437 6291
281 6431
4388 6593
4754 7093
3017 7160
4353 4353
5944 5351
5031 5724
7071 6037
3588 3588
3239 6156
5950 5299
2275 4223
341 6394
6598 4417
1523 7219
3005 5285
1501 5694
6995 5937
5721 5906
5395 7088
1181 2739
7403 7050
4046 6720
7311 5579
6170 6268
4088 5943
2626 4032
6142 5609
3779 5905
3182 4154
4893 6130
4482 5611
3230 4453
649 7352
325 7211
4260 505
756 5226
981 1522
2408 5378
4802 6892
622 5818
3399 4856
180 4909
1320 4901
1842 1658
3155 5148
7407 6783
6971 5920
4506 6965
2658 4748
5484 6164
531 4301
7499 6671
3901 4918
5382 4102
5292 3869
4534 2529
3128 7353
777 6453
5459 5319
1342 6124
5401 4163
1840 6234
4646 5899
1686 4289
354 4904
2514 6582
3916 5388
3284 6730
2650 6032
201 4499
2312 5093
2217 4077
3682 6799
428 6727
1425 3891
2527 3890
2911 5927
3871 6859
828 6456
729 4015
516 6089
1126 6403
4174 6011
239 1929
7068 6284
7107 6708
5892 6384
3899 3238
3764 7346
2204 5903
1768 6000
1689 4703
6089 5603
5457 4551
763 6200
4339 6015
2021 7262
5924 6099
934 4318
3790 7267
4193 3270
3490 5533
22 6833
6031 5926
5864 5705
858 4043
4297 2938
4720 4161
2998 7025
5131 5675
5103 5855
6130 6090
3895 7298
382 6292
3221 5645
4992 4234
5885 5124
1084 6500
315 4400
448 6665
2185 6191
1412 4624
3243 4423
2147 5569
2754 3460
6717 6876
2784 6648
707 7240
2376 5972
5271 5418
6858 7325
780 541
3637 6236
1370 3940
4510 6224
376 6100
3454 5954
5561 6959
4030 7196
6415 5602
1748 7031
3981 7248
6885 6391
1745 6421
3448 5703
7250 6444
2994 4541
6120 3109
4249 4249
4274 6439
6410 7412
3381 6786
3576 1655
1769 2137
6706 5663
4984 6166
6958 5162
2805 5746
1507 5331
5603 6024
5563 5370
7209 7217
7161 5726
6451 5317
5325 5710
6613 6461
1955 5999
2173 7067
7425 5047
4884 7477
3987 5733
5843 7168
765 6125
6937 5774
5229 7324
4731 3200
6176 6203
7431 6689
3282 5904
2706 3116
4651 7138
4063 5003
1905 7189
2855 2250
1025 633
5908 632
1283 4095
984 7404
6063 5713
3752 6135
6452 5161
4838 6645
2200 4067
4785 6907
847 5216
2738 5687
4883 5502
2790 5711
1524 5839
5189 4097
5293 1687
4116 4229
5005 5963
3463 4702
3447 4416
3034 7203
1818 5601
225 5483
5915 4686
1638 5112
3095 3839
6060 6813
3893 6766
6818 6126
3909 5287
5511 4427
4618 4618
6620 4281
3783 4195
4843 4708
4716 6822
2828 7451
5453 4605
16 3529
4538 2932
6148 7008
3728 4035
1661 6185
1705 6184
1222 5504
5289 4501
4220 3715
4708 3654
5091 3638
4669 5574
2187 5625
5144 5793
3022 3811
6424 5794
3622 1230
2812 6679
5062 5616
2954 5836
2329 5597
2765 6584
2031 6723
6875 6657
6184 7344
4228 5841
5200 4533
5483 5022
1911 4018
7016 5505
7207 6159
217 4144
5655 4491
1107 6225
4358 6954
2243 5822
7478 1458
6746 6642
5667 4294
2327 5143
6541 6146
5996 6693
4861 5091
4645 1834
956 7370
2401 7392
637 6906
5776 5026
6375 5729
5980 6692
3227 7284
937 7341
1756 6345
6790 3040
1119 5730
2218 1913
5507 5939
1588 6419
4324 5670
4966 4287
6265 3905
1676 3563
6530 3271
5397 2638
2850 5042
6393 6466
2154 3091
654 5311
3481 5096
2621 5249
3601 6051
5428 5953
1043 6731
6479 4663
2825 3257
569 6508
3099 5962
2832 4005
6106 5727
4144 5265
3586 4433
2492 5130
6166 4184
6903 7109
384 5066
458 5786
5221 6932
3591 6712
1654 7040
1463 7494
3765 5575
1598 5831
7141 7462
818 5707
6792 6940
2940 3829
6692 7157
7393 6416
1493 6912
713 6261
1073 6643
5275 7033
7117 7271
5614 5693
3229 3904
3117 6615
967 7018
2788 7422
272 5187
2493 5979
7437 6175
575 5891
7331 5547
7414 6650
4621 6781
4187 6576
6733 3939
2995 3501
1795 4988
6321 5751
206 6703
265 7495
5322 7301
4415 5540
4263 4676
2207 5788
433 6915
3833 7152
4318 6747
5659 4696
348 5437
4257 6485
1881 6102
2927 6718
2731 5428
1991 5827
3489 6780
2759 2759
429 6330
1209 5964
3809 3809
3658 6838
3346 3347
1949 6560
198 6197
3156 4279
5023 4712
3734 5660
4859 4642
4095 6230
7277 5900
3965 4121
1584 1920
6463 1879
4590 6510
3945 6610
6110 7403
3251 4657
7115 6743
3857 539
5962 7450
6327 5621
4153 7259
1035 6109
3263 4434
6544 3512
4320 4320
3882 7439
3502 4150
888 6685
2282 5877
3958 3958
2610 5546
5422 5571
259 5361
1925 6422
4574 4425
6690 4910
4582 2955
5767 4209
3602 4680
2937 5048
3074 5180
1265 6147
4139 5408
468 7260
4117 4380
4438 3274
3645 5100
1797 7244
1067 5671
2123 5984
6371 6536
31 6548
2399 4273
3812 4238
4026 5948
2340 4937
7070 5542
2249 2995
5440 6734
6355 6851
6600 7144
5782 7020
4652 4639
5674 3101
3281 3046
3569 4701
6966 6440
5813 6009
3775 7297
6699 6189
4846 4625
1869 7214
5717 6979
215 4682
1914 5763
3200 5354
2511 5604
6092 7128
5540 7017
6078 2747
6267 5890
6985 6812
7122 6133
4548 6869
2882 3412
2530 4670
3823 4316
7496 5590
5393 6831
4886 7122
4329 5561
4180 6986
1816 5446
1229 6288
6637 5430
1230 4631
6682 5912
2232 4621
748 2842
5244 5656
4553 6276
3341 6251
5764 6150
1808 6835
2279 7428
361 5325
4003 5015
5624 4024
6420 5340
1975 5145
4519 4921
6356 5887
5681 7001
6852 5983
4368 6333
1417 7300
6708 7103
6236 6120
3210 1670
24 4430
5818 6526
1272 5362
4637 6832
4507 3971
7055 5528
1123 6360
5489 5982
2442 6280
4630 6187
6829 5589
6261 5195
933 5618
4203 3558
2293 4707
890 4198
5006 7236
2208 4691
7269 6969
7157 7299
968 5348
7405 7210
493 5529
1791 3822
1017 6542
4037 7443
1205 6930
3253 7283
2386 6871
497 6528
436 5697
7090 5159
4533 6814
3488 6729
5195 2071
6729 6878
2258 5768
2311 7441
6101 5034
3785 3964
5519 6474
6134 6525
3121 5830
1051 4332
5333 6521
6117 3079
6809 3590
6361 4201
4446 3486
861 3160
4231 7322
6262 5690
6255 7004
3822 7249
1202 6201
6912 6856
7312 5009
7384 7111
2798 5220
808 5482
2569 6686
5983 4547
3338 4387
3214 5934
5546 6592
3469 5171
817 7055
3033 6257
684 5987
7365 6960
5178 5765
1368 6141
2817 6888
5520 5434
346 6087
5989 6933
2696 4398
5846 5246
1820 6776
880 6921
4891 5309
4559 5032
2047 6629
1753 4637
1428 6300
6275 5814
6805 6946
3050 7333
7371 5075
753 4636
584 5553
3708 6937
5051 4821
5792 6278
6269 5783
5176 4109
1870 5244
2294 6724
4366 6217
2785 7496
5146 6425
5274 6045
2378 6411
3967 5780
2396 4622
4363 5279
4043 6030
2233 5475
3946 3946
762 4747
2223 6864
1807 4019
2240 2990
4935 5215
958 5330
7486 5014
3045 5639
2172 3256
6930 5572
4202 4946
3955 3831
3008 3008
4554 5308
957 5668
6115 7338
2643 6305
3786 6393
1121 6308
6948 6222
1862 6595
7194 5849
1889 4611
6646 6931
5168 5991
5045 7336
5971 556
5895 5256
6414 6707
1606 5573
4269 1563
3321 4697
6102 7296
2691 6447
5149 4563
700 5406
3241 7137
6353 6190
2334 7395
7395 5691
2625 6989
4885 7195
1786 6857
2057 4158
2068 7099
3842 6704
1140 3278
2487 7193
2632 5323
2924 5955
4596 5024
6408 2010
1813 6623
108 5301
6204 7349
5259 5403
2101 6123
7369 5993
2764 640
6386 5116
4723 7421
5078 7331
4987 5838
3388 5848
3596 6879
4194 6882
6907 5123
3363 3363
2955 4969
5232 6694
5914 6571
389 4608
3171 5949
2983 6472
2892 6215
6769 6955
7439 6408
3319 6336
2460 5491
1341 5369
7229 6153
6456 5286
5152 4213
7183 7474
15 7470
1857 6252
1910 7330
5867 6585
7096 5815
2992 2980
4442 5594
6228 6534
3560 7019
3960 4076
5188 4157
4915 3934
5256 1783
340 1741
4496 6948
6762 3390
2704 7228
503 81
5320 1592
6821 6764
7186 3538
5647 5612
2796 2958
5527 5658
4862 5723
6877 3991
4541 2454
2151 6765
2926 5027
4219 6544
2003 4057
2685 5913
3930 5894
5684 3985
1317 7350
2239 6792
5104 7269
1254 5417
242 7415
3902 6023
695 6113
3968 2989
1696 6235
3170 7286
3280 3893
6791 5373
4604 4604
1603 3969
4408 5925
3956 6913
4694 5924
568 6101
1279 3896
6459 5420
2772 6741
982 3244
4710 5787
2695 7022
7052 7206
437 7473
7170 5931
1458 5169
1071 5914
5479 3178
4050 5782
1773 4193
4918 4065
5246 6151
1160 5808
3798 4695
279 5316
7400 6437
5531 7273
2303 6520
962 6293
709 6371
6803 4113
992 5585
4131 6597
3998 6742
411 6826
994 931
1883 626
1122 763
2458 4293
4962 6319
551 4956
3737 5192
1278 4283
1301 1962
3011 5648
6405 3942
1887 2914
1901 4346
5852 4532
6247 6632
3430 3916
1418 7317
915 4197
2189 2749
4390 6524
6954 4880
96 1596
4592 5606
970 6311
1108 5033
253 6908
1065 6265
5311 5379
689 1683
6291 4459
7169 6463
1528 6541
6379 6834
1204 6473
3446 3379
587 5433
5931 5080
4299 4449
6896 6043
1250 5860
6766 7465
650 2027
243 5945
4343 4025
1778 3262
4975 6005
1201 5735
2439 4441
95 4442
6159 5070
1858 5662
2826 6858
6450 3856
6287 5872
614 7047
526 6490
852 7198
1845 7190
4585 4080
2670 7420
4074 4257
4632 3369
6107 7498
5323 5214
6351 4635
5407 5425
2809 7010
3759 5427
3995 6295
6311 5412
5874 5236
4535 3120
247 5345
6073 5989
5313 5631
6880 4630
1480 6503
4633 4633
7243 2952
6668 7227
4728 6317
2417 5791
1240 5291
5499 3418
1393 4966
2234 7139
2099 5401
3385 5245
99 5453
7303 5576
6045 6883
539 1266
6723 1866
1825 7445
1502 4426
6685 7221
6075 6452
1900 7492
688 2707
296 7183
891 6342
5354 7453
73 5007
1957 6827
3952 6825
7033 5544
89 5046
6010 3444
2854 6848
449 5554
4855 1363
5360 7360
6289 1575
1475 5151
1296 6208
7118 3320
297 1238
3618 1387
5548 1404
1396 1138
813 1396
3146 1379
6969 1157
7453 1160
4410 1261
7434 1359
19 1352
2602 1264
487 1339
3794 1276
5171 1326
2771 1314
2488 1279
7144 1301
2179 1285
1513 4835
2375 4055
3835 6995
7200 4311
4489 6042
3328 7071
3587 4714
1521 5221
5241 3104
2316 6772
1407 6065
2022 7305
5186 7490
6847 7363
4619 4177
6323 6753
7037 3441
49 5132
5700 5183
3216 3433
6705 6674
718 5859
2897 6631
1307 4716
3654 6161
6426 6583
6843 6418
337 5764
3988 5040
5602 5734
1754 2911
5643 4003
4587 7024
636 6711
2096 1599
6127 7431
5504 7070
5715 5318
4928 6746
3220 7454
2570 4429
7276 7435
4978 5367
3467 6736
2055 4306
7098 2644
6915 2585
3992 6697
5524 6226
7435 7042
6331 6990
1667 6446
212 6178
5803 2667
1983 6250
3903 5386
2726 6145
3307 6432
2967 5353
3540 6687
3301 5844
1856 5689
334 4108
825 6424
5501 4600
6851 6539
2100 6636
4033 6828
3295 7327
3272 6951
5574 7208
5804 5946
6369 3784
1042 3575
6939 3615
7355 3750
4483 3692
357 3634
1597 4052
2118 3373
3303 3945
4486 5121
5021 5079
5558 4710
4936 5276
4431 4431
874 5659
5768 5481
7220 5238
276 5068
2895 6760
1833 5065
1319 5820
2150 7254
2006 3610
6953 6395
7272 6264
1290 4266
4196 7207
1951 159
5245 177
6220 183
192 191
4921 225
4834 192
7227 7419
5982 6158
4381 5477
7223 6853
6536 7485
3013 7499
7420 4527
2033 4822
1002 4029
413 5011
6022 4217
3919 3966
2059 6886
393 4964
3711 5292
1063 3953
2873 7181
4753 4285
7179 6269
969 2751
567 6398
7295 5816
3052 6535
4820 6798
6503 6688
8 5087
1348 5649
5385 6260
5367 3617
1968 5978
2134 5721
145 3989
4756 3800
7306 5339
1236 6628
4054 4033
3158 2978
4930 5683
3730 7345
5918 7034
2166 4632
170 7186
6752 5990
5047 6427
5019 5377
2148 5559
706 3983
5061 4020
557 7131
6068 7456
4146 5237
1318 6939
3368 6884
5387 4664
6250 4220
1469 6810
2555 5440
4747 4542
3698 5843
6412 6400
6665 4598
4704 7222
4372 2704
5591 6656
4437 6449
5179 6552
5857 5633
1178 4030
4098 2069
3689 5368
690 5647
548 7163
5934 1666
4847 1700
6466 1645
6090 1613
1034 6613
3234 4673
1576 5766
2870 3162
1664 7274
506 4286
4270 6450
221 5470
117 6758
1298 4627
3262 6640
4350 7073
5743 7104
1904 5665
517 4088
589 7480
2660 1543
1624 5551
2780 6928
5569 2854
1248 2848
2455 2844
4849 5298
6722 4908
5252 7223
4697 5753
5822 7384
1982 6999
6775 6647
1087 5200
4019 5536
2498 7049
766 5940
1435 7430
6926 508
4576 6346
3387 3978
5611 5884
3248 4337
4449 5770
1053 6617
2322 5064
1871 5268
4702 7209
5514 5676
4963 6811
788 6651
2336 7272
3180 6253
5863 2846
4344 4613
920 6270
845 7398
312 4139
1328 6069
5635 6376
3731 6748
529 6192
1182 5441
3278 5095
905 6622
310 6581
3484 7136
236 6206
5228 4530
4511 5635
3813 6283
3733 5344
5859 5196
5136 3555
4266 6796
5181 6655
4035 7165
1357 7391
4759 5222
3623 7151
3264 6511
7385 7381
4215 4221
5183 5382
6277 175
5882 6073
3242 3006
4787 6639
6346 4989
2553 6337
5396 5850
1890 5682
3885 7287
3396 4951
6044 4059
6726 6219
1509 4120
7198 5996
5742 6881
6339 6637
7281 5805
5645 4252
1891 4104
7132 6406
4657 6545
7471 5868
6999 5457
6007 6143
6804 5767
5988 5959
4500 5582
1602 6845
6003 4838
821 4858
2578 4895
5772 6865
3480 7320
4767 4378
5041 7006
2702 6160
6161 5211
5849 7253
1115 6935
6617 5257
1567 6428
406 4706
7419 7407
4241 4317
7484 3016
2429 4278
2970 3941
7279 3092
6392 6460
945 5995
913 5478
3064 6683
131 3134
6455 6034
1946 6363
4175 4976
1402 5638
2038 6667
2416 3106
1232 6998
301 6594
9 6751
4394 7294
1384 4006
2617 5728
7076 7202
6362 554
4141 553
553 533
4068 519
5522 515
6104 6614
7006 6846
3087 3078
2070 6980
6064 5118
6273 2912
5205 6140
4367 4315
2725 3976
7394 5366
757 6579
1488 5194
3910 6462
5774 4047
559 6762
6404 5875
3973 4443
839 4396
3970 3970
6443 6445
5394 7449
5060 5626
6464 5391
5579 7204
2525 6060
1337 4610
2537 4623
7193 4282
6776 5737
4240 4704
3819 6267
7465 4333
1361 7255
7025 3518
6305 3019
4831 1849
7402 3980
2014 6621
2231 6580
2894 6370
6498 1440
5230 5527
4222 4041
5599 6916
1684 5110
5965 6691
1649 6063
1682 6953
7063 6479
5665 7113
1582 6744
4129 4694
7112 1812
6535 1900
6695 1854
4417 1924
1924 1896
1427 1816
3817 1939
7329 1933
537 1850
785 1911
335 4034
990 6515
3628 5759
1714 4414
6390 5958
3118 3532
3041 4366
834 5175
5216 5077
5262 4327
7201 6464
6770 7471
946 7424
2791 6423
3042 6435
4528 5341
3451 5595
4441 7007
6230 5570
2050 6105
6264 6410
5255 5389
5991 5468
6053 7436
1235 5771
4278 4147
2023 5642
3891 1607
2562 3639
7127 5199
6337 6205
107 6061
4867 7079
1709 7258
5625 7387
5770 5678
4894 3875
2594 7468
3821 7030
745 5252
5699 6285
4835 7315
2925 6531
1391 5102
7069 6338
6276 7081
2364 4037
6691 5266
4007 5935
1804 2949
2667 7182
5049 6586
474 4461
6970 6078
5760 7466
3283 3913
4327 6733
6431 6368
6635 6441
5652 7069
293 5829
6899 5106
5821 6627
4769 4277
1592 7164
3610 6298
886 5259
2306 2728
4564 7483
4673 5144
398 6498
3309 6144
5100 5174
1089 6245
1690 5634
447 5305
62 5392
1677 6756
3803 6950
1210 5873
4276 6058
2085 4906
3129 1672
1707 7440
4624 6080
1006 6093
6872 5921
3245 5651
6751 5810
4229 4116
5622 6604
4889 5834
3789 7041
6494 5549
2620 6177
5750 5605
2586 7486
102 4124
275 5614
2502 5861
5250 7406
3358 5131
1242 6537
7275 3050
2760 7225
1731 5324
6493 5732
5696 5476
7389 6778
2441 3998
6576 6131
5766 5785
6253 6401
6891 7076
4782 5566
1492 3031
5939 6759
6048 7351
7086 7302
1755 6019
6343 6021
6757 7335
2746 6966
3172 6054
7408 5217
6540 6213
7259 2913
7237 7295
4999 6893
2619 6405
4374 6304
3692 6830
5234 6911
43 4261
6085 5458
7489 4615
4527 6193
3607 7365
2053 5250
471 6634
3908 3908
5938 7388
3401 1064
1274 4276
3433 6752
3343 7056
521 6943
3237 7342
673 4331
4569 7489
2161 6188
5617 7458
4968 3804
7338 4388
1537 6649
5539 5343
6059 6611
5510 6676
5485 6001
5663 4288
3198 1912
5174 5747
5258 5507
4698 2700
4774 7256
3474 6104
5173 6546
4183 5754
3141 6660
5802 7080
6546 6072
4765 3858
7014 6074
6866 4335
7113 7358
6084 6779
426 7500
520 6328
128 6735
5562 6180
6673 5438
6135 6117
3004 6057
6160 7205
541 5856
5185 6947
2708 5519
6079 6910
7291 5213
5466 6530
286 5688
1226 6934
4348 6598
1800 7054
518 6064
1974 7426
3126 5985
986 7132
5420 4093
6049 5623
4664 7372
7044 6698
353 5197
4400 5038
5787 6374
2526 4902
5946 7059
6849 6157
6558 6339
2481 3565
5734 5600
6634 5517
5065 5512
6761 5804
2171 6022
900 6914
4631 5812
5641 5901
2089 6903
3089 3937
1678 4284
5751 6767
7056 5811
3159 6327
4070 6696
3003 5636
893 4190
722 4717
2136 5778
6611 5350
3763 5895
6824 6740
2182 5652
6934 3362
358 7316
7286 7102
6202 5867
3923 5846
6687 3967
2283 4940
6759 5882
1157 7184
1827 4228
2976 7192
64 6516
6984 6451
2542 6040
6221 5188
814 7096
82 6577
4493 7029
5966 6369
3450 6501
6425 5596
3493 7288
6274 4705
6815 6469
4868 7110
4048 7408
6211 4985
2453 7362
6822 3001
927 7281
2083 4323
4453 6905
1879 2791
252 425
4236 6059
4413 5761
1506 6887
5327 5518
3617 3061
1038 7191
549 549
4958 5138
2229 5094
1198 6491
1627 3968
7313 4601
4595 6097
1145 5897
7072 5452
806 6974
4773 5432
4795 939
942 5514
6445 3952
3896 7446
815 5342
6231 5655
3983 6616
4115 5416
987 7378
4027 5176
7208 6318
5992 6638
1544 5233
5844 3997
3302 7142
6187 7411
7462 4242
7285 4275
3424 6118
618 6543
6743 5181
4337 4054
5713 5823
5731 7083
4427 7064
6378 6426
4588 6207
1500 5168
4006 7101
6583 5617
1257 5880
3541 7402
5384 3993
5826 6465
1141 4713
4454 4619
961 5471
4322 1090
1270 6817
819 5097
25 6282
1976 7375
1144 4165
6785 4464
3160 7043
3864 7145
912 7252
5998 6823
6473 6837
7454 5584
5984 6896
6529 6854
7438 5835
4192 3801
3267 6477
2635 5059
1687 6007
5586 7230
5162 5821
2680 7377
6566 6678
726 5725
5056 5173
5033 6564
7325 5218
298 7479
1798 5938
4182 6891
4828 7476
3161 7005
465 3424
2198 6481
2952 6801
3392 7241
6571 6507
5811 5833
6119 5922
1817 7303
244 5090
3138 4669
4946 7383
5951 4090
6237 2902
3872 6077
7456 4348
7017 6904
7204 5722
5155 6658
7061 7175
2968 6035
2609 5744
6029 5864
2744 7361
7498 6385
2358 6071
385 7105
2012 7326
240 5988
1675 7215
5455 6533
6989 5273
5224 6926
3085 4262
2405 7135
2028 7012
6936 5769
5505 7380
6432 6587
3660 7318
4661 4072
5138 6096
7082 4248
2005 7347
289 1756
1234 5748
2700 7268
4 7149
6585 5530
6962 6668
2974 5560
2608 5828
2257 2257
6315 5592
4443 7418
4609 4232
1369 7224
3063 7437
4243 5251
7125 5338
6993 7177
2941 6922
4989 6214
3939 7114
2596 4245
1206 6850
332 5826
609 6167
7472 7213
5264 6142
4905 6652
2314 6095
1424 1583
7433 5167
2653 1371
6658 5117
5773 5583
5616 7314
7300 7243
4244 3888
6183 7140
2880 7082
7213 6710
4586 5994
4323 6996
5014 7162
3106 7148
5059 6162
906 6855
7448 5664
2917 7147
4874 7009
2573 4216
5495 188
4298 198
3837 5885
857 2768
4164 2741
1919 2750
4204 6609
5458 5329
3065 5021
6259 7282
3774 7036
5607 4345
6364 6068
5475 5374
5225 7108
231 7373
6182 7130
7032 2718
6670 2670
4900 2694
363 2246
2755 1681
320 1606
1764 4016
112 6163
2779 7482
3203 7134
7308 6361
3347 6872
6144 6407
565 5381
6435 7359
4107 1057
1451 1056
4425 7337
1011 7448
1387 6070
110 6263
3116 6803
4817 7133
3773 7340
528 6957
5470 545
2095 520
3114 512
2774 537
3552 561
3202 538
7326 6155
164 6331
7449 5667
3951 6807
1575 5385
7476 7484
5745 3219
4013 6169
3147 7339
7038 7065
2949 6509
4214 7074
5204 5950
141 4325
3969 5001
5011 5686
7203 4119
727 4114
6438 4745
3701 6895
4365 6076
1941 5029
5432 6699
4853 2742
3412 4326
3818 3212
4370 5456
2113 5874
5260 5876
372 4606
5812 5824
484 7289
5039 4954
5266 6434
2143 5296
1559 7014
4355 5480
3497 6390
1921 6706
2236 5552
7474 6874
6838 7187
7051 7464
4058 5684
1980 6820
4798 5567
3181 7118
7264 5212
386 5135
6146 6340
2776 6238
3352 6873
832 7053
5012 7472
5973 3352
2443 7442
3188 6768
1047 5328
2810 5284
5180 7487
4444 5854
5725 7072
2988 7226
1549 5043
6350 4322
3792 7410
5024 6181
2506 5435
3061 7046
2634 7239
3077 7098
6189 7374
4052 6646
5094 4475
27 6538
7467 6991
23 6885
740 7077
7019 5306
1969 7364
590 4721
2110 6919
6565 7348
2445 6559
6533 6382
4430 6591
629 5779
4407 6816
4568 6396
862 6262
4660 4809
5434 7242
7424 4136
5858 6388
464 6039
6578 7229
2402 6211
5139 5493
6650 6179
2016 3979
2102 5242
7192 6659
4600 6787
5427 6821
2589 4342
2135 5356
5969 7084
5592 7266
807 6619
3218 5930
6778 5568
2598 7233
4195 6499
1131 6899
6439 6802
5129 6495
3371 5052
6850 7399
7089 4187
5722 5516
6171 5878
6270 6493
1720 4122
1895 6635
2742 6165
7159 6429
1607 6335
5340 7232
1100 6695
1333 6312
2692 4329
950 7463
2349 6880
4247 6381
851 6116
194 5902
7354 5720
4601 6249
44 6624
6186 7097
5575 6898
4075 4247
2472 6386
3135 7015
154 6053
7333 7220
84 6566
185 6596
2066 7261
119 4602
5871 7469
7205 7413
7228 7057
6977 4347
2211 5915
5090 7153
735 7264
4794 6625
4986 4137
4537 4219
4912 7497
6884 4709
5237 3502
7255 5010
2982 7493
2966 7457
5876 7416
2921 7405
6023 5023
1545 7386
4775 5030
6043 5074
2908 7385
687 5082
6052 5092
4593 7319
233 7293
6055 5098
3122 5103
4788 5108
3132 5109
4789 5115
2898 7216
7290 5119
4803 5129
4555 7180
5810 7174
6126 5133
2865 7155
613 7090
714 5149
6139 5156
2853 7066
1824 5164
2842 7063
6810 7061
4863 5165
3228 5166
1353 6945
4908 5186
1899 5219
1907 5223
3273 5224
6227 5234
187 6929
741 5235
1938 5243
7174 6927
6234 5258
3315 5260
4402 6925
563 6923
6294 5269
4996 5271
6767 6920
4349 6902
1228 6897
5016 5280
6317 5281
3415 5289
5604 6862
4319 6824
3417 5304
1214 6818
6758 6809
5028 5335
552 6749
5037 5336
2058 5337
3465 5395
2067 5396
546 6682
3483 5397
5084 5398
2590 6677
3500 5399
2582 6669
4223 6664
6406 5400
5537 6663
795 5454
113 6641
7398 5455
5108 5460
7401 5515
5536 6626
3551 5541
797 5563
6417 5593
2556 6608
4176 6606
5124 5627
1077 6605
6721 6603
1075 6602
2107 5628
3594 5629
6460 5630
6462 5637
2529 6600
1052 6567
3613 5646
4118 6557
2509 6551
2141 5775
4106 6484
2501 6480
1021 6470
68 6457
6501 5813
6506 5817
2153 5840
2465 6433
7010 5851
7446 5862
5442 6389
3703 5947
504 6387
979 6380
3712 5951
2422 6373
6551 5952
3729 5965
971 6364
41 6353
2420 6341
2206 5977
6681 6332
2220 6004
3772 6014
2389 6322
28 6307
3799 6016
6596 6055
7031 6056
5400 6274
3810 6062
2351 6247
3820 6066
2263 6081
6627 6152
896 6246
3900 6237
873 6176
7041 6195
3863 6196
6652 6221
3889 6216
5363 6210
